0 0.0299859 0.871289 0.059949 0.0725838 0.929856
0 0.882771 0.660568 0.0768707 0.0772358 0.927057
0 0.687194 0.636327 0.0797218 0.0791595 0.923528
2 0.943453 0.638388 0.0771729 0.0785933 0.92296
2 0.610305 0.869277 0.0760811 0.075993 0.922914
0 0.695149 0.878946 0.0767805 0.0775469 0.920662
0 0.67221 0.918783 0.0768159 0.0760649 0.919811
0 0.791194 0.838018 0.0786154 0.0787888 0.919353
0 0.499718 0.909515 0.0740262 0.0747055 0.918926
2 0.36662 0.786266 0.0766722 0.0765125 0.918044
2 0.331577 0.865371 0.0747386 0.0746448 0.917637
0 0.394724 0.218114 0.0771403 0.0765717 0.917319
0 0.657449 0.379077 0.0783319 0.0787363 0.91695
0 0.626096 0.664583 0.077809 0.0772547 0.916403
2 0.604615 0.88873 0.076231 0.0757824 0.916051
2 0.343376 0.785428 0.0755968 0.0762906 0.915578
2 0.601568 0.309568 0.0789269 0.0787519 0.915419
2 0.381679 0.136422 0.0764159 0.0759559 0.915105
0 0.350683 0.885648 0.0743251 0.0751495 0.915053
0 0.138987 0.706494 0.0763655 0.0757172 0.915036
0 0.494231 0.232064 0.0764381 0.0768003 0.914907
0 0.845333 0.386015 0.0774734 0.0773431 0.914722
0 0.15839 0.892227 0.0747143 0.0741955 0.914598
0 0.528865 0.247061 0.0776512 0.0775956 0.91439
0 0.665264 0.635392 0.0780729 0.0776325 0.914185
0 0.267835 0.886395 0.0748182 0.075271 0.914116
0 0.636519 0.907243 0.0769014 0.0762184 0.913837
0 0.805508 0.33759 0.0787044 0.0800622 0.913743
0 0.751033 0.767611 0.0783279 0.0772434 0.913553
0 0.546338 0.903888 0.0755969 0.07528 0.913469
2 0.772613 0.769257 0.0775671 0.0769661 0.913203
0 0.195135 0.705236 0.0756158 0.0750799 0.912662
1 0.332948 0.910787 0.0738929 0.0737957 0.912537
2 0.656629 0.919182 0.0760252 0.0755779 0.912316
0 0.807372 0.419746 0.0785063 0.0778138 0.911967
0 0.198129 0.861769 0.0752093 0.0752542 0.910789
0 0.883019 0.481452 0.0763247 0.0768852 0.91075
0 0.89736 0.721206 0.0773912 0.0766851 0.910725
0 0.720621 0.354192 0.078648 0.0792529 0.910697
0 0.583222 0.914498 0.0757364 0.0755837 0.910649
2 0.574155 0.854372 0.0759949 0.075304 0.910618
0 0.62322 0.898322 0.0771894 0.0769594 0.910469
0 0.908763 0.358699 0.0785854 0.0774121 0.910082
2 0.707533 0.365059 0.0794945 0.0802663 0.91005
0 0.47586 0.953007 0.0740368 0.0743317 0.909851
0 0.398509 0.131054 0.078617 0.0772727 0.909667
2 0.497111 0.198082 0.077628 0.0777655 0.909483
2 0.0824888 0.893602 0.0735365 0.0739128 0.908655
0 0.22267 0.891957 0.0749401 0.07498 0.908637
1 0.508805 0.334194 0.0780295 0.0784031 0.908634
2 0.942991 0.50876 0.0763805 0.0767886 0.908033
2 0.845926 0.671906 0.0774101 0.0769991 0.907893
2 0.839193 0.548428 0.0792744 0.0788332 0.907761
0 0.381526 0.793336 0.0769314 0.0764787 0.907687
0 0.897831 0.425973 0.0776543 0.0781229 0.907463
0 0.964733 0.452576 0.0705345 0.0773487 0.907392
2 0.592519 0.23151 0.0780972 0.0784038 0.907324
2 0.459555 0.93674 0.0739794 0.0736694 0.907129
0 0.420983 0.916943 0.0744152 0.0746437 0.907098
0 0.30887 0.876241 0.0740541 0.0745911 0.906867
1 0.693192 0.420386 0.0775446 0.0774854 0.906857
0 0.472618 0.256193 0.07791 0.0779562 0.906776
0 0.375236 0.844713 0.0758381 0.0755604 0.906041
1 0.745764 0.739506 0.0781327 0.0789444 0.905988
1 0.507259 0.15637 0.0772163 0.0776231 0.90525
2 0.795983 0.7794 0.0768476 0.0768135 0.905192
1 0.33305 0.833464 0.0750002 0.0749813 0.90503
1 0.683033 0.599697 0.0775342 0.0782959 0.904863
0 0.579645 0.894521 0.0755502 0.0747749 0.904846
2 0.927619 0.638681 0.0778109 0.0786768 0.904839
0 0.885951 0.435623 0.0765312 0.0761971 0.904604
0 0.590992 0.295207 0.0774039 0.076821 0.904506
0 0.265353 0.904098 0.0745862 0.0742228 0.904448
0 0.345205 0.856672 0.0754322 0.075358 0.904238
0 0.463774 0.887149 0.073691 0.0739136 0.904035
0 0.870494 0.742618 0.0770861 0.0767 0.903832
1 0.426579 0.176783 0.0766401 0.0765757 0.903796
1 0.901084 0.616618 0.0770626 0.0770598 0.90356
2 0.706085 0.805226 0.0770491 0.0767408 0.903553
2 0.932605 0.442304 0.0771351 0.0775106 0.903222
2 0.891755 0.744307 0.0773487 0.0764113 0.902801
2 0.67414 0.904572 0.0765821 0.0767376 0.902641
2 0.760148 0.801729 0.0782522 0.0783606 0.902612
2 0.54397 0.840906 0.076072 0.0764248 0.902476
2 0.455173 0.214667 0.0766584 0.0764319 0.902228
2 0.670402 0.843582 0.0768208 0.0773094 0.902032
2 0.641247 0.312316 0.078406 0.0777224 0.901189
1 0.725544 0.432378 0.0795843 0.0780072 0.901041
2 0.930416 0.422677 0.0771198 0.0778928 0.900855
0 0.943145 0.0372467 0.0792091 0.0744934 0.900675
2 0.938063 0.653598 0.0783504 0.0777321 0.900644
2 0.826157 0.626412 0.0789137 0.0787598 0.900559
0 0.938133 0.459103 0.0782719 0.0767639 0.90023
1 0.781683 0.704685 0.0781036 0.0777994 0.900112
1 0.35673 0.48515 0.0756742 0.0760461 0.90005
0 0.158786 0.916271 0.0755215 0.0748848 0.899611
2 0.33123 0.88314 0.0756196 0.075198 0.899536
0 0.252617 0.883242 0.0745984 0.0748505 0.899455
0 0.0532049 0.940498 0.0742066 0.0736645 0.899332
2 0.449261 0.951323 0.0743919 0.0744057 0.899244
1 0.125401 0.883475 0.074535 0.0742916 0.89885
0 0.027038 0.890544 0.0539159 0.0730602 0.898613
0 0.186907 0.929577 0.0761955 0.0757963 0.898447
1 0.775372 0.106648 0.0820627 0.0808334 0.898365
2 0.768876 0.401887 0.078364 0.0790322 0.898279
2 0.500368 0.311233 0.0786161 0.0781837 0.898266
0 0.882695 0.395108 0.0768126 0.0759755 0.898012
0 0.960585 0.383545 0.0770916 0.0772769 0.897903
0 0.516729 0.830343 0.0760172 0.0758961 0.897807
1 0.755189 0.443673 0.0777544 0.077313 0.897771
0 0.0783721 0.942967 0.0745974 0.0741701 0.897752
1 0.659666 0.661048 0.0768139 0.0769542 0.897545
1 0.780096 0.931945 0.0773083 0.0776995 0.897164
1 0.714475 0.627202 0.0796099 0.0790197 0.897109
2 0.562193 0.0884197 0.0809515 0.0805817 0.896867
1 0.787643 0.897819 0.0791729 0.0785454 0.896146
2 0.444195 0.921614 0.0735592 0.0735947 0.896139
0 0.212658 0.963715 0.0735893 0.071225 0.896126
1 0.853498 0.0852239 0.0791542 0.0794299 0.895761
2 0.233162 0.930325 0.0747297 0.0746263 0.895581
2 0.843687 0.773977 0.0763081 0.0768735 0.89554
0 0.0689739 0.916059 0.0740121 0.0732473 0.895372
1 0.332861 0.562244 0.0749828 0.0746368 0.895349
1 0.827579 0.498438 0.077145 0.0769039 0.89532
1 0.799072 0.685269 0.0780432 0.0789331 0.894913
0 0.645591 0.846812 0.0768379 0.0769596 0.894535
0 0.8489 0.0384742 0.0804558 0.0764148 0.894309
2 0.950509 0.372575 0.0797489 0.078992 0.894236
1 0.633026 0.587536 0.0769492 0.0774292 0.893905
0 0.62833 0.861516 0.0759357 0.0769115 0.893411
0 0.444831 0.200623 0.0766569 0.0768344 0.893278
1 0.591658 0.610863 0.0774881 0.0768932 0.893137
1 0.807992 0.0734247 0.0800793 0.0803873 0.89302
1 0.703331 0.577515 0.0780573 0.0785204 0.892996
0 0.970978 0.39325 0.0580446 0.0778372 0.892897
0 0.960796 0.437108 0.0770729 0.0779159 0.892884
1 0.741776 0.112711 0.0801004 0.0804653 0.89283
1 0.319471 0.941209 0.0733226 0.0725712 0.892787
1 0.660353 0.262403 0.0815153 0.0811604 0.892628
1 0.323554 0.499012 0.0744764 0.0745251 0.892543
1 0.691001 0.235114 0.0794416 0.0804163 0.892482
2 0.802965 0.96686 0.0762497 0.0662802 0.892436
2 0.417514 0.244273 0.0778305 0.0777599 0.892423
1 0.254362 0.945825 0.0737838 0.0732718 0.891931
2 0.477752 0.221334 0.0773777 0.077214 0.89187
0 0.313643 0.857251 0.0752146 0.074749 0.891574
1 0.566259 0.0554754 0.0787668 0.0794219 0.891553
1 0.672208 0.439251 0.0777864 0.077713 0.891532
1 0.187176 0.343003 0.0751718 0.0751003 0.891436
2 0.266136 0.458233 0.0759267 0.0757871 0.891399
1 0.531638 0.0577762 0.0781481 0.0773144 0.891313
2 0.920705 0.0278227 0.0782669 0.0556137 0.8912
1 0.356373 0.466943 0.0761947 0.076222 0.89119
2 0.963379 0.716481 0.0722572 0.0765816 0.891104
2 0.525001 0.87727 0.0753141 0.0750685 0.890523
1 0.73915 0.617806 0.0782131 0.0782887 0.890458
2 0.854562 0.68527 0.0779858 0.0782613 0.890243
1 0.958638 0.313691 0.0772747 0.0767385 0.89019
0 0.970634 0.659122 0.0587317 0.0785351 0.890043
1 0.280834 0.283962 0.0773884 0.0771879 0.89001
1 0.762123 0.0729615 0.0809143 0.0803565 0.889883
1 0.544127 0.173413 0.078142 0.0786581 0.889837
2 0.690955 0.844113 0.0772585 0.0768875 0.889832
1 0.6232 0.270404 0.079496 0.0789919 0.889809
1 0.663211 0.406079 0.0789223 0.0777987 0.889784
2 0.971077 0.500627 0.0578455 0.0772655 0.889627
1 0.633292 0.210812 0.079694 0.0807145 0.889557
1 0.386809 0.55889 0.0777762 0.0773812 0.88952
1 0.794259 0.509879 0.0789904 0.0800627 0.889489
1 0.539862 0.13992 0.079738 0.0798244 0.889339
1 0.703039 0.162876 0.0785536 0.079299 0.889213
1 0.523427 0.743297 0.0773609 0.0765085 0.888661
2 0.443701 0.269133 0.0783525 0.0780799 0.888221
0 0.135197 0.0245833 0.0761282 0.0488472 0.888003
2 0.753271 0.845695 0.0785976 0.0777422 0.887593
1 0.863226 0.567439 0.0774395 0.0773154 0.887522
2 0.878925 0.416061 0.0768002 0.076676 0.887479
1 0.563254 0.657536 0.0777546 0.0771572 0.887321
0 0.93969 0.727637 0.0783035 0.0780741 0.887316
1 0.78016 0.4917 0.0788166 0.0790001 0.887142
2 0.13095 0.958735 0.0751014 0.0752296 0.887121
1 0.634488 0.524037 0.0789652 0.0796048 0.886646
1 0.566487 0.953717 0.0761782 0.0762327 0.88645
1 0.906584 0.0948429 0.0790749 0.0784482 0.886394
0 0.97345 0.333443 0.0529755 0.0791178 0.886238
1 0.38472 0.340254 0.0770763 0.0774411 0.886221
1 0.608207 0.145049 0.0797112 0.0801335 0.88621
0 0.961548 0.506318 0.0743927 0.0767444 0.885813
1 0.696845 0.740784 0.0786249 0.0794609 0.885702
1 0.582535 0.0370713 0.0801058 0.0741425 0.885687
1 0.860001 0.334251 0.0796043 0.0790906 0.885426
1 0.665337 0.605313 0.0771011 0.0772866 0.885226
1 0.554248 0.72101 0.0776894 0.0778065 0.885112
1 0.59908 0.707353 0.0779283 0.0773365 0.885086
1 0.779291 0.648136 0.0787517 0.0790462 0.884867
1 0.276913 0.306812 0.0776862 0.0770638 0.884741
1 0.815897 0.941669 0.0777058 0.0772406 0.884699
1 0.538594 0.0372882 0.0789189 0.0745765 0.884635
1 0.367708 0.524807 0.0763373 0.0762056 0.884576
2 0.350811 0.1269 0.0769375 0.0763049 0.88455
1 0.818997 0.220442 0.0802885 0.0805684 0.88453
2 0.121059 0.0287225 0.0751057 0.0568396 0.884521
1 0.685174 0.188383 0.0806595 0.0811958 0.884341
1 0.773443 0.593375 0.079858 0.078887 0.884324
1 0.272772 0.0375304 0.0771503 0.07431 0.884306
1 0.605114 0.587358 0.0771955 0.0779708 0.884218
2 0.807067 0.372697 0.0778524 0.0772231 0.884189
0 0.177167 0.452347 0.0772316 0.0775768 0.883844
1 0.619557 0.770315 0.077737 0.0774346 0.883753
2 0.410764 0.86051 0.0761344 0.0759706 0.883737
1 0.809613 0.102415 0.0816589 0.0811617 0.883482
1 0.718967 0.572925 0.0785484 0.079434 0.882965
1 0.724642 0.0572747 0.0796473 0.0784716 0.882923
1 0.665245 0.205269 0.0798342 0.0799682 0.882747
1 0.666239 0.282864 0.0804224 0.0795951 0.88247
1 0.542161 0.697627 0.0786813 0.0781897 0.882451
0 0.240055 0.887669 0.0746188 0.0749567 0.882357
1 0.70924 0.129732 0.0801205 0.0793175 0.881812
0 0.428027 0.884548 0.0741887 0.0747076 0.881794
1 0.632145 0.621144 0.0764509 0.0763327 0.881781
1 0.301629 0.257471 0.0777688 0.077052 0.881755
1 0.293903 0.0752667 0.0763477 0.0762882 0.881665
2 0.520906 0.860111 0.0750992 0.0755171 0.881417
1 0.111861 0.703839 0.0760401 0.0756014 0.88126
2 0.822622 0.358365 0.0788326 0.0783587 0.880904
1 0.267977 0.0292945 0.0771472 0.05845 0.880797
1 0.764135 0.719038 0.0785767 0.0776563 0.880357
2 0.205579 0.938504 0.0737356 0.0728735 0.880171
1 0.501844 0.350831 0.0787795 0.0782652 0.88005
1 0.651969 0.735721 0.0766415 0.0767758 0.879955
2 0.827485 0.643329 0.0782406 0.0779093 0.879951
1 0.599437 0.557388 0.0766123 0.0768258 0.879702
1 0.669527 0.720666 0.0778128 0.0779132 0.879604
1 0.171953 0.320458 0.0754636 0.075279 0.879589
1 0.703591 0.19783 0.080595 0.081477 0.879336
1 0.531293 0.413597 0.0773451 0.0769676 0.87931
1 0.450045 0.560606 0.0802671 0.0795925 0.879215
2 0.388 0.116312 0.0784936 0.0777687 0.879196
1 0.785403 0.572115 0.0800101 0.0793616 0.87913
1 0.584126 0.441285 0.0788111 0.0788232 0.878999
1 0.46596 0.710148 0.0765323 0.0769045 0.878627
0 0.0399257 0.903717 0.0739756 0.0743372 0.878404
1 0.554055 0.749452 0.0775712 0.0786566 0.878305
1 0.768968 0.557397 0.0795505 0.0795655 0.87815
0 0.175402 0.944334 0.0747818 0.073889 0.878019
0 0.45792 0.247751 0.0773376 0.078121 0.877856
1 0.87605 0.616448 0.0784252 0.0779661 0.877773
2 0.10824 0.949886 0.0737259 0.0731541 0.877548
1 0.519495 0.581231 0.0773408 0.0770018 0.877536
2 0.322688 0.787393 0.0759148 0.076131 0.877357
0 0.2036 0.7376 0.0749822 0.0744326 0.877069
2 0.894008 0.756343 0.0771622 0.0771001 0.876951
1 0.730409 0.713537 0.0780266 0.0782324 0.876866
0 0.556564 0.890856 0.0756308 0.0753937 0.876805
1 0.941648 0.114832 0.0799072 0.0804969 0.87677
1 0.754788 0.967932 0.0780614 0.0641356 0.876657
2 0.582632 0.339547 0.0780081 0.0785972 0.876544
1 0.708387 0.607562 0.0781817 0.078607 0.876377
1 0.599033 0.743086 0.0780322 0.0779556 0.876165
1 0.62618 0.697072 0.078273 0.0778638 0.876125
1 0.278713 0.721041 0.0765928 0.0765114 0.876047
1 0.838537 0.939618 0.0783163 0.0787441 0.875997
1 0.578471 0.177724 0.0790067 0.0794352 0.875981
1 0.540333 0.966283 0.0740685 0.067304 0.875949
1 0.870618 0.0674008 0.0803452 0.0795204 0.87591
1 0.816014 0.0332082 0.0799175 0.0662739 0.875734
1 0.9305 0.77298 0.0768951 0.0767191 0.875169
1 0.305091 0.491067 0.0750823 0.07531 0.875155
1 0.256465 0.762822 0.074696 0.0744425 0.875043
1 0.761447 0.611849 0.0793984 0.0795729 0.874862
1 0.358634 0.272739 0.0776224 0.0775572 0.874514
1 0.801441 0.239322 0.0793915 0.0794706 0.874343
1 0.771016 0.243226 0.0811203 0.0806829 0.874293
1 0.590475 0.63897 0.0774473 0.0770112 0.874234
1 0.63155 0.237255 0.0795004 0.0804456 0.874168
1 0.600776 0.195852 0.0796074 0.0790632 0.87386
1 0.53302 0.56613 0.0781839 0.0779581 0.873777
1 0.670885 0.239203 0.080117 0.0807702 0.873303
1 0.644787 0.78821 0.0775376 0.0789301 0.873264
1 0.353452 0.687118 0.076292 0.0762976 0.873249
1 0.430582 0.758835 0.0758784 0.0756264 0.872807
1 0.308514 0.547568 0.0745777 0.0745352 0.872753
0 0.0325056 0.898022 0.0650111 0.0726627 0.872526
2 0.392968 0.843273 0.075629 0.0761787 0.872257
1 0.791431 0.619754 0.0798546 0.0791918 0.872108
1 0.677391 0.741583 0.0781729 0.0787117 0.872081
1 0.566388 0.210401 0.0778656 0.0784572 0.872063
2 0.75479 0.880767 0.0784401 0.0781628 0.872026
1 0.730942 0.644536 0.0781618 0.0784355 0.871655
0 0.978838 0.240834 0.0423244 0.0790846 0.871324
1 0.434258 0.58359 0.0783862 0.0779652 0.871242
1 0.260355 0.278343 0.0752118 0.0768203 0.870852
1 0.391128 0.758234 0.0751107 0.0744986 0.870565
1 0.39887 0.508759 0.0774094 0.0775395 0.870549
1 0.564413 0.388554 0.079077 0.0793185 0.870385
0 0.168834 0.970055 0.074661 0.0598907 0.870328
1 0.722046 0.21566 0.0801266 0.0801814 0.869605
1 0.282279 0.266553 0.0775133 0.0773031 0.869464
2 0.81252 0.825265 0.0786396 0.0788353 0.86946
1 0.685781 0.705055 0.0789965 0.0784275 0.869456
1 0.766029 0.0448671 0.0783867 0.0784947 0.86928
0 0.500309 0.881626 0.0745071 0.0746616 0.869272
1 0.495792 0.767207 0.0772832 0.0772764 0.869165
1 0.448775 0.736874 0.0771253 0.0776094 0.869
1 0.584168 0.0688392 0.0798962 0.0803343 0.868831
2 0.971418 0.485775 0.0571637 0.0761888 0.86883
1 0.331143 0.525369 0.0754581 0.0754106 0.868383
1 0.808578 0.196443 0.0813427 0.0812063 0.868316
1 0.720368 0.68306 0.0791636 0.0783529 0.868002
1 0.518911 0.778675 0.0762897 0.0763263 0.867583
1 0.783229 0.21856 0.0802443 0.0801572 0.867394
1 0.0470758 0.0427015 0.0730593 0.0741965 0.866985
1 0.2433 0.970398 0.0746867 0.0590137 0.86676
1 0.540973 0.376453 0.0779635 0.0794588 0.866701
1 0.836193 0.115192 0.0828861 0.0824756 0.866286
1 0.0305318 0.700198 0.0608806 0.0747337 0.865744
2 0.368466 0.119421 0.0761934 0.0761195 0.864769
1 0.497837 0.494545 0.0797006 0.0793888 0.864369
1 0.820233 0.68582 0.0786303 0.0792558 0.863811
2 0.294829 0.842066 0.0754949 0.0749884 0.863262
1 0.874529 0.692036 0.0771515 0.0769249 0.863235
1 0.719445 0.178907 0.0804564 0.0807555 0.862962
1 0.512781 0.374521 0.0790266 0.0794628 0.862944
2 0.976867 0.389998 0.0462651 0.0792009 0.862894
1 0.400663 0.941009 0.0736855 0.0737993 0.862433
0 0.621951 0.828923 0.0763666 0.0768783 0.861726
1 0.716647 0.540445 0.0799974 0.0804674 0.861396
1 0.372059 0.647873 0.0761809 0.0764172 0.861339
1 0.906819 0.570215 0.0774704 0.0778158 0.861171
1 0.664284 0.468841 0.0806468 0.0796801 0.861161
1 0.496637 0.0323547 0.0776567 0.0646016 0.861077
1 0.181279 0.815374 0.0754514 0.0751337 0.861071
1 0.810218 0.454618 0.0789264 0.0780718 0.86102
1 0.886458 0.823687 0.0789984 0.0790071 0.860855
1 0.0883152 0.82115 0.0742998 0.0745951 0.860743
1 0.803372 0.131044 0.0810142 0.0809631 0.860687
1 0.254086 0.22722 0.0786884 0.0788757 0.860666
1 0.831277 0.307824 0.0796827 0.0796664 0.860297
2 0.92052 0.0774558 0.0795897 0.080599 0.859682
1 0.729475 0.259131 0.0804577 0.0804609 0.858939
1 0.343859 0.647958 0.0769094 0.0764614 0.858521
1 0.510173 0.134628 0.0791781 0.0785769 0.858415
1 0.743378 0.421959 0.0779641 0.0783195 0.857968
1 0.346285 0.507776 0.0748482 0.0751322 0.857942
2 0.538824 0.331474 0.0781071 0.0775593 0.857641
1 0.368766 0.0622517 0.0778499 0.0782581 0.857591
1 0.787897 0.533125 0.0796267 0.0789578 0.857242
1 0.825081 0.95753 0.0771036 0.0782026 0.857206
1 0.0700281 0.0970352 0.0755265 0.0762223 0.857185
1 0.492622 0.725607 0.0763109 0.0761253 0.856447
1 0.439525 0.679765 0.0758042 0.0755449 0.856263
1 0.899683 0.871236 0.0792225 0.0783327 0.854233
1 0.0329874 0.190399 0.0659747 0.0734517 0.854095
1 0.469609 0.328153 0.0774467 0.0780186 0.853717
0 0.412089 0.881273 0.0754699 0.0750072 0.853567
0 0.971514 0.76321 0.0569725 0.0775837 0.853521
1 0.13546 0.684016 0.0753592 0.0755281 0.853233
2 0.960946 0.594673 0.0775402 0.0780048 0.852865
1 0.735924 0.0894876 0.0799034 0.0796288 0.852806
1 0.196405 0.668083 0.0759433 0.0759653 0.852368
1 0.881782 0.79531 0.0781559 0.0780863 0.852268
1 0.436929 0.712839 0.0754705 0.0750333 0.85155
1 0.38108 0.0805405 0.0776489 0.0777471 0.850912
1 0.728091 0.238337 0.0815983 0.0817293 0.850569
1 0.908715 0.850592 0.0784649 0.0782932 0.85039
1 0.806749 0.312563 0.0790352 0.0807897 0.850067
1 0.623903 0.172876 0.0812756 0.0802767 0.849395
2 0.235089 0.0943703 0.0784129 0.0782338 0.848969
1 0.194559 0.0334389 0.0770905 0.0668026 0.848931
1 0.798955 0.267461 0.0796392 0.0797373 0.848928
2 0.58717 0.321125 0.0784275 0.0779387 0.848861
1 0.34428 0.18308 0.0759531 0.0757563 0.848708
1 0.369292 0.727862 0.0752766 0.0750134 0.848631
1 0.0774234 0.684915 0.0756735 0.0755682 0.848456
1 0.576615 0.759375 0.0780624 0.0775722 0.848368
0 0.513671 0.288323 0.0770378 0.0778082 0.848242
1 0.267284 0.32493 0.0757754 0.0754066 0.847533
1 0.567999 0.579057 0.0774649 0.0774136 0.847456
1 0.0906537 0.730216 0.0753559 0.075222 0.847321
0 0.97275 0.37066 0.0545002 0.0781616 0.846446
1 0.705742 0.96681 0.074462 0.0663799 0.846307
2 0.822281 0.974094 0.0796639 0.0518124 0.846134
1 0.759112 0.576488 0.0801499 0.079763 0.845661
2 0.398667 0.772398 0.0755049 0.075438 0.845412
1 0.599316 0.431629 0.0788692 0.0790032 0.845002
0 0.659086 0.970089 0.076617 0.0598221 0.84498
1 0.709646 0.238945 0.0803347 0.0803786 0.844845
2 0.95554 0.542296 0.0756779 0.0755154 0.844289
1 0.969715 0.172365 0.0605705 0.0799846 0.8435
1 0.298193 0.516528 0.0746631 0.0751745 0.843448
2 0.829554 0.60962 0.0779165 0.0784664 0.843147
1 0.865895 0.52186 0.0782574 0.0776493 0.842915
1 0.292527 0.355555 0.0769444 0.0765563 0.842785
2 0.134075 0.032494 0.075852 0.0644233 0.842601
1 0.931744 0.824208 0.0775112 0.0789448 0.842322
1 0.731785 0.959921 0.0778949 0.0758375 0.842308
1 0.257242 0.255687 0.0771664 0.0773182 0.84229
0 0.245253 0.812503 0.0741529 0.0741709 0.842173
1 0.748858 0.67354 0.0790478 0.0786508 0.842109
0 0.0188726 0.934485 0.0377452 0.0732765 0.841561
1 0.539327 0.626828 0.0768768 0.0767367 0.84119
1 0.295398 0.466742 0.0763528 0.0761553 0.840776
1 0.643064 0.710017 0.0784503 0.0783283 0.840502
1 0.703232 0.448378 0.0780361 0.0785325 0.840323
2 0.101655 0.965863 0.0748529 0.0682747 0.840288
1 0.875199 0.217681 0.0817463 0.0799371 0.840063
1 0.911326 0.780831 0.079388 0.0784817 0.84005
1 0.279705 0.787872 0.0751395 0.0744992 0.839643
1 0.901659 0.528625 0.0766172 0.0768097 0.838988
1 0.388261 0.0311833 0.0781213 0.0620468 0.838979
1 0.93397 0.915779 0.0782642 0.0779383 0.838337
1 0.681611 0.542818 0.0787682 0.0780979 0.838063
2 0.978304 0.458561 0.0433913 0.077159 0.837821
1 0.392815 0.621132 0.0755037 0.0756199 0.837583
1 0.536371 0.451584 0.0788717 0.0790167 0.83755
1 0.539754 0.504431 0.0790689 0.0785632 0.837372
2 0.409008 0.605111 0.0771644 0.0771442 0.837176
2 0.716784 0.789807 0.0767836 0.0771799 0.836847
1 0.695037 0.299701 0.080265 0.0820754 0.836232
1 0.532258 0.0277666 0.0749899 0.0554757 0.835986
1 0.0355401 0.15611 0.0710802 0.0771277 0.83538
1 0.317451 0.241543 0.0774455 0.0770389 0.83505
2 0.963045 0.419622 0.073909 0.0771878 0.834614
1 0.349046 0.264148 0.0771976 0.0769029 0.834518
1 0.178888 0.631074 0.0764825 0.0760194 0.834151
1 0.510404 0.43749 0.0792495 0.0794013 0.833972
1 0.955703 0.0221559 0.0785837 0.0443117 0.833686
1 0.297749 0.339694 0.0760417 0.0757195 0.833055
2 0.700626 0.65082 0.0791354 0.0792999 0.832544
0 0.116025 0.969151 0.07534 0.0616971 0.832148
1 0.493666 0.0860209 0.0778229 0.0789731 0.83183
1 0.391904 0.531246 0.0777787 0.0777226 0.831306
2 0.22628 0.107804 0.0790175 0.0785598 0.831046
1 0.226687 0.792835 0.0745193 0.0741537 0.8308
1 0.362285 0.553478 0.0753071 0.0753845 0.829913
1 0.96493 0.242343 0.069854 0.0774016 0.829685
1 0.228084 0.0352249 0.0768693 0.0704497 0.828875
1 0.155329 0.448706 0.0759118 0.0773182 0.828323
0 0.894867 0.401505 0.0768736 0.0769008 0.828149
2 0.879591 0.0214928 0.077562 0.0429857 0.827791
1 0.0293116 0.628166 0.0586233 0.0720171 0.827194
1 0.56405 0.618463 0.0780663 0.0770654 0.826154
1 0.439452 0.0332623 0.0785194 0.0661555 0.825511
1 0.48292 0.650147 0.0761579 0.0757755 0.824495
1 0.107262 0.674862 0.0762545 0.0759897 0.824133
1 0.363653 0.241996 0.0765738 0.0761384 0.823465
1 0.117303 0.72841 0.0759768 0.0756628 0.822044
2 0.237478 0.12457 0.0794556 0.0791177 0.82173
2 0.141209 0.933442 0.0751936 0.0748291 0.820967
0 0.929706 0.03911 0.0782757 0.0767073 0.820571
2 0.178251 0.865217 0.0755972 0.075351 0.818833
2 0.977796 0.220569 0.0444082 0.0788814 0.818579
2 0.449207 0.883956 0.0736294 0.0746561 0.817537
2 0.538317 0.086696 0.0785637 0.0786387 0.817304
2 0.743451 0.177035 0.0811844 0.0823309 0.817091
1 0.134375 0.319669 0.0765868 0.0755593 0.816535
0 0.187321 0.957444 0.0758296 0.0746569 0.816138
1 0.587162 0.0224563 0.0783369 0.0449127 0.815956
1 0.770335 0.28657 0.0814711 0.0825593 0.815333
1 0.303362 0.7048 0.0771662 0.0769948 0.81505
1 0.497587 0.375384 0.0768097 0.0769819 0.814524
1 0.416365 0.703005 0.0753283 0.0751326 0.81442
1 0.352012 0.305415 0.0772023 0.0764852 0.813483
1 0.581528 0.363298 0.0779457 0.0799378 0.81165
1 0.619731 0.226772 0.0792698 0.0804192 0.810593
1 0.366166 0.425754 0.0764162 0.0767552 0.80962
1 0.886158 0.0790325 0.0798328 0.0795716 0.809077
1 0.329367 0.541869 0.0746086 0.0744288 0.80885
2 0.825428 0.330121 0.0777493 0.0780855 0.807478
1 0.415762 0.669618 0.0751453 0.0751501 0.805727
1 0.429834 0.657843 0.075063 0.0751474 0.805526
1 0.268045 0.966137 0.0730824 0.0676353 0.805477
2 0.675994 0.562606 0.0796294 0.0794573 0.805043
2 0.968894 0.228728 0.0622128 0.078735 0.804764
1 0.20627 0.0581245 0.0771513 0.0767031 0.804428
1 0.314573 0.385356 0.0767846 0.0765169 0.803742
0 0.974433 0.681909 0.0511337 0.0777184 0.803711
2 0.770854 0.196408 0.0821707 0.0819993 0.803659
1 0.135487 0.824451 0.0751885 0.0753454 0.80233
2 0.735581 0.773191 0.0782172 0.0781358 0.802159
0 0.0167127 0.88546 0.0334254 0.0715618 0.800943
1 0.624259 0.976374 0.0750275 0.047245 0.800869
1 0.368664 0.916255 0.0733477 0.0734764 0.800346
1 0.722143 0.756999 0.0774271 0.077552 0.800088
2 0.333229 0.13601 0.0768904 0.076925 0.800063
1 0.0893141 0.119435 0.0758312 0.0759817 0.800016
2 0.962353 0.151232 0.0738792 0.0776899 0.79986
2 0.669074 0.340648 0.0791218 0.0787554 0.799195
1 0.0248817 0.602281 0.0494367 0.0702226 0.798295
1 0.0724216 0.663695 0.0752672 0.0757979 0.798244
2 0.620392 0.447208 0.0797031 0.0792458 0.796646
1 0.962598 0.343231 0.0748046 0.0784512 0.796057
1 0.09825 0.651921 0.0739347 0.0744326 0.795648
1 0.948984 0.190682 0.0809681 0.0806531 0.794829
2 0.860575 0.028138 0.0792166 0.0562273 0.794518
2 0.682017 0.146893 0.0791595 0.0800505 0.79384
0 0.121958 0.975598 0.0749397 0.0488048 0.792427
1 0.781528 0.0314459 0.079369 0.0626508 0.791996
1 0.411661 0.0321644 0.0784263 0.0642029 0.791549
1 0.180313 0.270166 0.0762904 0.075937 0.79095
1 0.971261 0.268376 0.0571999 0.079462 0.790149
0 0.695067 0.327307 0.0788592 0.0793176 0.787107
1 0.816676 0.468472 0.0772409 0.0773331 0.786399
1 0.515442 0.679416 0.0766916 0.0772318 0.783701
1 0.0429649 0.605434 0.0738778 0.07329 0.783049
1 0.141678 0.661564 0.0750998 0.0751157 0.781563
1 0.871168 0.600018 0.0778698 0.078014 0.780584
1 0.451468 0.663599 0.0770809 0.0765134 0.779334
1 0.199102 0.636305 0.0758433 0.0754732 0.779193
1 0.0216145 0.314865 0.043229 0.0760632 0.777631
1 0.445869 0.639573 0.0769432 0.0775594 0.776708
1 0.875941 0.100664 0.0786493 0.0790716 0.775781
2 0.853449 0.436349 0.0762335 0.0761413 0.775643
1 0.374425 0.452656 0.0748932 0.0747194 0.775078
2 0.756491 0.17237 0.0821 0.0829777 0.774906
1 0.0263472 0.0348312 0.0524624 0.0682737 0.774381
1 0.888174 0.960478 0.0757956 0.075845 0.773491
2 0.215457 0.858186 0.0747242 0.074852 0.772608
1 0.463248 0.585366 0.080196 0.0798004 0.771912
2 0.980136 0.607071 0.0397289 0.0788952 0.771309
2 0.0166406 0.843331 0.0332812 0.0736212 0.771109
2 0.806759 0.744574 0.0767939 0.0765232 0.770465
1 0.804118 0.862056 0.0777485 0.0782938 0.770369
2 0.208819 0.325924 0.075697 0.0764335 0.768604
1 0.281917 0.499488 0.0743303 0.0745581 0.768278
1 0.411961 0.332848 0.0765852 0.0763341 0.767699
1 0.965412 0.804621 0.0691437 0.0781443 0.76619
1 0.251537 0.785006 0.0743902 0.0747364 0.765303
2 0.627654 0.920144 0.0751536 0.0751846 0.764778
1 0.607665 0.405764 0.0787902 0.0786249 0.7635
1 0.409124 0.155224 0.0774091 0.0779737 0.762852
1 0.466327 0.0221518 0.0763966 0.0443035 0.760936
2 0.0261156 0.915842 0.0519905 0.0737143 0.760365
1 0.879865 0.121431 0.0792515 0.0790741 0.759001
1 0.282714 0.480676 0.074794 0.0752133 0.758889
0 0.890163 0.730659 0.0770704 0.0764214 0.758601
1 0.860639 0.783381 0.0776691 0.0775887 0.758258
2 0.251878 0.867474 0.0741077 0.0744829 0.755615
0 0.134873 0.981368 0.0739036 0.0370918 0.755315
2 0.259308 0.134008 0.0783187 0.0786724 0.752865
2 0.73916 0.822324 0.0772802 0.07717 0.752474
1 0.302725 0.376754 0.0772661 0.0774296 0.752083
1 0.398951 0.0197011 0.0764833 0.0394021 0.751479
2 0.433003 0.607062 0.0784006 0.0778866 0.751264
2 0.0259952 0.575448 0.0515126 0.0739635 0.74909
2 0.946939 0.621142 0.0782528 0.0778888 0.745939
1 0.375154 0.590777 0.0749564 0.0753846 0.745498
1 0.369443 0.0886773 0.0757566 0.0761758 0.745122
1 0.0202452 0.177719 0.0404905 0.0737978 0.74484
1 0.0428712 0.528806 0.0754471 0.075162 0.743992
1 0.821437 0.92283 0.0772323 0.0772549 0.743302
1 0.265089 0.205092 0.0772216 0.0779157 0.742339
1 0.505648 0.108507 0.0788453 0.0789073 0.741623
1 0.465981 0.626627 0.07768 0.077435 0.741455
1 0.246352 0.0203942 0.0748557 0.0407884 0.740668
1 0.0265951 0.213909 0.0531902 0.0726797 0.740478
2 0.901564 0.496121 0.0770771 0.0767338 0.739575
1 0.208294 0.57391 0.0761777 0.0758174 0.739377
1 0.520606 0.932384 0.0744568 0.0744122 0.738937
2 0.703524 0.379203 0.0788898 0.0781358 0.73558
1 0.313561 0.565848 0.0757402 0.0758734 0.735172
2 0.966578 0.535434 0.0664722 0.0766068 0.734904
0 0.917307 0.677233 0.0765476 0.0766701 0.734049
1 0.739042 0.915991 0.077649 0.0769459 0.733263
1 0.368369 0.702261 0.0753809 0.0755954 0.732799
1 0.153594 0.494004 0.076819 0.0764981 0.730364
1 0.0524044 0.782643 0.0738582 0.0739012 0.729579
1 0.952913 0.780884 0.0763641 0.0773968 0.727492
1 0.758644 0.0241551 0.0755203 0.0480798 0.72591
2 0.962117 0.557915 0.0753193 0.0772029 0.725696
1 0.853133 0.96627 0.0781017 0.0674605 0.723927
1 0.176411 0.50439 0.0768045 0.0772203 0.721473
2 0.710879 0.330477 0.0804369 0.0800448 0.718514
1 0.321006 0.582204 0.0741598 0.0740334 0.718252
1 0.472962 0.538615 0.0778246 0.077659 0.718229
1 0.282263 0.0659856 0.0749713 0.0747656 0.716386
0 0.474975 0.877612 0.073044 0.0739326 0.712537
1 0.712193 0.0269044 0.0760704 0.0536938 0.712497
2 0.971299 0.0818464 0.0569819 0.0795095 0.711667
1 0.369075 0.977467 0.0710641 0.0450654 0.709945
0 0.963779 0.686001 0.0724426 0.078096 0.70722
2 0.687971 0.132132 0.079302 0.0794739 0.706663
2 0.0290356 0.288147 0.0577699 0.0751506 0.70639
1 0.471627 0.816079 0.073575 0.0745801 0.705582
1 0.636569 0.478517 0.0781979 0.0781603 0.70476
1 0.488078 0.0506035 0.0761474 0.0769026 0.70309
1 0.225139 0.0175041 0.0748697 0.0350082 0.703033
2 0.650667 0.430237 0.0804485 0.0794552 0.702323
1 0.530439 0.527568 0.078282 0.0781777 0.701238
1 0.829874 0.13938 0.0798061 0.0798946 0.700093
1 0.254402 0.692491 0.0757458 0.0755726 0.699867
1 0.0178903 0.0445424 0.035618 0.0708164 0.698826
1 0.479347 0.680471 0.0761971 0.0769243 0.696075
1 0.784991 0.461841 0.0789737 0.0792956 0.695862
1 0.0280205 0.461225 0.0560409 0.0736935 0.695677
1 0.115841 0.811539 0.0754748 0.0751253 0.695094
1 0.230986 0.231662 0.0774338 0.0769361 0.694215
2 0.0568036 0.969563 0.0740092 0.0608744 0.693906
1 0.044971 0.508219 0.0748081 0.0744675 0.693037
1 0.398685 0.266159 0.0784633 0.0786421 0.692009
1 0.932096 0.582084 0.0777603 0.0776354 0.691593
1 0.230983 0.563259 0.0758389 0.0758379 0.690665
1 0.879231 0.640625 0.0776684 0.0768749 0.690356
1 0.430747 0.0192314 0.0766318 0.0384628 0.686595
1 0.184785 0.0171335 0.0754414 0.0342669 0.686531
1 0.420581 0.287367 0.0768656 0.0763588 0.684902
1 0.306687 0.135999 0.0771116 0.0782266 0.684852
1 0.0330245 0.0232047 0.0654419 0.0463679 0.684708
1 0.218381 0.0431015 0.0766724 0.0759867 0.68012
1 0.7552 0.545817 0.0792187 0.0800454 0.677097
1 0.65997 0.760556 0.0776209 0.0784079 0.676094
1 0.279308 0.983099 0.0740912 0.0338028 0.676046
1 0.561001 0.350994 0.0774211 0.0771218 0.675852
1 0.298827 0.978093 0.0721919 0.0438143 0.675491
1 0.312999 0.970583 0.0726071 0.0585964 0.675459
1 0.812798 0.290435 0.0809431 0.0813221 0.6749
0 0.518811 0.260957 0.0774963 0.077466 0.674269
1 0.232515 0.256275 0.0761218 0.0755982 0.674198
2 0.175826 0.715189 0.0750249 0.0751177 0.670296
1 0.253169 0.337039 0.075197 0.076174 0.666361
2 0.329489 0.0886692 0.075262 0.0750123 0.660007
1 0.779599 0.633066 0.0777796 0.0773857 0.659343
1 0.206992 0.256039 0.0765974 0.0770176 0.659209
1 0.766039 0.525852 0.0780827 0.0799526 0.658932
1 0.282743 0.538573 0.0744665 0.0741488 0.658413
1 0.413542 0.732362 0.0738953 0.0750402 0.656779
2 0.926558 0.021689 0.0783806 0.043378 0.656246
1 0.720847 0.971534 0.0740759 0.0569313 0.655996
1 0.805086 0.706649 0.0779516 0.0768269 0.655625
1 0.117475 0.320384 0.0768247 0.0754772 0.655608
2 0.916269 0.591627 0.0772758 0.0769468 0.655283
1 0.46653 0.466743 0.0780489 0.07832 0.652777
1 0.0665044 0.234128 0.0760961 0.0764639 0.652607
1 0.20731 0.222459 0.0770087 0.0769633 0.65034
1 0.345967 0.96514 0.071913 0.0685993 0.650265
2 0.800073 0.722436 0.0777649 0.0773136 0.647979
1 0.415301 0.627692 0.0750865 0.0754305 0.64795
1 0.0248254 0.787684 0.0493233 0.0742353 0.644391
1 0.572162 0.597593 0.0772865 0.0766184 0.642954
1 0.689126 0.0489284 0.0789204 0.0780921 0.640871
1 0.0181647 0.0913276 0.0361599 0.071288 0.63809
1 0.349348 0.721753 0.0757379 0.0768785 0.63598
1 0.9712 0.124871 0.0575996 0.0761815 0.635662
2 0.895238 0.0182216 0.0768101 0.0364432 0.63541
1 0.108549 0.630213 0.0746148 0.0746001 0.634264
1 0.32297 0.258378 0.0773195 0.0774916 0.633962
1 0.0197882 0.777117 0.039348 0.0707081 0.6327
1 0.249445 0.982275 0.0745611 0.0354502 0.632167
1 0.492982 0.817278 0.075087 0.0751879 0.631367
1 0.374062 0.950624 0.0725499 0.0727177 0.62945
1 0.0174842 0.686906 0.0349684 0.07542 0.627683
1 0.629946 0.0522805 0.0770681 0.0777893 0.625549
1 0.63235 0.713855 0.0761358 0.0778723 0.622393
1 0.0143078 0.0235546 0.0286156 0.0464237 0.619516
1 0.318051 0.711839 0.0754482 0.0753016 0.619157
2 0.502401 0.846719 0.0746805 0.0750645 0.618481
1 0.745459 0.979964 0.0771338 0.0400717 0.618032
1 0.0526845 0.0295936 0.0718155 0.0591872 0.616481
1 0.46206 0.776704 0.0755055 0.0755682 0.61637
1 0.68917 0.76778 0.0778789 0.0779778 0.611604
1 0.137715 0.639047 0.0742612 0.0740946 0.610988
0 0.82571 0.781182 0.0778728 0.0770143 0.607304
2 0.980404 0.0358003 0.0385872 0.0696238 0.603354
1 0.868125 0.977714 0.0777718 0.0445716 0.601053
1 0.399923 0.474128 0.0767209 0.0773487 0.599756
2 0.249831 0.0624523 0.0771236 0.076672 0.597835
1 0.346798 0.619323 0.0750356 0.0755102 0.59675
1 0.821962 0.0198695 0.0793449 0.039739 0.596351
1 0.492618 0.419146 0.0784685 0.0783283 0.595363
2 0.518021 0.261127 0.0769389 0.0776789 0.589779
1 0.710962 0.0976613 0.07861 0.0787077 0.589153
2 0.20809 0.304157 0.0755376 0.0752507 0.587855
1 0.707 0.982407 0.0764023 0.0351868 0.581164
1 0.375354 0.379555 0.0772453 0.0775397 0.579456
0 0.872386 0.476147 0.0760441 0.0769556 0.579029
1 0.240415 0.198739 0.07699 0.0782808 0.575667
1 0.154202 0.766113 0.0739245 0.0737112 0.574267
1 0.73232 0.584827 0.0787878 0.0787767 0.57266
1 0.474113 0.740846 0.075807 0.0761526 0.56976
1 0.796994 0.596655 0.0798007 0.0802099 0.568725
1 0.505998 0.525021 0.0777781 0.078328 0.567319
1 0.393319 0.0577603 0.0788657 0.0787823 0.566729
2 0.438389 0.857269 0.0746101 0.0740358 0.566057
2 0.968467 0.828163 0.0630652 0.0770388 0.565158
1 0.225193 0.178214 0.0785105 0.0783449 0.562595
1 0.429032 0.0668481 0.0767469 0.0769296 0.560964
0 0.772257 0.820043 0.0776957 0.0773056 0.560956
1 0.0576623 0.489364 0.0733993 0.074897 0.559292
2 0.175261 0.159144 0.0769381 0.0773069 0.557581
1 0.351212 0.752549 0.0734697 0.0745603 0.554752
1 0.4317 0.783965 0.0761082 0.0760338 0.553126
1 0.0796801 0.068703 0.0738254 0.0739517 0.550431
1 0.79512 0.748591 0.0757112 0.0771475 0.549121
1 0.566988 0.985991 0.0733004 0.0280183 0.548842
1 0.923417 0.806405 0.0788429 0.0782928 0.547452
2 0.109203 0.545111 0.0774861 0.0776782 0.546018
2 0.0354855 0.464108 0.0709711 0.0742468 0.544763
1 0.140592 0.352416 0.0756203 0.0756177 0.54226
1 0.167122 0.656038 0.0741517 0.0749016 0.538758
2 0.0348572 0.979365 0.0697145 0.0412691 0.538109
2 0.921211 0.546815 0.0767727 0.0763735 0.536948
1 0.58466 0.45779 0.0784763 0.0788285 0.532499
2 0.662198 0.806469 0.0775806 0.0779934 0.530238
0 0.0469201 0.918982 0.0750022 0.0731297 0.529154
1 0.101991 0.587067 0.0731712 0.0745653 0.528145
1 0.155919 0.67949 0.0756265 0.0752539 0.527162
0 0.286215 0.858618 0.0745579 0.0744709 0.526577
1 0.498789 0.39936 0.0789249 0.0778121 0.52514
2 0.0709063 0.379978 0.0761869 0.0759325 0.524167
1 0.238878 0.749036 0.0755966 0.0759918 0.52364
2 0.973878 0.450872 0.0520821 0.077405 0.52217
1 0.603873 0.457224 0.078372 0.0785827 0.521912
2 0.0861595 0.932473 0.0723726 0.0737221 0.521313
1 0.334785 0.27849 0.0762608 0.0756886 0.520518
1 0.855194 0.482056 0.0765354 0.0752184 0.520094
1 0.156221 0.803418 0.0745931 0.0751038 0.519249
2 0.060898 0.531293 0.0773902 0.0764603 0.518195
1 0.356926 0.0181304 0.0739112 0.0362452 0.518071
1 0.0167638 0.132211 0.0334231 0.0745442 0.517806
2 0.98182 0.312656 0.0359123 0.0791237 0.517016
1 0.445126 0.0870378 0.0769701 0.0773568 0.51651
1 0.580536 0.398012 0.0780552 0.0784031 0.51492
1 0.344603 0.110242 0.0770546 0.0751782 0.513888
0 0.338056 0.893663 0.0748825 0.0748936 0.511699
1 0.0150597 0.56334 0.0300887 0.0734907 0.511288
2 0.98094 0.719249 0.0381202 0.0775278 0.508935
2 0.976578 0.633984 0.0468437 0.0776564 0.508723
1 0.116346 0.217555 0.0770221 0.0767687 0.506328
2 0.84838 0.467007 0.0776264 0.0769987 0.501374
1 0.473792 0.344585 0.077965 0.0770625 0.501159
1 0.491705 0.700403 0.076248 0.0762056 0.500109
