0 0.767609 0.394605 0.0758091 0.0759029 0.929947
2 0.595276 0.207161 0.0772331 0.0770703 0.928615
2 0.755449 0.864559 0.0763712 0.0767029 0.927893
2 0.312226 0.75398 0.0776401 0.0771372 0.926482
0 0.884063 0.305507 0.0768681 0.0766242 0.925978
0 0.538178 0.114126 0.0796688 0.0796691 0.925394
0 0.883937 0.519221 0.0758974 0.0751705 0.925382
2 0.133649 0.793005 0.0745196 0.0748999 0.925035
2 0.243471 0.06908 0.0754554 0.0756089 0.924918
0 0.891488 0.42827 0.0762905 0.0764981 0.9243
2 0.907776 0.735758 0.0764624 0.0770894 0.923957
0 0.857298 0.913346 0.0768549 0.077659 0.923389
2 0.647484 0.246289 0.0782135 0.077431 0.923254
0 0.818373 0.637449 0.077914 0.0791465 0.923204
0 0.491536 0.197012 0.0798782 0.0794339 0.92306
0 0.868689 0.622409 0.0782665 0.0787184 0.922918
0 0.79283 0.718692 0.0784849 0.0781591 0.922807
2 0.144836 0.783757 0.0758596 0.0758713 0.922729
0 0.631433 0.230189 0.0769871 0.076894 0.922685
0 0.929097 0.603087 0.0775646 0.0775299 0.922472
0 0.181764 0.129897 0.0763854 0.0765706 0.922344
0 0.749096 0.25979 0.0772879 0.0769982 0.922262
0 0.645812 0.337109 0.0763282 0.0763166 0.922218
0 0.488453 0.15628 0.0791891 0.0778742 0.922032
0 0.596505 0.406843 0.0770793 0.0766372 0.921991
0 0.757381 0.382144 0.0764456 0.0762234 0.921987
0 0.440998 0.149268 0.0788362 0.0791842 0.921728
0 0.518182 0.123631 0.078064 0.0793987 0.921683
0 0.792419 0.0685885 0.0762697 0.0766128 0.921284
2 0.498619 0.880312 0.078018 0.0773884 0.920913
2 0.80851 0.114781 0.0772943 0.0774736 0.920378
0 0.816646 0.515818 0.0764761 0.0764144 0.920193
0 0.715315 0.17964 0.0784719 0.077673 0.92016
2 0.634739 0.441997 0.0755617 0.0754532 0.920087
0 0.936277 0.327883 0.0769848 0.0770027 0.919811
0 0.305018 0.0815849 0.0762742 0.0761882 0.919287
0 0.736355 0.301774 0.0778778 0.07759 0.918977
0 0.882185 0.462328 0.0764149 0.0769534 0.91881
2 0.274548 0.417737 0.0769889 0.0765447 0.918604
0 0.91943 0.429279 0.0763985 0.0760957 0.918378
2 0.125051 0.712444 0.0748765 0.0744357 0.918318
0 0.83582 0.450524 0.0773031 0.0773822 0.918047
0 0.629482 0.26181 0.0771974 0.0774455 0.917918
0 0.0637209 0.230529 0.0770692 0.0766958 0.917847
2 0.789719 0.899971 0.0772244 0.0767582 0.9178
2 0.725386 0.286768 0.0775904 0.0771839 0.91774
0 0.741048 0.491186 0.0767548 0.0762367 0.917519
2 0.43062 0.768929 0.0765377 0.0763179 0.917351
0 0.339106 0.043442 0.0779847 0.0771736 0.916851
2 0.650868 0.0818148 0.0769199 0.0764186 0.916802
0 0.328588 0.374604 0.0774695 0.0782352 0.916733
0 0.757832 0.227431 0.0771578 0.077712 0.91673
2 0.613887 0.898499 0.0765038 0.0767052 0.916674
0 0.423268 0.108502 0.0783172 0.0771981 0.915902
2 0.506828 0.732044 0.0766056 0.0765128 0.915897
2 0.693505 0.820703 0.0774728 0.0767145 0.91589
2 0.573603 0.780488 0.0761202 0.0760675 0.91578
0 0.89555 0.582308 0.0766968 0.076375 0.91576
1 0.489735 0.0854747 0.0772499 0.0767218 0.915726
0 0.793036 0.761955 0.0777329 0.0788231 0.915355
2 0.115904 0.243742 0.0774829 0.0777064 0.915352
0 0.716809 0.235741 0.0769487 0.07657 0.915287
0 0.585997 0.356386 0.0784882 0.0769381 0.915273
2 0.606728 0.797113 0.0765179 0.0768219 0.915098
0 0.923266 0.0485176 0.0777235 0.0779714 0.914985
0 0.920006 0.0997805 0.0783833 0.0792626 0.914966
2 0.288867 0.704967 0.0779924 0.0766844 0.914927
2 0.0659851 0.930751 0.0739252 0.0740606 0.91486
2 0.651161 0.600981 0.0765776 0.0761266 0.914725
0 0.431315 0.134648 0.0777441 0.0782806 0.914723
2 0.142085 0.81492 0.0755787 0.0759223 0.914646
0 0.728958 0.36662 0.0771479 0.0771546 0.914538
2 0.494851 0.134309 0.0790329 0.0789034 0.914535
2 0.599893 0.887819 0.0767883 0.0762987 0.91446
0 0.628383 0.170351 0.0773286 0.0770698 0.914408
2 0.482406 0.668485 0.0775494 0.0775004 0.914344
0 0.594303 0.268481 0.077294 0.0775766 0.914038
0 0.0676333 0.951746 0.0732086 0.0730179 0.913895
0 0.964775 0.760766 0.0704507 0.0758631 0.913534
0 0.906984 0.495268 0.0758068 0.0756297 0.913441
0 0.224392 0.0691825 0.0767615 0.0761731 0.913433
0 0.883194 0.0995116 0.0781372 0.0789754 0.913372
2 0.119207 0.800309 0.0753445 0.0754812 0.913369
0 0.773923 0.618931 0.0779774 0.0768049 0.913339
2 0.248657 0.692866 0.0760583 0.0758366 0.913173
0 0.482261 0.269194 0.0787262 0.0784224 0.913163
2 0.622829 0.892449 0.0760244 0.0759785 0.913094
2 0.118053 0.907634 0.075302 0.0743912 0.913071
0 0.795098 0.381341 0.0763404 0.0763824 0.912927
0 0.220386 0.249154 0.076484 0.076796 0.912799
2 0.590227 0.429085 0.0772863 0.0775214 0.912796
0 0.694934 0.564991 0.0759414 0.0762468 0.912509
2 0.888458 0.288296 0.0781412 0.0780204 0.912469
0 0.427246 0.195014 0.0795622 0.0784949 0.912455
1 0.151702 0.875098 0.074965 0.0751183 0.912453
2 0.463271 0.674673 0.0777283 0.0774598 0.912435
0 0.774807 0.6824 0.0787968 0.0776482 0.912338
0 0.394012 0.0591167 0.0770042 0.0767006 0.91211
2 0.479858 0.306164 0.0782534 0.0782975 0.91206
0 0.951759 0.572944 0.0777454 0.0766254 0.911477
0 0.656463 0.182722 0.0767048 0.0767388 0.91129
2 0.22982 0.633777 0.075762 0.0759099 0.911284
0 0.859226 0.326795 0.0782837 0.0781614 0.911207
2 0.227412 0.652185 0.0763605 0.0763416 0.911197
2 0.926443 0.376579 0.0764332 0.0762955 0.910994
0 0.926154 0.636732 0.0790272 0.0784039 0.910956
2 0.746465 0.849105 0.0773472 0.0774624 0.910941
2 0.592546 0.815624 0.0769411 0.0768459 0.910901
0 0.557637 0.236439 0.0786301 0.0792812 0.910798
0 0.666824 0.331611 0.0765972 0.0763981 0.910787
2 0.894868 0.0800202 0.0781971 0.0775877 0.910522
0 0.305619 0.356691 0.077161 0.077362 0.910506
2 0.164263 0.777872 0.0752909 0.0756633 0.910497
2 0.876525 0.882918 0.0771551 0.0768246 0.910489
0 0.41218 0.278871 0.0817629 0.08063 0.909947
0 0.667098 0.156115 0.0764865 0.0771022 0.909781
2 0.354392 0.141783 0.0780107 0.0779195 0.909577
0 0.38881 0.0304828 0.0770824 0.0608541 0.909477
2 0.280323 0.691929 0.0767566 0.0764481 0.909462
2 0.579214 0.770505 0.0757071 0.075827 0.909447
0 0.611081 0.211029 0.0783019 0.078444 0.909307
0 0.653255 0.160862 0.0775465 0.0777967 0.909233
0 0.500137 0.234868 0.0803288 0.0791051 0.909193
0 0.911107 0.216993 0.0788656 0.0781861 0.909142
2 0.254913 0.714461 0.0761233 0.0766306 0.90909
2 0.631469 0.884449 0.076016 0.0766163 0.90905
2 0.162446 0.89299 0.0761014 0.0759586 0.90905
0 0.081117 0.947737 0.0734771 0.0732296 0.909028
0 0.896407 0.808076 0.0774715 0.0773647 0.908976
0 0.831273 0.588137 0.0768837 0.0767979 0.908871
2 0.280321 0.667031 0.076055 0.0760042 0.908646
2 0.165029 0.810578 0.0763109 0.0760134 0.908555
2 0.311846 0.710225 0.0782435 0.0776217 0.9083
0 0.496758 0.292932 0.0785542 0.0781103 0.908081
2 0.896395 0.538729 0.0752911 0.0759092 0.907962
2 0.0949937 0.830475 0.0753218 0.0758791 0.90795
2 0.171466 0.848543 0.0757118 0.0752228 0.907899
0 0.686909 0.380133 0.0781679 0.0767747 0.907845
2 0.745963 0.363782 0.0770699 0.0771091 0.907769
0 0.665043 0.497879 0.0762492 0.0760429 0.907684
2 0.837438 0.833903 0.0762066 0.0765942 0.907627
1 0.706037 0.0858039 0.0754922 0.0752412 0.907626
0 0.575358 0.32076 0.0773208 0.0773333 0.907544
0 0.617822 0.34771 0.076527 0.0772237 0.907373
0 0.649399 0.454925 0.0760366 0.0755613 0.907297
1 0.494498 0.702452 0.0773754 0.0778732 0.907292
2 0.503164 0.773126 0.0771069 0.0768955 0.907281
2 0.419218 0.0897345 0.077918 0.078575 0.907252
1 0.520214 0.80047 0.0761042 0.0770132 0.907178
0 0.761372 0.51249 0.0767706 0.0769016 0.906973
0 0.463448 0.0890154 0.0784237 0.0783864 0.906802
0 0.833301 0.873027 0.0773846 0.0768669 0.906794
2 0.313377 0.0610863 0.0773849 0.0770947 0.906434
2 0.660204 0.890363 0.0762756 0.0757727 0.906431
0 0.821186 0.448896 0.075765 0.0766831 0.906383
0 0.57161 0.170931 0.0785177 0.0778906 0.906324
0 0.820711 0.616835 0.0786718 0.0781455 0.906231
0 0.451713 0.318038 0.0802383 0.0790834 0.906174
1 0.0356208 0.340941 0.0708026 0.0722305 0.906053
2 0.610857 0.328412 0.0777185 0.0774922 0.905996
0 0.884318 0.255343 0.0788528 0.078237 0.905954
2 0.518096 0.888548 0.0772917 0.0777626 0.905847
2 0.459248 0.656717 0.0775629 0.0774832 0.90578
0 0.572609 0.205822 0.0789732 0.0775145 0.90576
2 0.746269 0.0806439 0.0767863 0.0764191 0.905515
0 0.321177 0.165494 0.0786001 0.0783425 0.905514
2 0.046146 0.930992 0.0740746 0.0739696 0.905422
2 0.784519 0.084422 0.0757214 0.0761208 0.905111
1 0.330909 0.676707 0.0770877 0.0780519 0.905057
2 0.198973 0.650344 0.0758335 0.0767057 0.904909
2 0.70809 0.493036 0.0754984 0.0750229 0.904869
0 0.534122 0.130114 0.0786315 0.0777432 0.904861
0 0.455312 0.118232 0.0771529 0.0770279 0.90461
0 0.835303 0.810659 0.0781813 0.0775665 0.904569
2 0.242716 0.256445 0.0766418 0.0764094 0.904493
1 0.428593 0.363478 0.0785466 0.0784695 0.904302
1 0.347153 0.27682 0.0803404 0.0806089 0.904189
2 0.497911 0.310082 0.0774691 0.0778143 0.903854
2 0.614875 0.883048 0.0757996 0.0760967 0.903751
0 0.764468 0.543043 0.0768343 0.0757852 0.903728
2 0.496073 0.851423 0.0771866 0.0773933 0.903708
0 0.789851 0.211104 0.0782667 0.0782972 0.903687
2 0.323617 0.104362 0.0773511 0.0771837 0.903643
1 0.560151 0.710891 0.0767551 0.0766803 0.903632
0 0.458846 0.202432 0.0804552 0.0807599 0.903413
1 0.0523719 0.259962 0.0777471 0.0771275 0.903386
0 0.793699 0.332455 0.0773727 0.0771054 0.903259
2 0.206241 0.667109 0.0761285 0.0756893 0.903158
0 0.968474 0.473813 0.0630529 0.0755238 0.903029
2 0.167737 0.141643 0.0760008 0.0757427 0.902985
1 0.383016 0.87561 0.0768398 0.0772652 0.902692
0 0.881716 0.74623 0.0775726 0.0772715 0.902633
2 0.413096 0.165264 0.0795569 0.0790686 0.90261
1 0.440802 0.628263 0.0780602 0.0777967 0.902437
2 0.693489 0.481496 0.0759075 0.0760796 0.902403
2 0.86684 0.640507 0.0772755 0.0774118 0.902355
1 0.275779 0.246366 0.0792352 0.0780914 0.902263
2 0.328206 0.723621 0.0779719 0.0776821 0.902252
2 0.035262 0.0416183 0.0705241 0.075444 0.902093
0 0.325482 0.035601 0.0764665 0.0706508 0.902045
0 0.808417 0.327395 0.0776966 0.0775309 0.901987
0 0.970344 0.452278 0.0593115 0.0756216 0.901955
2 0.428205 0.0742387 0.0782001 0.0784762 0.901925
2 0.396625 0.0926731 0.0777306 0.0772709 0.901862
0 0.528847 0.263821 0.0777147 0.077811 0.901794
0 0.623957 0.293674 0.0776373 0.0763576 0.901747
0 0.710985 0.382744 0.077088 0.0763076 0.901704
2 0.720946 0.53713 0.0768199 0.0766968 0.901587
2 0.16976 0.0330707 0.0770336 0.0661413 0.901575
0 0.846487 0.546835 0.0763508 0.0763366 0.901565
2 0.729822 0.554726 0.0750837 0.0755348 0.901561
1 0.555246 0.75026 0.077094 0.0772198 0.90139
1 0.274196 0.558857 0.0763097 0.0763336 0.901344
0 0.197938 0.349979 0.0755067 0.0763079 0.90134
2 0.112526 0.882848 0.0743504 0.0747721 0.901289
0 0.954307 0.591807 0.0771561 0.0766639 0.901153
0 0.904198 0.672102 0.0772781 0.0778132 0.900965
1 0.496968 0.374358 0.0794048 0.0789119 0.900931
2 0.85333 0.443876 0.0777096 0.0768963 0.90089
2 0.11806 0.755876 0.0748475 0.0749914 0.900827
2 0.446663 0.0336151 0.0775587 0.0672302 0.900738
1 0.767201 0.14125 0.076309 0.076834 0.900721
1 0.835032 0.200664 0.0774645 0.0778401 0.900506
2 0.333299 0.434652 0.0781824 0.0786168 0.900493
0 0.959774 0.414735 0.0758514 0.0761056 0.900473
2 0.257502 0.669644 0.0759273 0.0760359 0.900457
2 0.14705 0.853468 0.0761045 0.0765583 0.900339
0 0.263415 0.0626681 0.0778528 0.0773286 0.900257
0 0.927171 0.662732 0.0764517 0.0763035 0.90023
1 0.409548 0.623654 0.0778799 0.0781892 0.90017
1 0.464654 0.376207 0.0784365 0.0782792 0.900011
2 0.261823 0.445332 0.0785066 0.0770569 0.899877
2 0.929529 0.443101 0.076107 0.0759368 0.899828
1 0.317533 0.310863 0.077684 0.0779449 0.899508
2 0.293788 0.719703 0.0766798 0.0763346 0.89949
2 0.630328 0.0973445 0.0766529 0.0768556 0.899473
0 0.281414 0.0407862 0.076046 0.0763027 0.899385
2 0.437467 0.334466 0.0814267 0.0804469 0.899369
0 0.0315206 0.0262013 0.0630413 0.0524025 0.899354
1 0.292418 0.269996 0.0781442 0.0784452 0.899212
0 0.778743 0.591157 0.077315 0.0763441 0.899208
2 0.359533 0.116206 0.0770846 0.0768155 0.899144
0 0.955517 0.717414 0.0769611 0.076333 0.899007
0 0.294334 0.0670594 0.0764012 0.0767603 0.898974
1 0.512006 0.433313 0.080814 0.0798739 0.898898
0 0.734673 0.449352 0.0766051 0.0764755 0.898875
2 0.374699 0.971194 0.0741576 0.0574097 0.898726
2 0.910017 0.172779 0.0792919 0.0790031 0.898628
0 0.878222 0.481951 0.0760939 0.0757319 0.898527
2 0.157551 0.91294 0.0754715 0.075214 0.89847
2 0.893899 0.90091 0.0768368 0.0773895 0.898079
2 0.961377 0.916403 0.0725334 0.0740345 0.89803
1 0.563989 0.688717 0.0767612 0.076936 0.897971
0 0.515169 0.193189 0.0797968 0.0789478 0.897945
2 0.848757 0.270837 0.0777679 0.0774302 0.897926
2 0.300199 0.74754 0.0778029 0.0774701 0.897777
2 0.069126 0.887459 0.0755307 0.0751501 0.897707
0 0.536646 0.331733 0.0786695 0.0776514 0.897521
2 0.659821 0.104473 0.0767422 0.076405 0.897511
0 0.0907811 0.0370784 0.0760244 0.0741567 0.897331
0 0.964854 0.536627 0.0699112 0.0776031 0.897272
1 0.644648 0.764653 0.0765735 0.0762337 0.897246
1 0.544353 0.454149 0.0782174 0.0782707 0.897162
2 0.749488 0.430125 0.0773808 0.0769345 0.897092
0 0.912611 0.522895 0.0769997 0.0761284 0.897
0 0.935656 0.401619 0.0768822 0.0761655 0.8969
0 0.33916 0.110333 0.0783809 0.0780106 0.8968
1 0.0737943 0.28161 0.077884 0.0771441 0.896752
2 0.472975 0.739731 0.0758885 0.0763474 0.896686
2 0.80662 0.862836 0.0763723 0.0757767 0.896651
2 0.292479 0.378945 0.0775281 0.0775245 0.896565
0 0.882174 0.405863 0.0766977 0.0766856 0.89624
2 0.106881 0.706655 0.0748117 0.0755691 0.896218
2 0.653799 0.878947 0.0757215 0.0763359 0.896168
2 0.277936 0.0930903 0.07664 0.0766394 0.896142
1 0.247199 0.928055 0.0761099 0.0763241 0.895946
0 0.480237 0.2823 0.0777424 0.0776168 0.895725
1 0.0488191 0.394108 0.0772063 0.0765454 0.895526
0 0.424661 0.287373 0.0787028 0.0785316 0.89551
1 0.21429 0.843428 0.0760176 0.0754585 0.895487
1 0.317387 0.285366 0.0787144 0.0797174 0.895311
2 0.418614 0.784224 0.0754486 0.0756897 0.89523
2 0.179494 0.775065 0.0753771 0.0758101 0.895201
1 0.334042 0.241082 0.0798428 0.0800783 0.895135
0 0.952939 0.820759 0.0778528 0.0771929 0.894992
1 0.0657404 0.0827253 0.0753958 0.0753433 0.894883
1 0.214645 0.144055 0.0773602 0.076943 0.894881
2 0.587096 0.757436 0.0753993 0.0758315 0.894861
2 0.885152 0.497894 0.0758205 0.0752766 0.894675
1 0.711445 0.0656379 0.0766787 0.0767775 0.894418
1 0.219205 0.169837 0.0768616 0.0768075 0.894405
0 0.637796 0.125034 0.0779614 0.0781203 0.894377
2 0.958334 0.479021 0.0766085 0.0764375 0.894328
0 0.339275 0.0859693 0.0787688 0.0779376 0.894209
0 0.786046 0.435214 0.0763792 0.0765475 0.894151
2 0.099401 0.88213 0.0741685 0.0740822 0.894145
2 0.922 0.763202 0.0779713 0.0779374 0.894044
1 0.132046 0.347312 0.077248 0.0774379 0.89357
0 0.848296 0.870464 0.0776455 0.0769184 0.893412
0 0.436515 0.235221 0.0798212 0.0794594 0.893335
1 0.484903 0.0559351 0.0785412 0.0775977 0.893315
2 0.766744 0.700827 0.0784222 0.0786445 0.893208
1 0.192071 0.938724 0.0743921 0.0739321 0.893144
0 0.748366 0.452244 0.0763935 0.0762633 0.893077
0 0.977991 0.582256 0.0439672 0.0772215 0.893025
1 0.197242 0.312998 0.0763574 0.0761882 0.892956
2 0.280083 0.107894 0.0765621 0.0761233 0.892769
0 0.0958089 0.239474 0.077063 0.076921 0.892619
1 0.25847 0.906517 0.0766499 0.0762835 0.892578
2 0.721302 0.415455 0.0773123 0.0775234 0.892575
0 0.798697 0.591202 0.0768606 0.0764779 0.892493
0 0.693951 0.420352 0.076243 0.0760462 0.892447
0 0.841761 0.356213 0.0771135 0.0768126 0.892411
2 0.497813 0.951116 0.0766979 0.0769508 0.892106
0 0.616436 0.646231 0.0755793 0.0755781 0.89205
0 0.510504 0.258316 0.0800212 0.0790655 0.892015
0 0.9717 0.284572 0.0565999 0.0778603 0.891725
1 0.0544759 0.288103 0.0768265 0.0772043 0.891706
2 0.473402 0.760352 0.0767738 0.0767464 0.891672
1 0.0884913 0.310489 0.0782949 0.0782396 0.891608
1 0.68789 0.965056 0.0768475 0.06936 0.891368
0 0.838515 0.376359 0.0774122 0.0768005 0.891345
1 0.539658 0.476445 0.0793413 0.078897 0.891257
1 0.607637 0.453934 0.0759932 0.0760376 0.891079
0 0.898889 0.86143 0.0785147 0.0779137 0.890966
2 0.736283 0.419613 0.0756657 0.0755453 0.890952
1 0.176167 0.460285 0.0756968 0.0758543 0.890787
1 0.518916 0.404035 0.0783846 0.0786466 0.890767
2 0.149066 0.315389 0.0766189 0.0765609 0.890564
1 0.361372 0.625814 0.0776688 0.0781812 0.890426
1 0.376161 0.939196 0.0746508 0.0740383 0.890392
2 0.157926 0.145859 0.0761329 0.0763411 0.890119
0 0.838884 0.47278 0.0767075 0.0758083 0.889581
2 0.523942 0.3074 0.0794466 0.0783917 0.88946
0 0.818423 0.262539 0.0767211 0.0770879 0.889389
2 0.586083 0.778983 0.0748766 0.0753025 0.889221
1 0.135593 0.731328 0.0752137 0.074938 0.88916
1 0.703721 0.265258 0.0769188 0.0764142 0.889136
2 0.356726 0.157424 0.0778686 0.077931 0.889009
2 0.292033 0.331079 0.076905 0.0769112 0.888861
0 0.971166 0.563342 0.0576677 0.0768661 0.888811
2 0.214022 0.631485 0.0756399 0.0748737 0.888721
1 0.557114 0.731475 0.0768469 0.0762601 0.888555
0 0.0285414 0.967927 0.0563532 0.0641452 0.888363
2 0.104788 0.751112 0.0747116 0.0739824 0.888323
1 0.970558 0.892652 0.0588835 0.0771481 0.888051
0 0.324353 0.970236 0.0740963 0.0592464 0.887724
2 0.28388 0.652645 0.0759809 0.0761948 0.887644
2 0.261066 0.34733 0.0762645 0.0765488 0.887494
2 0.743913 0.62543 0.0773136 0.0781943 0.887353
2 0.798884 0.912657 0.0772705 0.0768175 0.887322
2 0.2432 0.284367 0.0772195 0.0767363 0.887288
2 0.490797 0.768701 0.0765713 0.0765919 0.88724
0 0.336173 0.96828 0.0730238 0.0633251 0.887182
2 0.148342 0.763477 0.0748346 0.0749125 0.887065
1 0.459498 0.415139 0.0782397 0.0781754 0.887054
2 0.785299 0.962546 0.0758476 0.0741568 0.887019
0 0.691415 0.446643 0.0761611 0.0755874 0.886953
1 0.0958143 0.732309 0.0751848 0.0755234 0.886799
1 0.340863 0.566489 0.0778324 0.0778375 0.886388
0 0.756843 0.531621 0.0763233 0.0757653 0.886128
2 0.228592 0.37568 0.0763183 0.0762111 0.885973
0 0.970679 0.692708 0.0586414 0.0759671 0.885837
1 0.784654 0.790504 0.0783309 0.0786184 0.885814
1 0.214235 0.278703 0.0779502 0.0774794 0.885589
0 0.553735 0.32078 0.0765691 0.0772781 0.885564
2 0.801201 0.965493 0.0751553 0.0682308 0.885556
2 0.187939 0.96637 0.072746 0.0667496 0.885527
1 0.259128 0.772622 0.077144 0.0778185 0.885459
1 0.50667 0.0379952 0.0773956 0.0759261 0.885454
2 0.500478 0.676627 0.0760746 0.0763404 0.885452
2 0.831428 0.327448 0.0770664 0.0776383 0.885406
1 0.0513656 0.356646 0.0772015 0.0765831 0.885342
2 0.726413 0.916085 0.0762508 0.0753609 0.885028
2 0.182161 0.513882 0.0764602 0.0767991 0.884901
2 0.593728 0.119824 0.0779393 0.0780353 0.884766
0 0.201782 0.0277013 0.0768737 0.0553829 0.884601
2 0.478667 0.974122 0.0760384 0.0515423 0.884331
1 0.0296569 0.263028 0.0591669 0.0779576 0.884025
1 0.353841 0.659732 0.0773965 0.0781197 0.883987
1 0.743288 0.0349735 0.0766507 0.069947 0.88392
0 0.555662 0.295557 0.0773919 0.0768668 0.883853
2 0.453398 0.0539721 0.0782141 0.0775263 0.883697
0 0.737261 0.400702 0.0781157 0.0770962 0.883451
1 0.536994 0.651421 0.0759956 0.0767334 0.883381
0 0.0350847 0.0669919 0.0701694 0.0756807 0.88328
0 0.89922 0.405851 0.0755371 0.0757158 0.882983
0 0.535964 0.165573 0.0806067 0.0801916 0.882918
1 0.401112 0.907551 0.077095 0.0765083 0.882738
2 0.64637 0.490941 0.07623 0.0760742 0.882574
1 0.161205 0.72124 0.0761652 0.0757925 0.882334
0 0.756332 0.614429 0.0769934 0.0780483 0.882319
1 0.27532 0.584154 0.0764328 0.0762707 0.881937
0 0.750202 0.584811 0.0764361 0.0758205 0.881866
2 0.491943 0.73855 0.0765007 0.0772537 0.881482
2 0.881535 0.904637 0.0766979 0.0771605 0.881275
1 0.163813 0.410602 0.0776283 0.0781458 0.880603
0 0.92163 0.740642 0.0770058 0.0762716 0.880601
2 0.424543 0.0341727 0.0772636 0.0683454 0.880589
1 0.0753886 0.605213 0.076824 0.0762776 0.880297
0 0.801782 0.350586 0.0759468 0.0763669 0.879562
2 0.394554 0.773895 0.0757393 0.0761549 0.87939
0 0.831739 0.0990846 0.0770159 0.0782072 0.879388
1 0.72381 0.128335 0.0760996 0.0757275 0.879314
2 0.805373 0.617401 0.0770126 0.0779365 0.879257
0 0.779599 0.362896 0.0763222 0.0765851 0.879058
2 0.773732 0.233357 0.0781057 0.077006 0.878938
0 0.457203 0.294191 0.0791384 0.0785696 0.878924
2 0.97228 0.917979 0.0554392 0.0712715 0.878687
1 0.109609 0.381293 0.0776612 0.0772075 0.878563
0 0.42803 0.849477 0.0773197 0.0779549 0.878548
2 0.570884 0.838374 0.0760049 0.0769924 0.87837
2 0.813254 0.969531 0.0755989 0.0609386 0.87801
2 0.551208 0.635159 0.0759237 0.0759268 0.877992
2 0.91829 0.354508 0.0766869 0.0767026 0.877771
0 0.97447 0.512443 0.0510595 0.0758858 0.877537
1 0.0697291 0.644447 0.0761056 0.0758629 0.877501
2 0.904963 0.558722 0.075581 0.0750164 0.877439
2 0.061094 0.683602 0.073807 0.0741465 0.877416
0 0.833933 0.389517 0.0755524 0.0751942 0.877377
2 0.703072 0.285374 0.0769272 0.0768622 0.877119
2 0.668705 0.879017 0.076474 0.0760017 0.877079
1 0.16825 0.376031 0.0769633 0.0773752 0.8768
0 0.724382 0.473739 0.077091 0.0763076 0.876607
2 0.648422 0.901196 0.0767547 0.0766607 0.876002
0 0.323578 0.022064 0.076826 0.0441281 0.875966
0 0.806634 0.364445 0.0766128 0.0766416 0.875951
1 0.115537 0.574136 0.0781924 0.0783936 0.875832
2 0.759374 0.710071 0.0778381 0.078458 0.87528
1 0.296838 0.531347 0.0769655 0.0770292 0.875097
1 0.849492 0.154731 0.0782337 0.0775853 0.875075
2 0.760639 0.490495 0.0770967 0.0766162 0.87452
1 0.548198 0.779261 0.076954 0.0763653 0.874451
0 0.845514 0.422135 0.0760628 0.0755572 0.874133
0 0.718597 0.604249 0.0758884 0.0760867 0.874007
0 0.631863 0.307509 0.0766212 0.0762292 0.873959
2 0.390751 0.968673 0.07389 0.0626545 0.873511
1 0.171599 0.0692796 0.0762039 0.0761431 0.872713
0 0.847766 0.0258932 0.0773226 0.0517843 0.872698
1 0.153034 0.444052 0.0769234 0.076935 0.872652
1 0.334855 0.75012 0.0768209 0.0766537 0.872347
2 0.0262456 0.802125 0.0524911 0.0717476 0.872009
1 0.105295 0.329161 0.0770431 0.0783588 0.871927
2 0.689666 0.129147 0.0762009 0.0764777 0.871789
2 0.683647 0.0484883 0.076666 0.0769384 0.871766
2 0.768412 0.823675 0.07752 0.0781633 0.871474
0 0.907932 0.638569 0.076412 0.0761678 0.871312
1 0.0378208 0.378481 0.0749574 0.0762189 0.871179
1 0.278276 0.536926 0.0775136 0.077452 0.87106
0 0.831973 0.409429 0.0764875 0.076128 0.87106
0 0.808341 0.446122 0.0752779 0.0763225 0.871012
1 0.401076 0.695729 0.0783672 0.0776585 0.870479
2 0.673071 0.556884 0.0763152 0.0760415 0.870476
1 0.230112 0.126092 0.0772537 0.0776886 0.870437
2 0.908947 0.341714 0.0771812 0.0771119 0.870161
2 0.967573 0.490576 0.0648545 0.0764259 0.869903
0 0.608392 0.255349 0.0776231 0.0771518 0.869374
2 0.459227 0.15679 0.0788206 0.0778864 0.869277
1 0.684146 0.103012 0.0764012 0.0766658 0.869008
1 0.103641 0.680234 0.0755327 0.0754536 0.868722
2 0.0289953 0.577359 0.0579905 0.0749464 0.868608
2 0.512586 0.859093 0.07595 0.0762844 0.868519
0 0.623692 0.201179 0.0768183 0.0767027 0.868411
1 0.182446 0.261204 0.0775305 0.0773021 0.868225
0 0.794846 0.425544 0.075853 0.0756964 0.868011
1 0.230114 0.818367 0.0771592 0.0779387 0.867716
2 0.340055 0.172752 0.0778146 0.0783506 0.867711
1 0.74809 0.969339 0.0754822 0.061322 0.86768
2 0.243936 0.387097 0.0766063 0.0768583 0.867174
2 0.613666 0.271188 0.0769424 0.0768694 0.867015
0 0.952271 0.388865 0.0771574 0.0768728 0.866958
2 0.243676 0.194317 0.0773427 0.0775334 0.866089
1 0.304126 0.241418 0.0777509 0.0781443 0.865852
1 0.0578839 0.412145 0.0767752 0.0768661 0.865671
0 0.803989 0.56695 0.0754077 0.0758015 0.865592
2 0.93509 0.127524 0.0799738 0.0797578 0.86526
2 0.557575 0.965053 0.0775467 0.0693478 0.864921
2 0.411659 0.96854 0.0757372 0.0629202 0.864388
2 0.481114 0.780649 0.0765271 0.0765818 0.863585
2 0.589917 0.705825 0.0768095 0.0766033 0.863578
1 0.389419 0.388828 0.0796846 0.0797237 0.863561
1 0.577956 0.0681024 0.0779528 0.077419 0.862886
2 0.0606294 0.834492 0.0748654 0.0753288 0.8628
2 0.456353 0.975692 0.0755123 0.0486154 0.862143
0 0.846157 0.559768 0.075078 0.0756741 0.86142
2 0.104033 0.203077 0.0772264 0.076743 0.860773
0 0.872241 0.0235375 0.0774021 0.0468991 0.860337
2 0.390603 0.27265 0.0795789 0.0804693 0.859847
0 0.516642 0.972316 0.0776149 0.0552093 0.858491
2 0.76292 0.877849 0.0768767 0.0768387 0.858352
2 0.351973 0.977858 0.0737614 0.0441544 0.858143
1 0.731775 0.199797 0.0764845 0.0769425 0.858062
1 0.208553 0.739378 0.076159 0.0759961 0.85719
0 0.951961 0.544114 0.0773586 0.0761362 0.857007
2 0.877068 0.718111 0.0782146 0.0778198 0.856715
2 0.0221361 0.829169 0.0442722 0.0752815 0.856174
1 0.0513859 0.73757 0.0738525 0.0734204 0.856075
2 0.788009 0.56724 0.0765623 0.0757254 0.856006
2 0.662081 0.116388 0.0775135 0.0761395 0.855587
2 0.21884 0.970765 0.0759111 0.0584697 0.855546
2 0.533446 0.0292378 0.0776035 0.0584756 0.855285
2 0.895317 0.969513 0.0756811 0.0609735 0.854689
2 0.363786 0.0353114 0.0765579 0.0706228 0.854287
1 0.644882 0.72927 0.0771737 0.0765311 0.854034
1 0.948384 0.95351 0.0741241 0.0740522 0.853489
2 0.067932 0.55613 0.0777012 0.0767164 0.853316
1 0.656098 0.226156 0.0767039 0.0771497 0.853162
1 0.96416 0.968661 0.0715359 0.062162 0.853054
1 0.495511 0.530713 0.0795238 0.0798096 0.853052
2 0.27136 0.455059 0.0784034 0.0785868 0.853008
1 0.67347 0.775385 0.0758787 0.0762051 0.852954
0 0.446 0.848517 0.0773926 0.0777399 0.852891
2 0.452453 0.335591 0.0801212 0.0802394 0.852732
2 0.498757 0.790109 0.0767239 0.0777777 0.852276
1 0.670272 0.713002 0.0772697 0.0779472 0.852241
0 0.968293 0.371118 0.0634148 0.0733767 0.852211
0 0.37066 0.486094 0.0778707 0.0781181 0.852122
1 0.568025 0.509721 0.0768944 0.0781149 0.851807
2 0.237764 0.438781 0.0775384 0.0772043 0.851417
0 0.977498 0.755294 0.0449038 0.0766281 0.849829
0 0.971777 0.616845 0.0562077 0.0776782 0.849777
1 0.0436111 0.622293 0.0755007 0.0759592 0.849214
1 0.307341 0.620386 0.0774302 0.0769526 0.849127
2 0.919787 0.696532 0.0766792 0.0766247 0.848999
2 0.290405 0.976751 0.074867 0.0461525 0.848724
2 0.757779 0.243816 0.0760126 0.0760491 0.848176
2 0.192974 0.52498 0.0763758 0.0767585 0.848151
1 0.185128 0.375356 0.0754383 0.0768847 0.847843
1 0.106558 0.472122 0.0764353 0.0769722 0.84761
1 0.53062 0.919671 0.076949 0.076911 0.846613
2 0.36595 0.978929 0.0749743 0.0421234 0.846479
1 0.72248 0.0270368 0.076599 0.0538207 0.845892
0 0.972704 0.709576 0.0545921 0.0763182 0.845777
2 0.597202 0.307121 0.0783644 0.0780808 0.845172
1 0.08294 0.131508 0.0753858 0.0760027 0.84508
2 0.704413 0.977007 0.0764618 0.0452433 0.844303
0 0.822632 0.723708 0.0778191 0.0768354 0.844251
1 0.0923023 0.50876 0.0760605 0.0760309 0.843955
0 0.858891 0.384603 0.0765873 0.0755756 0.843863
1 0.0659895 0.757776 0.0746709 0.0744434 0.842698
0 0.899346 0.602489 0.078063 0.0773599 0.84264
0 0.816734 0.53019 0.0757902 0.0755338 0.84252
1 0.285294 0.881651 0.0763076 0.0764929 0.842256
1 0.725619 0.0481953 0.076988 0.076543 0.84222
2 0.286236 0.474495 0.0792737 0.078954 0.841977
2 0.58427 0.881184 0.0753099 0.0754847 0.841947
1 0.0960074 0.360506 0.0765238 0.0774809 0.841537
1 0.325763 0.935575 0.0737656 0.0736576 0.840421
2 0.417895 0.236913 0.0797529 0.0799148 0.840001
2 0.909271 0.0651751 0.0771149 0.0777733 0.83971
2 0.147917 0.955906 0.0746151 0.074728 0.839591
2 0.770642 0.284883 0.0767631 0.0767754 0.839232
1 0.249401 0.793467 0.0772239 0.0771088 0.839148
2 0.370677 0.222633 0.0795861 0.079632 0.839017
2 0.831152 0.0188084 0.0758572 0.0376168 0.837509
1 0.119465 0.65197 0.0760971 0.0765873 0.837471
1 0.373573 0.675583 0.0762243 0.0758698 0.837274
2 0.698256 0.320441 0.0768323 0.0765432 0.836345
2 0.223337 0.198869 0.0775888 0.0766335 0.836162
2 0.851043 0.979868 0.0754375 0.0400953 0.835269
0 0.801808 0.728196 0.0798741 0.0792137 0.835186
2 0.737455 0.905868 0.0764605 0.0764122 0.834661
2 0.973157 0.147507 0.0532448 0.0784376 0.834629
2 0.353903 0.485377 0.0771064 0.0775149 0.83413
2 0.337729 0.471446 0.0782575 0.0775345 0.83411
1 0.162742 0.0480117 0.0767286 0.076401 0.833064
1 0.0340427 0.709298 0.0680854 0.0745178 0.832464
1 0.355091 0.787752 0.0761076 0.0756801 0.832237
2 0.701559 0.355922 0.0778528 0.077133 0.832193
2 0.428056 0.970859 0.0746333 0.0582828 0.832122
1 0.310567 0.570632 0.0777188 0.0769468 0.831906
0 0.978103 0.670571 0.0437943 0.0756435 0.831581
2 0.953406 0.0317768 0.0761101 0.0633732 0.831355
2 0.971828 0.500662 0.0560711 0.0763018 0.831059
1 0.299031 0.292793 0.0768929 0.0768415 0.830998
1 0.565606 0.0298689 0.0774988 0.059681 0.830721
2 0.102529 0.0522204 0.0768501 0.0764261 0.829977
2 0.668296 0.965563 0.0764832 0.0684807 0.829368
2 0.0179737 0.892025 0.0359474 0.0730162 0.828802
1 0.212082 0.771229 0.0768565 0.0760416 0.828104
0 0.0513662 0.0214187 0.0733901 0.0428374 0.826781
0 0.784433 0.61023 0.0780901 0.0777805 0.826739
1 0.383541 0.919544 0.0748345 0.0750795 0.82673
0 0.853552 0.940069 0.0754444 0.074828 0.826533
2 0.0584843 0.788031 0.0732693 0.0729957 0.826406
2 0.214173 0.65092 0.0756847 0.0760876 0.826364
0 0.866551 0.865156 0.0768394 0.0775316 0.825909
1 0.476967 0.459165 0.0801138 0.0799158 0.825761
2 0.876463 0.482765 0.0751648 0.075001 0.825098
2 0.336756 0.702802 0.078266 0.0784427 0.824303
2 0.785959 0.699526 0.0791719 0.0796479 0.824187
1 0.336355 0.532575 0.0775122 0.0766682 0.823027
2 0.0286288 0.881322 0.0568124 0.074506 0.822932
1 0.7076 0.0186882 0.0740583 0.0373763 0.822824
2 0.175595 0.654547 0.0751362 0.0753739 0.82263
1 0.968853 0.867096 0.0622318 0.0759171 0.822464
2 0.719578 0.973676 0.0764556 0.0519474 0.822219
1 0.140478 0.201088 0.0764626 0.075982 0.822046
2 0.732392 0.87514 0.0761869 0.0772184 0.821972
1 0.0569607 0.608412 0.0753835 0.0752823 0.8216
2 0.82838 0.899105 0.0763264 0.0763474 0.820958
2 0.529858 0.348547 0.0777287 0.0778803 0.820714
1 0.768215 0.972623 0.0752371 0.0543793 0.819434
2 0.501587 0.751362 0.0775963 0.0776173 0.818653
0 0.863719 0.778407 0.0768614 0.0775555 0.818189
1 0.789285 0.978563 0.0737278 0.0428741 0.817575
2 0.574331 0.857348 0.0760256 0.0763338 0.817207
1 0.0618363 0.433314 0.0773508 0.0773242 0.816275
1 0.0471032 0.725885 0.0734839 0.073591 0.816185
2 0.837512 0.121721 0.0790222 0.0783672 0.816083
0 0.460092 0.130961 0.0781468 0.0769548 0.814842
2 0.622166 0.422932 0.0773003 0.0769138 0.814532
2 0.767505 0.431149 0.0760664 0.0769618 0.812484
1 0.134805 0.551543 0.0759758 0.0762323 0.812473
2 0.659428 0.792604 0.074876 0.075285 0.812203
1 0.532355 0.0377106 0.0769413 0.0754211 0.811261
0 0.423906 0.27042 0.08117 0.0793226 0.810467
1 0.0944934 0.40483 0.0762677 0.0759269 0.810004
1 0.166985 0.540119 0.0774541 0.0771482 0.809762
0 0.339688 0.347736 0.0795984 0.0790611 0.809597
2 0.371714 0.0301456 0.0754457 0.0601968 0.80957
2 0.266931 0.490915 0.0774516 0.0771345 0.809036
0 0.160072 0.0226884 0.0774288 0.0452368 0.808839
2 0.747147 0.104017 0.0759861 0.0757259 0.807239
2 0.82051 0.0457315 0.0762597 0.0756358 0.807179
2 0.0204106 0.12595 0.0408212 0.0753053 0.807055
0 0.672026 0.179728 0.0769114 0.0766322 0.8058
2 0.61761 0.119785 0.0769281 0.0771732 0.805156
1 0.204284 0.592833 0.076534 0.0769648 0.804839
0 0.744436 0.157805 0.0761606 0.0762096 0.803229
0 0.288077 0.0189 0.0743658 0.0378 0.802652
2 0.149225 0.295756 0.0769564 0.0759542 0.802342
0 0.0184444 0.0542121 0.0368887 0.0758866 0.801539
0 0.93835 0.198765 0.0815369 0.0812972 0.799697
2 0.594544 0.908399 0.0762585 0.0761215 0.799657
2 0.683152 0.365004 0.0773277 0.0772243 0.799573
1 0.390055 0.936299 0.0744087 0.0747875 0.798858
2 0.0602182 0.920183 0.0726508 0.074445 0.797587
2 0.703225 0.30413 0.076362 0.0758416 0.797495
2 0.945813 0.84234 0.0780388 0.0773983 0.797441
1 0.420752 0.713933 0.0754993 0.0752563 0.797174
0 0.313063 0.0274424 0.07574 0.0546767 0.795972
2 0.748941 0.287488 0.0766325 0.0778367 0.795291
1 0.337447 0.623855 0.0775609 0.0779587 0.795074
2 0.978354 0.256737 0.0431637 0.0787847 0.795007
0 0.387537 0.115089 0.078544 0.0782195 0.794954
2 0.860123 0.928007 0.0767761 0.0768467 0.794715
2 0.421408 0.568558 0.0786674 0.0778225 0.794004
1 0.217589 0.698596 0.0751018 0.075528 0.792826
1 0.287165 0.815499 0.0761858 0.07686 0.791959
2 0.386047 0.813659 0.0739507 0.0737968 0.791546
1 0.552834 0.495379 0.0788221 0.0789572 0.790632
1 0.273124 0.896033 0.0756619 0.075886 0.789612
1 0.353373 0.522469 0.0766693 0.0764053 0.788869
1 0.925165 0.930316 0.0758492 0.0760517 0.787816
2 0.562151 0.531419 0.0772831 0.0770294 0.787237
2 0.563736 0.651482 0.0764609 0.0760935 0.786753
0 0.813797 0.171458 0.0764396 0.0761178 0.786288
2 0.555444 0.222661 0.0786581 0.079552 0.785462
1 0.764892 0.028022 0.0741467 0.0559305 0.783897
2 0.309595 0.771475 0.076835 0.0767452 0.783582
1 0.0494399 0.657054 0.0737042 0.0738441 0.783129
1 0.321893 0.983289 0.0740063 0.033292 0.78028
2 0.152273 0.107788 0.0772237 0.0762595 0.779715
2 0.934469 0.867014 0.0775383 0.0770512 0.778371
0 0.188999 0.024838 0.0745868 0.0496761 0.778297
1 0.974772 0.131836 0.0504558 0.0772824 0.777739
2 0.0183508 0.855099 0.0367016 0.0745436 0.77762
1 0.665531 0.0608266 0.0767683 0.0764275 0.776974
2 0.871174 0.593893 0.076939 0.0762205 0.776582
0 0.662578 0.272643 0.07665 0.076123 0.776244
2 0.436937 0.976241 0.0727123 0.0475174 0.776055
2 0.477322 0.689816 0.076083 0.0758798 0.775416
1 0.638536 0.329246 0.076698 0.0766231 0.775287
0 0.270449 0.0544794 0.0766473 0.0764894 0.775283
2 0.423885 0.178526 0.0803247 0.0791316 0.775189
2 0.615281 0.184811 0.077895 0.0784006 0.774946
1 0.485526 0.492125 0.0795061 0.0788385 0.773475
2 0.6687 0.482523 0.0758112 0.0756756 0.772307
1 0.213863 0.553092 0.0762744 0.0759172 0.770097
1 0.0848929 0.458574 0.076817 0.0762446 0.769666
2 0.498431 0.211044 0.0805372 0.079977 0.769617
1 0.221321 0.0979454 0.0772924 0.0774904 0.768579
1 0.163833 0.355159 0.0754827 0.0754912 0.768515
1 0.0208918 0.547801 0.0416985 0.0762253 0.765635
0 0.595249 0.373998 0.0767799 0.0771971 0.765065
0 0.542479 0.195476 0.0796669 0.0791183 0.764588
2 0.111888 0.76945 0.0738863 0.0744228 0.762371
1 0.328376 0.913552 0.0751219 0.0756928 0.759957
2 0.61741 0.413196 0.0757514 0.0756117 0.758432
0 0.866314 0.313644 0.077207 0.0781441 0.758225
2 0.809123 0.760907 0.0785679 0.0791983 0.757781
1 0.0167002 0.27902 0.0334003 0.0735303 0.756783
0 0.684069 0.494344 0.0753387 0.0748556 0.756172
2 0.943602 0.417965 0.0746819 0.0750533 0.755192
2 0.0751112 0.843144 0.0747896 0.0743507 0.754755
1 0.281414 0.52123 0.0760911 0.0755184 0.752906
1 0.95099 0.977509 0.0739555 0.0449812 0.752796
1 0.739436 0.0236048 0.0747547 0.0472036 0.74969
2 0.0549073 0.029636 0.0754213 0.0590904 0.749423
2 0.413993 0.977324 0.0746313 0.0453509 0.748784
1 0.764042 0.122525 0.0762335 0.0765298 0.748776
1 0.980635 0.898713 0.0387308 0.0766487 0.747761
0 0.868984 0.57284 0.0754475 0.0756826 0.747116
0 0.949621 0.532469 0.0768032 0.0764259 0.746224
0 0.893459 0.368812 0.076432 0.0763678 0.746156
1 0.247662 0.756953 0.0755809 0.0755074 0.744873
1 0.382222 0.606222 0.0767136 0.0763733 0.743542
0 0.965327 0.555088 0.0693466 0.0757375 0.742742
0 0.978114 0.599588 0.0436634 0.0777348 0.742256
2 0.838705 0.0509874 0.0777672 0.0775507 0.742245
0 0.746542 0.604005 0.0754725 0.076328 0.740991
2 0.965141 0.0357794 0.0697172 0.0708856 0.740321
0 0.810874 0.311355 0.0765005 0.0770568 0.739487
1 0.0252662 0.922745 0.0505323 0.073135 0.73934
1 0.161402 0.477074 0.0755394 0.075658 0.739274
2 0.166951 0.943639 0.0739767 0.074464 0.736709
2 0.0821802 0.790564 0.0739874 0.0737108 0.736634
0 0.871671 0.379281 0.0764494 0.0759734 0.735735
2 0.0860262 0.866748 0.0746535 0.0747837 0.735378
2 0.405227 0.759752 0.0759086 0.0756655 0.734221
0 0.822699 0.381486 0.0766098 0.076157 0.732754
2 0.0209402 0.0262363 0.0416508 0.0517738 0.732533
0 0.916288 0.581213 0.0754173 0.0757071 0.731807
0 0.953365 0.499967 0.0753807 0.075495 0.731006
1 0.120521 0.499073 0.0756464 0.0753405 0.729508
1 0.369744 0.649993 0.0770371 0.0769529 0.72845
1 0.298237 0.908432 0.0725612 0.0726612 0.728435
2 0.91071 0.141202 0.0793276 0.0790674 0.728156
0 0.272136 0.0222438 0.0747129 0.0444875 0.728053
2 0.5923 0.587084 0.0758362 0.0757969 0.727043
1 0.0288558 0.396579 0.0577115 0.0735787 0.726322
1 0.0991811 0.983402 0.0729206 0.0331957 0.72451
0 0.866068 0.201826 0.0774593 0.076968 0.72396
2 0.0280861 0.954424 0.0561016 0.0733772 0.722614
2 0.799513 0.0292794 0.0759896 0.0584784 0.721931
0 0.705805 0.316003 0.0762859 0.076539 0.721453
0 0.412861 0.223262 0.0800989 0.0800591 0.721409
1 0.197093 0.404342 0.0756612 0.0753134 0.721379
1 0.501049 0.50246 0.079805 0.0798981 0.721218
1 0.532098 0.718552 0.0769245 0.0765255 0.721172
2 0.970674 0.173666 0.0585178 0.080357 0.720842
2 0.542832 0.232488 0.077272 0.0768081 0.720502
2 0.171261 0.625394 0.0775263 0.0781538 0.716556
1 0.673749 0.24073 0.0768747 0.0769507 0.715994
2 0.682215 0.140762 0.0768777 0.0770578 0.715115
1 0.280791 0.134441 0.07703 0.0768988 0.714447
2 0.736525 0.822205 0.0775652 0.0772388 0.714032
2 0.866761 0.679649 0.0781574 0.0776466 0.711781
2 0.0518717 0.533284 0.076524 0.0764521 0.710998
1 0.93475 0.0171772 0.0735159 0.0343544 0.710937
1 0.0260193 0.41567 0.0520387 0.0717231 0.710494
2 0.390538 0.744387 0.0752694 0.0750172 0.710319
2 0.571098 0.910508 0.0759497 0.0776993 0.710137
2 0.042538 0.56585 0.0765101 0.076094 0.709743
2 0.386 0.639435 0.0777287 0.0780242 0.709152
2 0.021913 0.0604317 0.043826 0.0704895 0.707852
2 0.77054 0.376167 0.0771482 0.0772499 0.70752
2 0.959115 0.0539642 0.0748642 0.0760418 0.706361
2 0.029584 0.90533 0.059168 0.0727776 0.705386
0 0.699777 0.403638 0.0774696 0.07737 0.704106
2 0.894828 0.20816 0.0783039 0.0776992 0.704092
1 0.0206574 0.318563 0.0411815 0.0710636 0.702959
2 0.836402 0.776134 0.0792561 0.0788641 0.702902
2 0.753797 0.637744 0.0779131 0.0792456 0.701916
2 0.483864 0.16765 0.0790777 0.0786915 0.700343
2 0.361345 0.455412 0.0783524 0.0779491 0.699547
1 0.240095 0.73587 0.0766434 0.0760281 0.698433
2 0.13303 0.966557 0.0721513 0.0657642 0.696616
2 0.711642 0.899011 0.0772479 0.076617 0.694855
0 0.532016 0.241863 0.0782952 0.0780041 0.690709
1 0.779973 0.0184662 0.0748023 0.0369325 0.689525
2 0.976856 0.733369 0.0462879 0.0764877 0.689134
0 0.690228 0.175569 0.0774469 0.077568 0.687219
2 0.676095 0.599349 0.0767946 0.0758841 0.684743
2 0.377955 0.552876 0.0779871 0.0774584 0.683159
2 0.563637 0.608313 0.0746084 0.0748827 0.682613
2 0.320951 0.449367 0.0766728 0.0766029 0.681686
2 0.656747 0.94755 0.0751061 0.0762337 0.681383
0 0.686543 0.214827 0.0774359 0.0767721 0.680403
2 0.975691 0.660365 0.0486178 0.0755271 0.679766
2 0.528645 0.871325 0.0760996 0.0763721 0.679733
2 0.0764526 0.162065 0.0763923 0.0763507 0.678619
2 0.748264 0.518299 0.0742132 0.0743931 0.676864
1 0.0165547 0.35756 0.0331093 0.0711161 0.673803
1 0.685357 0.0265811 0.0759764 0.053014 0.673098
2 0.962839 0.118474 0.074258 0.0773861 0.673032
2 0.396002 0.659616 0.0774318 0.0775921 0.672925
1 0.270023 0.527764 0.0760333 0.076564 0.671182
2 0.864177 0.778639 0.0781342 0.0786114 0.669925
2 0.540586 0.55512 0.0783311 0.0769516 0.669301
2 0.174108 0.764957 0.0753334 0.0746055 0.668865
1 0.206138 0.719779 0.0754915 0.0750649 0.667045
1 0.713841 0.255319 0.0767607 0.0762333 0.665413
2 0.74554 0.0672546 0.0753904 0.0753163 0.663385
1 0.82184 0.654243 0.077809 0.0786068 0.663284
0 0.0202105 0.188549 0.040421 0.0770049 0.661794
2 0.965061 0.209613 0.0698788 0.0816834 0.66112
2 0.954386 0.499782 0.0774155 0.076548 0.658356
2 0.543797 0.0335728 0.0771984 0.0671456 0.657105
0 0.388364 0.132691 0.0789856 0.0771263 0.65361
2 0.575413 0.98171 0.0756496 0.0365794 0.652391
0 0.0722011 0.966774 0.0723898 0.0664518 0.652042
2 0.0273905 0.771565 0.0546049 0.0751804 0.651722
1 0.392565 0.96158 0.0755918 0.0718304 0.651112
2 0.98019 0.646199 0.0392454 0.0763074 0.650879
2 0.920644 0.549551 0.0773212 0.0774646 0.650577
0 0.868594 0.829452 0.0771133 0.0785814 0.649192
1 0.546051 0.0462203 0.0767029 0.0767757 0.648139
2 0.943273 0.675516 0.0771502 0.0777315 0.647685
2 0.0817056 0.0455825 0.07501 0.0753892 0.647542
1 0.488294 0.40287 0.0796604 0.0795592 0.64676
0 0.455201 0.511236 0.0797728 0.0807695 0.644066
1 0.552273 0.570702 0.0764822 0.075808 0.643682
0 0.818969 0.422904 0.0756443 0.0760641 0.64276
0 0.836649 0.775491 0.0772438 0.0773961 0.642315
2 0.981981 0.793076 0.0360384 0.077375 0.642116
0 0.911922 0.46451 0.0768778 0.0775106 0.641174
2 0.829865 0.927467 0.0756699 0.0762056 0.64117
2 0.965138 0.838068 0.0694992 0.0755465 0.640452
2 0.0862722 0.920526 0.07369 0.0736507 0.640241
2 0.35229 0.888928 0.0759974 0.0767727 0.639286
2 0.34405 0.414936 0.0787184 0.0795123 0.637589
1 0.0511101 0.44824 0.0752458 0.0753262 0.636274
2 0.900607 0.0299332 0.0735306 0.0598664 0.632073
0 0.881787 0.851281 0.0768883 0.0774288 0.628109
2 0.0170491 0.838393 0.034048 0.0744011 0.62793
1 0.1324 0.504933 0.0752475 0.075269 0.627081
0 0.6187 0.41316 0.0756712 0.0764461 0.625936
1 0.443158 0.38393 0.0780994 0.0804049 0.625737
2 0.804323 0.412841 0.076833 0.077334 0.624818
1 0.527134 0.756848 0.0760011 0.0765009 0.622965
1 0.333274 0.888416 0.0747647 0.0752905 0.622796
0 0.668904 0.482807 0.0754496 0.0760199 0.618414
1 0.11372 0.512112 0.0753207 0.0750021 0.617365
1 0.205893 0.799646 0.0765005 0.0767323 0.615544
0 0.38656 0.176479 0.0791686 0.079285 0.614003
2 0.436324 0.0254231 0.0765523 0.0508461 0.611114
2 0.748915 0.604191 0.0771449 0.076923 0.607477
1 0.0162569 0.606854 0.0325139 0.0744856 0.604524
2 0.50066 0.0196077 0.0770638 0.0390741 0.602569
1 0.674197 0.0205152 0.0725228 0.0410304 0.602308
0 0.936749 0.345389 0.0769808 0.0765459 0.597813
0 0.932044 0.736935 0.0762983 0.0760715 0.597806
0 0.969196 0.313609 0.0616087 0.0767334 0.596703
0 0.749084 0.518414 0.076663 0.0761009 0.595957
2 0.204847 0.89124 0.0760823 0.075317 0.59526
0 0.863864 0.178165 0.0772903 0.0776466 0.593926
2 0.144193 0.0202008 0.0757297 0.0404016 0.592361
2 0.465641 0.848257 0.0766867 0.077132 0.591825
2 0.931543 0.828908 0.0781961 0.0770454 0.591685
1 0.601846 0.0341185 0.0754683 0.0670651 0.591641
0 0.788114 0.515685 0.0764817 0.0762349 0.589828
1 0.146435 0.572882 0.0766428 0.0761435 0.588273
2 0.573104 0.556934 0.0772661 0.0756273 0.587059
2 0.970297 0.0788421 0.0594069 0.0726324 0.585456
2 0.764982 0.659658 0.0776794 0.0775608 0.583539
2 0.941863 0.157473 0.0803074 0.0798789 0.578388
0 0.827655 0.341446 0.0779383 0.0773649 0.57743
2 0.550092 0.0978086 0.0765872 0.0765467 0.575583
0 0.711388 0.256921 0.0768585 0.0766829 0.574648
2 0.552189 0.0258151 0.0778839 0.0514661 0.574323
1 0.783164 0.870944 0.0768979 0.0770279 0.573971
2 0.515131 0.834024 0.0762274 0.0751941 0.57364
0 0.0493699 0.872398 0.0758884 0.0750988 0.571724
2 0.412965 0.223234 0.0784311 0.0777897 0.56977
2 0.971928 0.0301629 0.0561449 0.0603258 0.569289
2 0.78298 0.86988 0.0769891 0.0770922 0.56385
2 0.93712 0.772619 0.0778992 0.0770908 0.563034
2 0.536499 0.397777 0.0782118 0.0776777 0.562904
2 0.0170048 0.944338 0.0339644 0.0716938 0.562722
1 0.10665 0.606228 0.0764916 0.0759152 0.55964
2 0.667842 0.427237 0.0761517 0.076441 0.557645
1 0.406121 0.803583 0.0763004 0.075951 0.556867
2 0.771878 0.498581 0.0752953 0.0748936 0.555688
1 0.978238 0.101673 0.0435249 0.0769213 0.554471
1 0.660649 0.748938 0.0752117 0.0761593 0.5543
2 0.39854 0.250461 0.0810816 0.0811382 0.550165
2 0.36191 0.901594 0.0773009 0.0769676 0.548669
2 0.437063 0.757859 0.0761929 0.0768888 0.547953
2 0.535725 0.14379 0.0796086 0.0777969 0.545233
2 0.747613 0.8321 0.0760536 0.0762371 0.544263
2 0.531848 0.241861 0.0780449 0.0783202 0.541868
2 0.777694 0.913634 0.0752623 0.0763113 0.541618
2 0.888016 0.0329355 0.0763178 0.065871 0.539692
2 0.214957 0.677118 0.0755504 0.0772035 0.539624
2 0.690744 0.161977 0.0773667 0.0768182 0.538914
1 0.541191 0.685945 0.0765848 0.0766378 0.538066
2 0.856004 0.397622 0.0761608 0.0764482 0.537798
1 0.778225 0.163444 0.0760577 0.0747425 0.535596
2 0.605099 0.629466 0.0738665 0.0737371 0.534568
2 0.766064 0.0553835 0.0758083 0.0756947 0.531488
2 0.0709745 0.0381234 0.0760965 0.0742383 0.53109
0 0.81791 0.795973 0.0772745 0.0774254 0.5287
2 0.820879 0.723728 0.0790832 0.0792906 0.528426
2 0.0740567 0.0252788 0.0756932 0.0505576 0.528419
1 0.982264 0.0673316 0.0350126 0.0772055 0.528133
1 0.140999 0.668548 0.0753348 0.0748632 0.527771
2 0.920656 0.120824 0.078561 0.0779733 0.526725
2 0.914502 0.0296308 0.0735065 0.0592136 0.525491
2 0.817081 0.211212 0.0771017 0.077351 0.522447
2 0.0206743 0.432478 0.0413485 0.0749703 0.521171
2 0.890313 0.791957 0.0766523 0.0763336 0.518656
2 0.16519 0.214336 0.0763425 0.0762122 0.512189
1 0.761393 0.963184 0.0741557 0.0723423 0.508748
1 0.543844 0.0330074 0.0769198 0.0660148 0.507103
2 0.389605 0.161607 0.0786573 0.078558 0.506204
2 0.726245 0.575155 0.0760363 0.0764192 0.504744
2 0.067081 0.807699 0.0754049 0.0745529 0.504556
0 0.891325 0.791561 0.0785173 0.0782219 0.50307
1 0.0305676 0.661412 0.0611353 0.074021 0.501411
2 0.025181 0.748944 0.050362 0.0740009 0.501133
