0 0.194985 0.0806177 0.0781629 0.0781858 0.932698
0 0.0824555 0.165291 0.0760011 0.0763527 0.929397
2 0.475445 0.109748 0.0771341 0.0768163 0.926605
2 0.726648 0.504359 0.0802751 0.0793642 0.92435
0 0.656789 0.0946327 0.0773865 0.0769118 0.924181
2 0.36114 0.116323 0.0757675 0.0754553 0.923699
1 0.543208 0.316254 0.0778726 0.0778843 0.922895
0 0.291445 0.220543 0.0771142 0.0767949 0.922246
0 0.67067 0.351791 0.0783094 0.0788821 0.921794
0 0.420725 0.157431 0.0762126 0.0760358 0.921295
0 0.0283798 0.0291763 0.0567596 0.0579711 0.920926
0 0.528521 0.628495 0.0765686 0.0769835 0.920417
0 0.500974 0.283562 0.0788029 0.0781098 0.920288
2 0.676692 0.59838 0.0794954 0.0789598 0.918286
0 0.413778 0.450307 0.0777108 0.0773926 0.918162
2 0.0554995 0.105191 0.077101 0.0770544 0.918063
0 0.0699197 0.0844943 0.0766074 0.077337 0.918056
2 0.665414 0.158102 0.0792494 0.0788469 0.918022
0 0.116021 0.102103 0.0774889 0.0782413 0.917739
0 0.497451 0.4603 0.0778283 0.0774895 0.917509
0 0.477567 0.170592 0.0770063 0.0765175 0.917142
0 0.636262 0.127655 0.0791918 0.0785449 0.91713
0 0.429634 0.270494 0.0773577 0.076692 0.917014
2 0.6872 0.341014 0.0796505 0.0788687 0.916996
2 0.644739 0.449753 0.0775076 0.0788486 0.916946
2 0.54918 0.29704 0.0766333 0.0763622 0.916763
0 0.386985 0.240641 0.0784903 0.0779628 0.916549
2 0.5752 0.420804 0.0789115 0.077981 0.916153
0 0.0582245 0.0326358 0.0762578 0.0652717 0.916136
2 0.406774 0.434568 0.0765311 0.0768515 0.915923
0 0.661986 0.609286 0.0774689 0.0777361 0.915476
0 0.473456 0.559352 0.0763948 0.0759037 0.915418
0 0.43247 0.0466086 0.0771905 0.0777653 0.9154
2 0.699415 0.368519 0.0806701 0.0790679 0.91502
0 0.233031 0.192351 0.077155 0.0773347 0.914822
2 0.0556942 0.509225 0.0764313 0.0763309 0.914765
2 0.31579 0.218281 0.0771045 0.0765858 0.914675
0 0.726523 0.145072 0.080286 0.0791551 0.914512
0 0.405909 0.187497 0.0765204 0.0771955 0.914281
2 0.304641 0.201555 0.077135 0.0786095 0.914255
0 0.411897 0.308369 0.0775711 0.0768796 0.914025
2 0.497644 0.407168 0.078331 0.0776493 0.914
2 0.396311 0.193785 0.0766459 0.0762472 0.913932
0 0.147897 0.642206 0.077528 0.0764319 0.913821
0 0.362251 0.199261 0.0777669 0.0776189 0.913818
0 0.0319654 0.0792383 0.0639307 0.0760643 0.913459
0 0.0332383 0.113132 0.0664767 0.076599 0.912878
0 0.663715 0.520278 0.0772942 0.0764668 0.912857
0 0.393529 0.385723 0.0770355 0.0777799 0.912788
0 0.426826 0.422193 0.0774297 0.0766813 0.912232
0 0.473313 0.4565 0.0777758 0.0764511 0.912041
0 0.461301 0.100077 0.0769573 0.0769211 0.911948
0 0.0806443 0.108283 0.077264 0.0772323 0.911943
2 0.78389 0.480411 0.0793937 0.0791611 0.911056
2 0.58557 0.0822182 0.0786017 0.0776415 0.910963
2 0.155868 0.300154 0.0755337 0.0763325 0.910814
0 0.104005 0.185972 0.0770105 0.0765782 0.910719
0 0.423357 0.379595 0.0788862 0.0776468 0.910717
0 0.348162 0.227548 0.0783031 0.07811 0.910588
0 0.651776 0.261471 0.0794739 0.0792237 0.910474
1 0.426581 0.47957 0.0768866 0.0770704 0.910176
2 0.944521 0.794874 0.0781778 0.0783442 0.910168
0 0.433523 0.395057 0.07721 0.0774113 0.909518
0 0.430522 0.0875963 0.0768551 0.0775058 0.909454
2 0.637883 0.1811 0.0794651 0.0780566 0.909105
0 0.549658 0.0823483 0.0788788 0.0771493 0.909071
0 0.382801 0.316535 0.0768726 0.076627 0.908967
2 0.458924 0.422396 0.076494 0.0759198 0.908701
0 0.131925 0.253589 0.0769337 0.0765687 0.908584
0 0.326072 0.450971 0.0776984 0.0778305 0.908552
0 0.486292 0.141002 0.0760733 0.0760266 0.90842
2 0.598384 0.266443 0.079531 0.0786362 0.9082
0 0.376312 0.412315 0.0762699 0.0763202 0.908153
0 0.429331 0.253995 0.077845 0.0787097 0.908128
0 0.64248 0.620944 0.0766033 0.0763329 0.908027
0 0.689937 0.245292 0.0796193 0.0784883 0.907968
0 0.680374 0.652031 0.0785604 0.0790682 0.907865
2 0.611572 0.254839 0.0794661 0.0786192 0.907637
2 0.450951 0.22218 0.076659 0.0760991 0.907589
0 0.234131 0.135217 0.0775742 0.0779561 0.907475
0 0.390357 0.36539 0.0793043 0.078204 0.907439
0 0.450165 0.198273 0.0765868 0.0765489 0.907287
2 0.542386 0.643518 0.0773842 0.0772074 0.906861
0 0.373002 0.156501 0.0765368 0.075876 0.906519
2 0.406066 0.203355 0.0759904 0.075906 0.906397
0 0.0846349 0.13446 0.0771653 0.0766318 0.906305
1 0.609732 0.596368 0.0784498 0.0780607 0.906254
2 0.514941 0.260959 0.076732 0.0763739 0.906213
0 0.396125 0.0830333 0.0772099 0.0766317 0.906135
0 0.604092 0.0928172 0.0785086 0.0772721 0.906055
0 0.529387 0.243851 0.0764215 0.0762857 0.905869
0 0.202155 0.2764 0.0765031 0.0759747 0.905861
0 0.330559 0.168799 0.0773369 0.0772853 0.905849
0 0.47844 0.281336 0.0787557 0.0774637 0.905803
1 0.595865 0.209381 0.0793598 0.0794083 0.90571
0 0.0997249 0.169033 0.0781762 0.0766229 0.905569
2 0.178046 0.510335 0.0768926 0.0761005 0.905448
0 0.398416 0.340577 0.0792804 0.0780037 0.905226
0 0.116149 0.0728715 0.0762679 0.0766191 0.905203
0 0.397937 0.967631 0.0766366 0.0641321 0.90512
0 0.0577195 0.0554268 0.0762958 0.0761187 0.904981
2 0.0985697 0.107881 0.0784299 0.0773084 0.90496
2 0.759031 0.479599 0.0805464 0.0800247 0.904947
0 0.655144 0.0534201 0.0781187 0.078638 0.904883
2 0.495896 0.192175 0.0767828 0.0765169 0.90471
2 0.193863 0.201219 0.0767587 0.0769332 0.904614
2 0.558582 0.416611 0.0789211 0.0789845 0.904573
0 0.154066 0.226491 0.0761902 0.0761682 0.904547
2 0.93591 0.815482 0.0776909 0.077405 0.90452
2 0.0278603 0.518512 0.0557206 0.0750545 0.904359
0 0.467789 0.549801 0.0760267 0.0763229 0.904233
0 0.356589 0.289666 0.0766047 0.0767762 0.904107
2 0.657 0.23112 0.0782015 0.0780962 0.903701
0 0.454424 0.0338806 0.0782207 0.0677613 0.903628
2 0.880456 0.849708 0.0777418 0.0790443 0.903421
1 0.256421 0.277138 0.0772301 0.0770601 0.903252
2 0.150124 0.503405 0.0771163 0.0760283 0.903177
0 0.539385 0.208033 0.0778458 0.0769569 0.903129
2 0.0511365 0.530128 0.0744696 0.0750608 0.902715
1 0.73848 0.308336 0.0802368 0.079386 0.902431
0 0.410746 0.325245 0.0790038 0.0785742 0.902346
2 0.615743 0.113806 0.0782688 0.0788592 0.902198
1 0.841956 0.428725 0.0774527 0.0770235 0.901917
0 0.603527 0.130024 0.0788096 0.0782143 0.901797
0 0.136826 0.8542 0.0752266 0.0754932 0.901789
2 0.957193 0.818432 0.0776402 0.0771217 0.901748
1 0.267609 0.863087 0.0770039 0.0770811 0.901724
2 0.178752 0.538244 0.0755819 0.0758049 0.901542
0 0.632984 0.11463 0.0777353 0.0784324 0.901353
1 0.325784 0.392645 0.0765567 0.076305 0.90111
2 0.610575 0.657579 0.0770176 0.076608 0.900964
0 0.122774 0.0598822 0.0771273 0.0762254 0.900909
0 0.942967 0.877538 0.0779724 0.0791611 0.900778
0 0.588465 0.452055 0.0786965 0.0782763 0.90061
1 0.606245 0.350278 0.078445 0.0789156 0.900579
0 0.334689 0.256145 0.077249 0.0773325 0.900479
1 0.62873 0.393467 0.0772624 0.0774311 0.9003
0 0.325976 0.151514 0.0786287 0.0787522 0.900221
0 0.495475 0.114782 0.0773041 0.0781227 0.900086
0 0.970514 0.741038 0.0589716 0.0780616 0.899917
2 0.522518 0.171706 0.0775873 0.0770774 0.899872
1 0.553475 0.128573 0.077443 0.07736 0.899719
0 0.0541168 0.125236 0.0770848 0.0762609 0.899441
1 0.349249 0.492548 0.0768696 0.0766068 0.899302
2 0.614439 0.241987 0.0789001 0.0785927 0.899119
1 0.906209 0.938817 0.0781603 0.0779049 0.898952
1 0.317856 0.798356 0.0765873 0.0770016 0.898661
2 0.919798 0.860022 0.0777407 0.0781384 0.898653
2 0.605105 0.0748757 0.0785106 0.0793285 0.898123
0 0.926703 0.799977 0.0783318 0.0784113 0.897769
1 0.770321 0.369545 0.0807388 0.0803974 0.897603
0 0.654178 0.214759 0.0792206 0.0797415 0.897559
2 0.736324 0.545036 0.0804907 0.0794998 0.897495
1 0.556402 0.169711 0.0781458 0.0782791 0.89728
2 0.373469 0.456598 0.0764204 0.0767146 0.897251
1 0.746688 0.101634 0.0797037 0.0798045 0.897161
2 0.32911 0.281461 0.0777674 0.0768147 0.897057
1 0.717257 0.347003 0.0786248 0.0794891 0.897018
1 0.443012 0.570515 0.0765554 0.075931 0.896996
1 0.571101 0.189205 0.0786026 0.0796518 0.896995
1 0.645758 0.750259 0.0777197 0.0787194 0.896624
2 0.497817 0.48221 0.0779413 0.0770841 0.896408
0 0.033617 0.0395292 0.0672341 0.0754876 0.896366
2 0.899518 0.841828 0.0772236 0.0775068 0.896359
2 0.478395 0.654955 0.0766043 0.0766258 0.896331
2 0.562097 0.93243 0.0795216 0.0784786 0.896051
0 0.344819 0.316168 0.0762362 0.0766933 0.896003
1 0.751769 0.198302 0.0813601 0.0818498 0.895914
1 0.761333 0.722801 0.0803211 0.0798243 0.895649
0 0.412491 0.247318 0.0780138 0.0780049 0.895643
0 0.457242 0.555346 0.0753641 0.0756328 0.895224
2 0.528317 0.29939 0.0770153 0.0768575 0.894862
2 0.167042 0.51905 0.07626 0.0764705 0.8948
2 0.122509 0.864505 0.0751038 0.0753403 0.894582
2 0.202854 0.25779 0.07681 0.0759051 0.894551
2 0.69088 0.153317 0.0789234 0.0793175 0.893818
1 0.357467 0.823498 0.0765815 0.0774317 0.893811
1 0.129649 0.184216 0.0764214 0.0761816 0.893786
1 0.566017 0.575104 0.0788408 0.0787703 0.893722
1 0.818316 0.796223 0.079373 0.0788172 0.893707
1 0.895777 0.594893 0.0784063 0.0782725 0.893609
2 0.3592 0.37523 0.0775233 0.0774909 0.893595
1 0.725617 0.7605 0.0790242 0.0789995 0.893558
1 0.881026 0.963897 0.0784119 0.0721548 0.893457
0 0.689161 0.386241 0.080081 0.0794912 0.89313
0 0.929199 0.882347 0.0773582 0.0769569 0.892963
0 0.792538 0.500727 0.0785116 0.0797895 0.89291
0 0.455283 0.239899 0.076999 0.0769111 0.892803
1 0.422288 0.633138 0.0767177 0.0761791 0.892802
1 0.293469 0.920175 0.0762401 0.0761591 0.892775
1 0.814409 0.367263 0.0799246 0.079426 0.892705
1 0.8053 0.8218 0.0799896 0.0799842 0.892608
1 0.566862 0.898802 0.0775629 0.0786392 0.892105
1 0.761265 0.917994 0.0815882 0.0806128 0.892049
1 0.783381 0.697808 0.0787195 0.0792805 0.891941
1 0.790879 0.110108 0.0789573 0.0795227 0.891747
1 0.80679 0.917322 0.0806644 0.0805458 0.891605
2 0.618146 0.0830052 0.0780504 0.0776433 0.891486
1 0.569895 0.788693 0.0784016 0.0790369 0.89141
1 0.363978 0.610387 0.0780277 0.07795 0.891321
2 0.394458 0.251396 0.07753 0.0776627 0.89127
1 0.226209 0.548592 0.0758154 0.07619 0.890885
2 0.0414118 0.553453 0.075847 0.0750526 0.89088
1 0.147643 0.618809 0.0767823 0.0757737 0.890838
1 0.742806 0.955814 0.0784981 0.0775852 0.890828
0 0.421754 0.358788 0.0790032 0.0780364 0.890748
1 0.567959 0.825447 0.078307 0.0791214 0.890737
2 0.495716 0.628776 0.0758614 0.0762342 0.890699
2 0.928401 0.846003 0.0778177 0.0773704 0.890568
1 0.853035 0.449584 0.0781361 0.0789133 0.890549
1 0.396363 0.165007 0.075634 0.0752565 0.890446
1 0.706464 0.324402 0.0789808 0.0799223 0.890387
0 0.567285 0.45066 0.0779965 0.0788567 0.890296
1 0.154519 0.155827 0.0771403 0.0769168 0.890059
2 0.674944 0.218645 0.0798058 0.0788149 0.889848
1 0.792929 0.361928 0.0803268 0.081636 0.88969
1 0.515453 0.818136 0.0780371 0.0773571 0.889511
1 0.264183 0.42953 0.0783871 0.0779161 0.889417
1 0.624905 0.762806 0.0773334 0.0770857 0.889229
2 0.682673 0.551821 0.078681 0.0794952 0.889016
1 0.380953 0.924227 0.0766808 0.0774517 0.88879
2 0.63934 0.244716 0.0792513 0.0782101 0.888708
1 0.352894 0.792422 0.0755916 0.0755508 0.888471
1 0.303892 0.464506 0.0763253 0.0763788 0.888198
2 0.565182 0.261176 0.0783244 0.0780564 0.888142
1 0.633225 0.291458 0.0784645 0.0786995 0.887879
1 0.0481036 0.887518 0.0740093 0.0738918 0.887633
1 0.476005 0.711018 0.0763606 0.0762978 0.887545
2 0.508041 0.616197 0.0769295 0.0770964 0.887405
1 0.370587 0.634446 0.0775101 0.0775667 0.887361
1 0.544266 0.481569 0.0768463 0.0772041 0.887359
2 0.716306 0.525915 0.0797028 0.0796664 0.887264
0 0.66179 0.184934 0.0797307 0.0789431 0.887221
1 0.774267 0.794497 0.0774954 0.0778004 0.887208
2 0.432105 0.311787 0.0777232 0.0776106 0.886839
1 0.801981 0.462207 0.0788565 0.0791269 0.886823
0 0.449772 0.113734 0.0768888 0.076587 0.88682
2 0.524342 0.113827 0.0781948 0.0776683 0.886507
1 0.604383 0.78005 0.0785042 0.0790262 0.886191
2 0.654257 0.531286 0.0772675 0.0771425 0.886027
1 0.191309 0.464852 0.0764038 0.0769514 0.886007
2 0.893559 0.823571 0.0778759 0.078512 0.885957
0 0.0245958 0.28964 0.0491915 0.0758517 0.88582
1 0.954868 0.853604 0.0778107 0.0772863 0.885326
1 0.151426 0.733568 0.0756637 0.0757801 0.885306
2 0.239631 0.211036 0.0757415 0.0757685 0.885012
2 0.0265693 0.0672813 0.0531386 0.075941 0.884823
1 0.925488 0.655895 0.0798151 0.0784046 0.884575
0 0.976106 0.712762 0.0477871 0.0801523 0.884539
2 0.251281 0.253123 0.0783308 0.077164 0.884397
2 0.503995 0.156451 0.0772921 0.0765178 0.884364
2 0.320045 0.203378 0.0771225 0.0773613 0.884259
2 0.920704 0.921082 0.0796043 0.0792677 0.884227
2 0.597991 0.682061 0.0768775 0.0774387 0.884111
1 0.847232 0.71859 0.0794731 0.0794098 0.884058
2 0.351833 0.966263 0.0742707 0.067448 0.883816
0 0.0348605 0.098206 0.0696144 0.0758981 0.88375
1 0.0484233 0.692542 0.0766151 0.0766596 0.883617
0 0.383571 0.341361 0.0779168 0.077625 0.883568
2 0.328519 0.190238 0.0763318 0.0758914 0.883457
2 0.920697 0.768141 0.0786701 0.0778456 0.883384
1 0.593184 0.831583 0.0779414 0.0786583 0.883381
2 0.19232 0.241953 0.0768784 0.0766652 0.882909
1 0.0726506 0.392533 0.0760374 0.0758912 0.882684
1 0.946646 0.471812 0.0781931 0.0779738 0.882632
1 0.749578 0.130195 0.0785006 0.0789441 0.881397
1 0.831108 0.474063 0.0781246 0.0783146 0.881085
1 0.290222 0.432375 0.0791921 0.0773289 0.881074
1 0.883443 0.566248 0.0791111 0.0786406 0.881029
1 0.272755 0.881269 0.0760541 0.0754271 0.880691
1 0.320757 0.78077 0.0769776 0.0763657 0.88055
1 0.471115 0.323125 0.0775997 0.0770967 0.880354
2 0.499013 0.0304728 0.0785263 0.0608642 0.880278
0 0.685722 0.0238853 0.078792 0.0477705 0.879921
1 0.324993 0.510262 0.0772514 0.0781019 0.87963
0 0.0274392 0.741313 0.0548784 0.0768459 0.87923
1 0.587822 0.852236 0.0784401 0.0792208 0.878922
1 0.194111 0.100709 0.0780627 0.0784059 0.878691
1 0.53918 0.881117 0.0767487 0.0764725 0.878552
0 0.624738 0.457782 0.0778835 0.0767609 0.878435
1 0.178062 0.732853 0.0764268 0.0760367 0.87822
1 0.633327 0.577093 0.0775396 0.0777145 0.878127
1 0.339149 0.809346 0.0762886 0.0770271 0.877947
1 0.292266 0.813301 0.0770103 0.0769957 0.877496
1 0.876874 0.9461 0.0784195 0.0780418 0.877429
2 0.869429 0.0389667 0.0769012 0.0755897 0.877364
1 0.270411 0.506958 0.0770607 0.0770811 0.877131
1 0.917812 0.685183 0.0794552 0.0796533 0.877086
1 0.808769 0.946067 0.0784882 0.0780483 0.877034
1 0.542744 0.798974 0.0786306 0.0788864 0.876754
1 0.208524 0.509651 0.0768915 0.0761934 0.876682
1 0.907955 0.1324 0.0773037 0.0775522 0.876354
2 0.433322 0.286477 0.0774488 0.0778916 0.87615
0 0.37934 0.32722 0.0776318 0.0777254 0.875239
1 0.776413 0.949847 0.0807703 0.0818777 0.875148
0 0.585776 0.589959 0.0783611 0.0785705 0.874957
1 0.444619 0.339965 0.0776871 0.0772434 0.874911
0 0.970409 0.828211 0.0591813 0.0779188 0.874748
1 0.845371 0.0592978 0.0796038 0.0788893 0.874246
0 0.375697 0.367119 0.0781494 0.0772721 0.874209
1 0.387892 0.869273 0.0778333 0.0773899 0.873874
1 0.709861 0.9672 0.0782963 0.0655995 0.873776
2 0.676605 0.031646 0.0778883 0.0626741 0.873044
2 0.154157 0.553513 0.0766715 0.0763838 0.872675
1 0.847959 0.74533 0.0801617 0.0794672 0.872479
1 0.0448872 0.652673 0.076725 0.0764899 0.872452
1 0.602396 0.316352 0.079289 0.0785271 0.872135
1 0.854002 0.929469 0.080229 0.079813 0.872025
1 0.0917822 0.463135 0.0758527 0.0756063 0.871834
1 0.581758 0.878172 0.0786074 0.078809 0.871566
2 0.188998 0.80401 0.0756231 0.0754573 0.871511
1 0.294653 0.764588 0.0764164 0.0766863 0.871034
1 0.946884 0.20475 0.0776192 0.0774701 0.870828
1 0.347015 0.457442 0.0766404 0.0763931 0.870395
1 0.41109 0.670114 0.0776419 0.0766649 0.870354
0 0.112169 0.562781 0.0764634 0.0760975 0.869941
2 0.121099 0.0353904 0.0776511 0.0707807 0.869842
0 0.382237 0.271782 0.0772359 0.0769265 0.869407
2 0.36919 0.961655 0.0767892 0.0748497 0.869374
1 0.836935 0.958721 0.0788736 0.079818 0.869366
1 0.803628 0.96742 0.0786839 0.0651424 0.869196
1 0.04282 0.666642 0.0769948 0.0763754 0.869151
2 0.884489 0.0296873 0.0768661 0.0593746 0.869114
1 0.927521 0.310029 0.0770615 0.0774659 0.869087
1 0.27115 0.318624 0.0776372 0.0782987 0.869
2 0.528252 0.260496 0.0765555 0.0763858 0.868896
1 0.922826 0.464565 0.0780098 0.0782454 0.868606
1 0.354677 0.533787 0.0773046 0.0777839 0.868518
2 0.860793 0.863165 0.0782017 0.0780664 0.868484
1 0.732291 0.058424 0.0796354 0.0792995 0.868398
1 0.0692459 0.941428 0.0741977 0.0737606 0.868245
1 0.531591 0.859798 0.0770094 0.077529 0.86824
0 0.574621 0.0969246 0.0787821 0.0777516 0.868083
0 0.219549 0.0289505 0.0767059 0.0576925 0.867919
0 0.671905 0.297332 0.0782366 0.0784573 0.867885
2 0.609883 0.674239 0.0781765 0.078159 0.867846
1 0.856663 0.331401 0.079874 0.0794314 0.867834
1 0.32479 0.420906 0.0764903 0.0766968 0.867791
1 0.257149 0.0528392 0.0783755 0.0787559 0.867774
1 0.330136 0.541 0.0765789 0.0763428 0.867752
1 0.0867196 0.530715 0.0762438 0.0760789 0.867689
1 0.482774 0.747965 0.0768112 0.0766052 0.867476
1 0.225436 0.877076 0.0755204 0.0758675 0.867327
1 0.499595 0.867759 0.076346 0.0763844 0.867263
1 0.724052 0.901486 0.0794527 0.0793552 0.867244
0 0.644581 0.202615 0.0792042 0.079808 0.866944
2 0.0339698 0.524746 0.0679395 0.0756957 0.866931
1 0.797721 0.744946 0.0788555 0.0787403 0.866738
1 0.235702 0.810587 0.0771047 0.0771099 0.86653
1 0.621122 0.529622 0.0776705 0.0779608 0.866179
1 0.374991 0.830963 0.0760763 0.0760303 0.866165
1 0.533691 0.767263 0.0771756 0.0769981 0.866087
1 0.619564 0.376508 0.0787914 0.0793729 0.865625
1 0.0816405 0.409883 0.0772772 0.0769111 0.865608
2 0.964866 0.0345173 0.0701254 0.0688383 0.86541
1 0.0353119 0.331899 0.0706237 0.0755896 0.865295
1 0.318294 0.305557 0.0781891 0.0773076 0.864847
1 0.760291 0.851651 0.0800034 0.0802429 0.864033
2 0.665704 0.329765 0.0784068 0.078087 0.864013
2 0.137018 0.307108 0.075614 0.0756746 0.864
1 0.948684 0.240644 0.0787664 0.0781837 0.863309
1 0.671454 0.500457 0.0786587 0.0789969 0.862941
2 0.236019 0.939978 0.077426 0.0776001 0.862795
1 0.623971 0.796005 0.0775537 0.0777592 0.862619
2 0.71374 0.714012 0.0795467 0.0787431 0.862302
1 0.290782 0.394624 0.0758379 0.075979 0.862052
1 0.254648 0.568439 0.0774285 0.0777412 0.862007
1 0.539603 0.519514 0.0789387 0.0784245 0.861879
2 0.537847 0.929886 0.0783133 0.0776791 0.861774
2 0.383253 0.970681 0.0772126 0.0586378 0.861674
1 0.368956 0.906467 0.076307 0.0770027 0.861535
1 0.231792 0.782298 0.0758077 0.0759075 0.861507
2 0.482541 0.625871 0.0759626 0.0763166 0.86096
1 0.864742 0.477989 0.0784416 0.0781691 0.860572
1 0.392226 0.129768 0.0761561 0.0761898 0.860406
1 0.84711 0.363379 0.0801163 0.0808336 0.860299
1 0.541257 0.971096 0.0785687 0.0577572 0.860279
1 0.272538 0.468745 0.0784238 0.0778352 0.86017
1 0.76529 0.890102 0.0804073 0.0797764 0.859501
1 0.65639 0.374491 0.078441 0.0795683 0.858976
1 0.807307 0.436425 0.0786327 0.0791409 0.858579
2 0.865184 0.0292132 0.0792074 0.0584264 0.858546
1 0.260707 0.812456 0.0765022 0.0771124 0.858386
0 0.850301 0.881067 0.0789177 0.0779165 0.857115
1 0.321736 0.559411 0.0779783 0.0777584 0.856829
0 0.481084 0.230616 0.0769768 0.0768686 0.856813
2 0.697594 0.129299 0.0791315 0.0788301 0.856639
2 0.248518 0.110871 0.0798173 0.0801586 0.856639
1 0.69117 0.831985 0.0786274 0.0786335 0.85626
1 0.671057 0.762221 0.0774114 0.0782171 0.855466
2 0.168698 0.565831 0.0754096 0.0757654 0.855328
2 0.442487 0.435259 0.0764139 0.0769422 0.855204
1 0.708008 0.0278454 0.0783007 0.0556702 0.855117
2 0.133924 0.871186 0.0741648 0.0739742 0.855063
1 0.583173 0.913376 0.0784876 0.0804386 0.855049
2 0.952604 0.325911 0.0777603 0.0781823 0.855045
1 0.0522709 0.307679 0.075841 0.0752577 0.854841
2 0.127082 0.48741 0.0765034 0.0761456 0.854594
2 0.0585395 0.204856 0.0768109 0.0766528 0.854545
1 0.626552 0.547581 0.0776505 0.0776356 0.85343
1 0.815423 0.869695 0.0808973 0.0799925 0.853395
2 0.919889 0.0304385 0.0780869 0.0600661 0.853187
2 0.470646 0.60041 0.0751942 0.0768739 0.853036
1 0.575182 0.619798 0.0786033 0.0775779 0.852843
1 0.764609 0.0924537 0.0801857 0.0788028 0.852755
2 0.484525 0.408676 0.077069 0.0766562 0.852725
2 0.460448 0.0545688 0.0775129 0.0773783 0.852718
1 0.887409 0.278233 0.0791773 0.0782583 0.850396
1 0.506627 0.304144 0.077706 0.0777365 0.850349
1 0.0587497 0.41308 0.0758337 0.0768901 0.850286
0 0.50905 0.220632 0.0765757 0.076475 0.850218
2 0.153856 0.788521 0.0751537 0.0750801 0.849886
1 0.601808 0.039798 0.0784201 0.0777452 0.849785
2 0.534777 0.681511 0.0787294 0.0778973 0.849681
2 0.635739 0.432618 0.0779439 0.0766411 0.849138
1 0.296113 0.557786 0.0770893 0.0778773 0.849048
2 0.346418 0.339589 0.0779682 0.0782975 0.848972
1 0.515271 0.844738 0.0767696 0.0765152 0.848833
2 0.65499 0.31041 0.0763338 0.077138 0.848734
1 0.511697 0.970653 0.0767591 0.0586941 0.848358
1 0.443303 0.867478 0.0764755 0.0765579 0.847919
0 0.128943 0.0921136 0.0766496 0.0774774 0.847775
2 0.223904 0.0722595 0.0793213 0.078554 0.847016
2 0.225214 0.950775 0.0756301 0.0753963 0.846947
1 0.850242 0.769576 0.0801086 0.0790166 0.846887
1 0.056826 0.724899 0.076304 0.0772593 0.84675
2 0.93031 0.527304 0.07771 0.0781998 0.846665
2 0.165085 0.817017 0.0745726 0.0746357 0.846647
1 0.193337 0.616707 0.0770748 0.0764221 0.846315
2 0.856705 0.392179 0.0783195 0.078341 0.845814
1 0.831222 0.970175 0.0800837 0.0592907 0.845237
0 0.0205075 0.146654 0.0410149 0.0763547 0.844298
1 0.277205 0.410992 0.0777338 0.0789161 0.844032
1 0.739037 0.0331282 0.0790112 0.0662415 0.843103
1 0.942803 0.956821 0.0797199 0.0790428 0.842265
2 0.380769 0.120139 0.0764966 0.0761615 0.84214
1 0.0373021 0.1915 0.0727519 0.0730511 0.84208
1 0.808969 0.0737026 0.0800339 0.0803269 0.842068
1 0.25019 0.85002 0.0757652 0.0760044 0.841976
1 0.0396385 0.358715 0.0758972 0.0758827 0.840401
1 0.762745 0.0563761 0.0810606 0.079397 0.840201
1 0.17346 0.836832 0.0744784 0.0743582 0.840025
1 0.0281786 0.182824 0.0563572 0.0752281 0.839134
2 0.68753 0.968336 0.0759327 0.0633285 0.838204
1 0.32607 0.479073 0.0785318 0.0781127 0.837914
2 0.168919 0.442745 0.076761 0.0769567 0.837846
2 0.706994 0.509061 0.0787909 0.0782658 0.837103
2 0.698998 0.478978 0.079229 0.0783859 0.837074
0 0.0174439 0.123592 0.0347941 0.0750974 0.836407
1 0.0777863 0.689692 0.0754628 0.0760145 0.836164
0 0.978483 0.762234 0.0426645 0.0789692 0.835761
2 0.456483 0.443678 0.0762987 0.0762178 0.834392
2 0.534068 0.414037 0.079266 0.0793144 0.834105
2 0.84087 0.406696 0.0780655 0.0780831 0.833867
1 0.264416 0.594404 0.0793732 0.0780708 0.833639
2 0.617114 0.72954 0.0784878 0.0776846 0.833413
1 0.0951429 0.429481 0.0769367 0.076953 0.832746
1 0.174518 0.0261655 0.0781078 0.0521202 0.832415
2 0.779953 0.513882 0.0792923 0.0805643 0.831878
0 0.659176 0.0217816 0.0775743 0.0435632 0.831582
1 0.0577571 0.274488 0.0758851 0.0755171 0.831577
1 0.371016 0.766362 0.0770255 0.0763943 0.831538
2 0.124831 0.317937 0.0763799 0.0763055 0.830878
1 0.495484 0.801542 0.0780941 0.0785904 0.830308
2 0.135511 0.274696 0.0755217 0.0751755 0.8299
2 0.839263 0.386022 0.080302 0.0803887 0.829666
1 0.757622 0.304142 0.0795153 0.0801641 0.829266
1 0.0959579 0.284037 0.0756294 0.0755584 0.82918
2 0.516384 0.572783 0.0764519 0.0765602 0.828062
1 0.549253 0.553123 0.0788387 0.0783802 0.82788
1 0.0669079 0.320053 0.0748633 0.0750009 0.827359
0 0.868457 0.130124 0.0775234 0.0770101 0.826512
1 0.800498 0.618099 0.078469 0.0785794 0.826497
1 0.764994 0.340627 0.0806416 0.0804694 0.825676
0 0.970799 0.606933 0.0582008 0.0770802 0.825507
1 0.247009 0.474456 0.0775552 0.0778465 0.825146
1 0.825733 0.101205 0.0801064 0.0792383 0.824039
1 0.631424 0.370601 0.0771762 0.07699 0.823962
1 0.108629 0.287407 0.074307 0.0740833 0.823385
0 0.473131 0.0909493 0.0760505 0.0762559 0.823352
2 0.849903 0.174761 0.0770165 0.0770579 0.823274
2 0.376662 0.302733 0.0772687 0.078153 0.822988
1 0.49043 0.366661 0.0769926 0.0770451 0.822906
1 0.713602 0.687996 0.0793165 0.0791789 0.822237
0 0.938385 0.410541 0.0784187 0.0779777 0.822072
1 0.434424 0.510767 0.0767729 0.0769573 0.820497
2 0.874863 0.0224945 0.0779804 0.044989 0.820087
1 0.627059 0.504159 0.0772848 0.0763198 0.819769
2 0.257919 0.756345 0.0771031 0.0771053 0.819356
1 0.491038 0.78092 0.0799062 0.0785886 0.818569
1 0.214084 0.466701 0.0755842 0.075398 0.818427
1 0.231405 0.274937 0.0757836 0.0752551 0.818336
0 0.0185716 0.237322 0.0371431 0.075053 0.817548
1 0.329618 0.769565 0.076443 0.0765452 0.817381
2 0.46337 0.475717 0.0777067 0.0779918 0.817092
0 0.914107 0.815067 0.0785648 0.078393 0.817031
2 0.263326 0.94431 0.0773595 0.0764891 0.816869
1 0.345312 0.0313762 0.0773026 0.0623311 0.81636
1 0.0262797 0.875688 0.0522939 0.0746872 0.815864
1 0.0798734 0.659289 0.0752856 0.0758584 0.815782
1 0.0397905 0.620969 0.0758164 0.0759424 0.815479
1 0.761931 0.393804 0.0810814 0.0797998 0.814999
1 0.280047 0.170184 0.0781679 0.0780066 0.814348
2 0.4347 0.123872 0.076523 0.0765706 0.813956
1 0.0799422 0.49107 0.0748981 0.0748009 0.813417
1 0.0827155 0.723164 0.0763894 0.0763828 0.813256
2 0.0370005 0.0268305 0.0732899 0.053661 0.812918
1 0.757215 0.655451 0.0789061 0.0787748 0.812428
1 0.637253 0.56074 0.0784132 0.0787142 0.812358
2 0.0414085 0.584879 0.0762792 0.0757137 0.812157
1 0.695398 0.0560157 0.0782989 0.0780111 0.811816
1 0.288201 0.125737 0.0792154 0.0790777 0.810718
1 0.0313722 0.910677 0.0627444 0.0718771 0.809398
2 0.389264 0.959347 0.0782187 0.0751305 0.809288
0 0.666212 0.25652 0.0774139 0.0777809 0.80888
1 0.925329 0.169297 0.077615 0.0768971 0.807791
1 0.614979 0.832362 0.0796244 0.0782644 0.807706
2 0.976342 0.729265 0.047316 0.0780574 0.806979
2 0.126874 0.599522 0.0757064 0.0759562 0.806587
2 0.400612 0.04243 0.0761234 0.0766288 0.805708
0 0.123647 0.0188948 0.0767614 0.0377897 0.805536
2 0.738917 0.629662 0.0788027 0.0785555 0.805208
1 0.162691 0.355631 0.0763346 0.0759121 0.804819
1 0.503062 0.733166 0.0776635 0.0777527 0.804464
1 0.750993 0.226137 0.0800864 0.0805594 0.804146
1 0.522867 0.75276 0.0794466 0.0792799 0.803214
1 0.117853 0.443064 0.0759074 0.0758619 0.802433
0 0.475584 0.215713 0.0772011 0.0767814 0.800546
2 0.533009 0.164048 0.0780376 0.0778238 0.800532
0 0.111163 0.499378 0.0753181 0.0752821 0.799498
2 0.257923 0.969765 0.0777193 0.0604711 0.798617
2 0.774009 0.488108 0.0800253 0.0803832 0.797274
1 0.730399 0.114122 0.0786285 0.0799175 0.796044
2 0.0334744 0.50206 0.0667809 0.0747421 0.794144
1 0.844091 0.564837 0.0784988 0.078668 0.794012
0 0.979627 0.790932 0.0405453 0.0769375 0.793338
1 0.599838 0.568741 0.0776146 0.0769676 0.793122
1 0.188258 0.328681 0.075148 0.0755301 0.792884
1 0.466312 0.849894 0.076545 0.0760025 0.792747
1 0.147374 0.0849762 0.0771669 0.0769281 0.791537
1 0.927685 0.445168 0.0773701 0.0768748 0.790939
1 0.393109 0.617006 0.0761264 0.0760883 0.790648
1 0.803963 0.715893 0.0782843 0.0784737 0.790573
1 0.776619 0.604981 0.0799534 0.0788595 0.790414
1 0.206176 0.898309 0.0747696 0.0748751 0.790154
2 0.101691 0.379436 0.0762928 0.0760075 0.789988
1 0.706461 0.779093 0.0780186 0.0787957 0.789839
0 0.715402 0.284829 0.0781176 0.0781142 0.789049
2 0.971893 0.311727 0.0559826 0.0780624 0.787973
1 0.871548 0.908904 0.0782925 0.0779617 0.787619
1 0.9758 0.245292 0.0483992 0.0782638 0.78756
1 0.661382 0.583983 0.0771132 0.077326 0.786929
0 0.473441 0.49863 0.0768597 0.0768055 0.786464
1 0.57744 0.335501 0.0790638 0.0791996 0.786415
2 0.150204 0.576111 0.076607 0.0761807 0.783088
1 0.506581 0.949861 0.0761492 0.0751776 0.782997
1 0.216245 0.581298 0.0766323 0.0767541 0.781325
1 0.0368885 0.172477 0.0730074 0.0748051 0.78125
2 0.592864 0.648229 0.0779659 0.0790016 0.781083
1 0.979399 0.283543 0.041172 0.077487 0.781063
1 0.941369 0.622839 0.0768162 0.0782455 0.781018
1 0.346111 0.746346 0.0767765 0.0764318 0.780866
1 0.0243161 0.828477 0.0486322 0.0759567 0.780065
1 0.477341 0.804341 0.0768507 0.0774773 0.780047
1 0.910842 0.0418017 0.0786762 0.0775448 0.779864
0 0.939532 0.0353826 0.0782475 0.0707653 0.779523
1 0.493427 0.930798 0.0768705 0.0768185 0.778649
1 0.194662 0.870727 0.0749637 0.0746695 0.777587
1 0.300473 0.370584 0.0759528 0.0760428 0.776613
1 0.907089 0.228873 0.077562 0.078319 0.776358
1 0.931586 0.384011 0.0775955 0.0775625 0.776247
1 0.839612 0.592161 0.0794752 0.0794091 0.77574
1 0.198452 0.969515 0.0769457 0.0609693 0.775052
2 0.583855 0.684671 0.0786781 0.0788379 0.773336
1 0.419797 0.544244 0.0761537 0.0760223 0.771445
1 0.779775 0.926149 0.0790808 0.0789192 0.77144
1 0.729968 0.74295 0.0786438 0.078249 0.771208
2 0.174216 0.0909492 0.0784437 0.0783904 0.771111
2 0.738721 0.170811 0.0818324 0.0807212 0.769916
0 0.49972 0.641124 0.0757118 0.0756621 0.768939
1 0.318602 0.0247863 0.0750102 0.0490366 0.768317
2 0.249937 0.906506 0.0772824 0.0764717 0.766143
1 0.927276 0.479222 0.0778709 0.0769644 0.765497
2 0.886501 0.415061 0.0782167 0.0776388 0.762364
2 0.107201 0.362418 0.0762437 0.0762365 0.761017
1 0.479411 0.831915 0.0775621 0.0765215 0.760914
1 0.412572 0.514455 0.0770337 0.0769648 0.758853
1 0.0319102 0.709873 0.0638204 0.0766218 0.758123
0 0.492875 0.148645 0.0764443 0.077067 0.756882
2 0.896512 0.760323 0.0795513 0.0792788 0.756395
1 0.069861 0.295129 0.0749332 0.0752195 0.756166
1 0.920529 0.206939 0.077948 0.0783106 0.755177
1 0.694036 0.105545 0.0782248 0.0782712 0.754162
2 0.0999919 0.146309 0.0768889 0.0760054 0.753773
1 0.964952 0.49204 0.070085 0.0724207 0.753604
2 0.97843 0.741876 0.0431402 0.0791004 0.753344
1 0.0889918 0.963417 0.0738907 0.0731653 0.752143
2 0.178292 0.604876 0.0767815 0.0764961 0.752005
2 0.0424087 0.571312 0.0758357 0.0743543 0.752
2 0.328637 0.931626 0.0759573 0.0758083 0.751942
1 0.923342 0.340742 0.0778744 0.0777857 0.751498
2 0.0681624 0.575638 0.0757497 0.075742 0.750998
1 0.373903 0.570272 0.0761276 0.0760534 0.750586
0 0.294814 0.0790883 0.0788212 0.0792827 0.750551
0 0.961661 0.334515 0.0740843 0.0763864 0.750485
1 0.392314 0.843049 0.0777503 0.077811 0.748785
1 0.744084 0.6925 0.0784813 0.0779675 0.744555
1 0.562304 0.389404 0.0795336 0.0795027 0.742892
1 0.0241847 0.640662 0.0482684 0.076194 0.740822
1 0.710221 0.943328 0.0779808 0.0775494 0.73948
1 0.953716 0.7579 0.0788326 0.0783241 0.739318
1 0.396199 0.89905 0.0770282 0.0764084 0.738438
0 0.411935 0.22637 0.0783581 0.0788735 0.735561
1 0.237161 0.759914 0.0764842 0.0762793 0.735361
1 0.715695 0.0186237 0.0778547 0.0372474 0.734567
1 0.26412 0.121741 0.0791353 0.0794241 0.734049
1 0.0194111 0.886514 0.0388223 0.0756805 0.732623
1 0.213991 0.435533 0.0766317 0.0769516 0.732193
1 0.204537 0.0622711 0.0767633 0.0781583 0.730688
1 0.549477 0.746265 0.079761 0.0791449 0.730602
1 0.736994 0.811707 0.0770987 0.0776781 0.730098
0 0.508049 0.198895 0.076889 0.077607 0.728624
1 0.0295499 0.203852 0.0589657 0.0754974 0.726722
2 0.155155 0.281314 0.0760818 0.0760749 0.726329
1 0.722508 0.79077 0.0772383 0.0776715 0.726189
1 0.230299 0.596074 0.0765666 0.0766084 0.726159
1 0.457452 0.528984 0.0763666 0.0761184 0.725125
1 0.969291 0.216949 0.0609854 0.0784914 0.724924
1 0.978837 0.534665 0.0421524 0.0770758 0.724838
1 0.415205 0.86838 0.0779024 0.0770821 0.723833
2 0.680587 0.975121 0.0782675 0.0497572 0.721685
2 0.859393 0.408685 0.0782478 0.0776907 0.715458
0 0.655324 0.0293008 0.0797531 0.0576229 0.714944
1 0.263712 0.538166 0.0773311 0.0771416 0.712679
0 0.245254 0.509992 0.0769829 0.0764198 0.71141
1 0.309717 0.581618 0.0777597 0.0772161 0.709098
2 0.235979 0.966619 0.0748426 0.0666027 0.708929
1 0.780217 0.759092 0.0776571 0.0773332 0.708826
1 0.175148 0.420012 0.0758713 0.0760777 0.708381
2 0.963515 0.786221 0.0723486 0.0792149 0.708349
1 0.735888 0.93202 0.079632 0.0787796 0.706163
2 0.441224 0.38399 0.0784968 0.0774825 0.704946
2 0.302946 0.17154 0.0768412 0.0766377 0.702838
1 0.293086 0.352115 0.0765319 0.0768618 0.702514
2 0.793941 0.540444 0.0798533 0.080788 0.702301
1 0.778713 0.735188 0.0773643 0.0789516 0.696617
1 0.718615 0.953798 0.0778439 0.0785099 0.696019
2 0.348322 0.244052 0.077204 0.0766106 0.694827
0 0.0244234 0.103004 0.0488468 0.076063 0.69431
0 0.373199 0.235553 0.077698 0.0778122 0.693571
1 0.763094 0.070221 0.0780195 0.0779995 0.692197
1 0.0269956 0.59958 0.0539913 0.0746906 0.691367
2 0.491384 0.17536 0.0766266 0.0784853 0.690417
1 0.687819 0.890588 0.0781337 0.0779129 0.689887
1 0.531531 0.90293 0.0764391 0.0762001 0.688759
1 0.0214417 0.372697 0.042789 0.073249 0.688439
1 0.105386 0.704839 0.0769166 0.0766849 0.688195
2 0.728258 0.71363 0.0777559 0.0781836 0.688084
2 0.701039 0.396311 0.0827404 0.0806342 0.684447
0 0.457738 0.123809 0.0774942 0.0766631 0.683921
2 0.143293 0.494816 0.0766986 0.0767214 0.682114
1 0.890823 0.730059 0.080056 0.0786955 0.680206
1 0.35661 0.0163263 0.0772669 0.0326527 0.678108
1 0.432493 0.849397 0.0782818 0.0781059 0.677812
2 0.502207 0.138735 0.0763498 0.0762602 0.677736
2 0.261857 0.78467 0.0777263 0.0773531 0.676159
1 0.0195075 0.936353 0.0389438 0.0764668 0.675508
1 0.558723 0.0702668 0.0777043 0.0776409 0.673614
1 0.971024 0.467111 0.0579523 0.0720729 0.666422
2 0.669629 0.413465 0.077061 0.0773906 0.665585
1 0.778889 0.640712 0.0787234 0.0783881 0.66545
2 0.551819 0.597007 0.0777708 0.0780422 0.659453
2 0.981752 0.875752 0.0363003 0.0797588 0.659451
1 0.583799 0.507435 0.0773007 0.0768274 0.655367
2 0.111334 0.676744 0.0769081 0.0762512 0.654177
2 0.563294 0.280593 0.076403 0.0769477 0.65284
1 0.54182 0.581153 0.07764 0.0771822 0.652574
1 0.158649 0.602279 0.0754824 0.0757917 0.652397
0 0.977094 0.679496 0.0452454 0.0740374 0.652163
2 0.969416 0.717752 0.0611675 0.0777175 0.650549
2 0.888186 0.374653 0.0777061 0.0780589 0.649667
1 0.0234255 0.348491 0.0467594 0.0725907 0.648544
2 0.974751 0.035714 0.0504978 0.070945 0.647746
0 0.161032 0.250587 0.0767771 0.0762622 0.647195
1 0.0155412 0.970744 0.0310824 0.0576582 0.647043
2 0.433831 0.0298717 0.0779618 0.0597434 0.646391
1 0.225204 0.843706 0.0720281 0.073299 0.6457
1 0.422942 0.725085 0.0770563 0.0775168 0.642525
2 0.686045 0.674039 0.0752222 0.0759014 0.64185
2 0.849993 0.0182736 0.0774563 0.0365472 0.639488
2 0.961701 0.978745 0.0731117 0.0424429 0.639248
2 0.413245 0.0505416 0.076482 0.07715 0.637036
1 0.434197 0.682886 0.077916 0.0772486 0.636999
1 0.885755 0.926451 0.0789665 0.0788467 0.634786
1 0.900591 0.160605 0.0775867 0.0776991 0.633648
2 0.140962 0.265056 0.0748416 0.0756988 0.633608
1 0.0514885 0.866382 0.0759339 0.0756178 0.631532
1 0.980321 0.198712 0.0393579 0.077903 0.631484
1 0.204697 0.398477 0.0765423 0.0770851 0.627572
1 0.368099 0.655973 0.0775218 0.076614 0.623319
2 0.419128 0.17958 0.0754752 0.0755208 0.621388
1 0.218447 0.88574 0.0761999 0.076017 0.620713
2 0.174309 0.98155 0.0756144 0.0368599 0.620552
1 0.868472 0.148944 0.07693 0.0765109 0.619493
1 0.831357 0.270148 0.0810698 0.0816281 0.619334
1 0.196925 0.416528 0.0758273 0.0759064 0.611888
2 0.481237 0.0204148 0.0775055 0.0408297 0.607919
1 0.569228 0.14613 0.0779968 0.0780457 0.605107
0 0.493381 0.243347 0.0762658 0.0771538 0.604485
1 0.968107 0.369931 0.0637861 0.0765803 0.60357
1 0.827769 0.18395 0.07966 0.0789879 0.603275
1 0.140258 0.977161 0.074449 0.0456356 0.599374
2 0.729221 0.577717 0.0782047 0.0788296 0.598146
1 0.777732 0.433107 0.0799522 0.0798485 0.597233
2 0.403165 0.778212 0.0770273 0.0769606 0.593283
1 0.337371 0.0613024 0.0772125 0.0772723 0.592948
1 0.812919 0.485699 0.077725 0.079311 0.591082
1 0.338448 0.627762 0.0786787 0.0774214 0.589503
1 0.481433 0.395744 0.0768986 0.0777869 0.589244
1 0.432702 0.654779 0.0761686 0.0757421 0.587153
1 0.0340223 0.854576 0.0674741 0.0736353 0.58525
1 0.713422 0.0433958 0.0775423 0.0778206 0.584862
2 0.610762 0.973682 0.079664 0.0523058 0.584388
1 0.448251 0.78766 0.0772592 0.0777384 0.583875
2 0.449433 0.460089 0.0763365 0.0761196 0.583088
1 0.306 0.971406 0.0729402 0.0571876 0.579179
0 0.502614 0.138284 0.077017 0.0781155 0.578415
2 0.672353 0.710846 0.0782333 0.0774494 0.575862
1 0.802368 0.584929 0.0783485 0.0786701 0.572273
0 0.369071 0.247096 0.077802 0.0780437 0.569976
0 0.441552 0.43341 0.0755635 0.0766178 0.569203
0 0.418404 0.179307 0.0766621 0.0768091 0.56811
1 0.902297 0.96334 0.0774059 0.0722145 0.564359
1 0.982937 0.371385 0.0341225 0.0772031 0.564073
1 0.48255 0.961453 0.0759647 0.0746689 0.563909
0 0.470693 0.199093 0.0764997 0.0768718 0.561255
1 0.017755 0.677117 0.0353215 0.0731098 0.559694
2 0.106932 0.0874714 0.0770091 0.0779699 0.558634
1 0.466274 0.68912 0.0777945 0.0786131 0.557855
1 0.441364 0.900506 0.0779292 0.0774078 0.555645
1 0.755459 0.785463 0.077237 0.0771114 0.554199
1 0.489216 0.892238 0.0762847 0.0758749 0.552857
1 0.89742 0.0715691 0.0774769 0.077383 0.552082
2 0.683384 0.27446 0.0770493 0.0771443 0.550009
2 0.960945 0.310251 0.0755446 0.0765878 0.54613
2 0.160605 0.168861 0.0779395 0.0763426 0.544641
2 0.419073 0.7575 0.0779578 0.0783268 0.54289
2 0.886276 0.624891 0.0783789 0.0785942 0.541687
1 0.315379 0.609262 0.0786227 0.0779385 0.539582
2 0.257016 0.0187892 0.0764562 0.0375784 0.539555
2 0.617744 0.687732 0.0773563 0.0763565 0.539517
1 0.601432 0.467738 0.0765326 0.0765623 0.538921
1 0.115687 0.781382 0.0757019 0.0745689 0.53854
2 0.865827 0.189965 0.077953 0.0777252 0.537675
1 0.806345 0.398006 0.0788071 0.0795645 0.536542
2 0.829663 0.121082 0.0757671 0.0763051 0.535507
2 0.425797 0.964356 0.0780167 0.0695499 0.535356
1 0.171501 0.694172 0.0765819 0.0769779 0.530577
2 0.476084 0.363887 0.0778865 0.0783566 0.528986
1 0.914402 0.54528 0.076405 0.0767923 0.528702
1 0.282425 0.908656 0.0758106 0.0760458 0.526028
1 0.0799082 0.3443 0.0754033 0.0754861 0.525775
1 0.4645 0.344719 0.0784247 0.0775809 0.524686
1 0.344008 0.952841 0.0766516 0.0760904 0.521723
1 0.0642629 0.745264 0.0752058 0.0760141 0.518674
0 0.230367 0.104928 0.0791011 0.0788923 0.518418
1 0.852672 0.790998 0.0776276 0.0777975 0.514871
1 0.625171 0.0199505 0.0750237 0.0399011 0.512355
2 0.865806 0.973731 0.0799173 0.0521807 0.509963
1 0.642742 0.812612 0.0760833 0.0772745 0.508644
0 0.955026 0.0477508 0.0778101 0.0772918 0.508562
1 0.955251 0.28051 0.07766 0.0776992 0.506777
1 0.0916105 0.819539 0.0758323 0.0762157 0.505845
1 0.652576 0.854813 0.0798745 0.0791096 0.504162
2 0.172778 0.375339 0.0768623 0.0754393 0.503838
1 0.0761383 0.611364 0.0756979 0.0750063 0.502866
1 0.0340942 0.980141 0.0645246 0.0397175 0.501018
