0 0.875722 0.369257 0.0690395 0.0689148 0.936835
0 0.44993 0.246997 0.06922 0.0702036 0.934724
0 0.245306 0.436689 0.0721849 0.0717274 0.927979
0 0.375228 0.342737 0.0699869 0.071208 0.927828
0 0.113943 0.932964 0.0747146 0.0743011 0.927614
0 0.787777 0.508295 0.0699954 0.0713098 0.927327
0 0.195358 0.309962 0.0718451 0.0715835 0.9268
0 0.768162 0.468893 0.0698079 0.0688114 0.926748
0 0.0733159 0.109575 0.075082 0.0753056 0.924664
0 0.106675 0.376109 0.0736719 0.0720307 0.924617
2 0.0735956 0.34589 0.0727217 0.0728914 0.923898
0 0.268697 0.270691 0.0711204 0.0701357 0.923887
2 0.804536 0.81406 0.0722233 0.0712151 0.922727
0 0.868033 0.271415 0.0713848 0.0703606 0.922002
0 0.311419 0.262089 0.0695848 0.0691875 0.921793
0 0.585549 0.275675 0.0682078 0.0687184 0.921547
0 0.18255 0.0517337 0.0733262 0.0732612 0.921428
2 0.107705 0.291668 0.0729593 0.0729819 0.921345
0 0.127054 0.198764 0.0757645 0.0757913 0.921066
2 0.648153 0.153869 0.0684187 0.0685762 0.920733
0 0.417222 0.345305 0.0707646 0.0702628 0.920732
2 0.495144 0.386705 0.0699755 0.06943 0.92064
2 0.109563 0.792818 0.0746487 0.0744812 0.920406
1 0.0654447 0.696184 0.0741884 0.0739541 0.920389
0 0.256908 0.741714 0.0737786 0.073288 0.92038
0 0.564188 0.85761 0.0707662 0.0716364 0.920207
0 0.0345343 0.336973 0.0690686 0.0718055 0.920017
0 0.152153 0.789903 0.0740791 0.0740016 0.919759
0 0.54942 0.161111 0.0688528 0.0695883 0.919479
0 0.124087 0.505506 0.0731413 0.0734518 0.918895
0 0.339754 0.385366 0.0702015 0.0699619 0.91868
0 0.921138 0.0990987 0.0709331 0.0700153 0.918594
0 0.848147 0.831839 0.0713615 0.0717774 0.918393
0 0.481116 0.382511 0.0714976 0.0710757 0.918211
0 0.351071 0.285618 0.069262 0.0696292 0.917754
0 0.321222 0.24252 0.0698289 0.0698807 0.917417
0 0.468582 0.832747 0.0715031 0.0712124 0.917088
0 0.217357 0.168665 0.0728989 0.0728416 0.916959
1 0.0376038 0.0892005 0.0726206 0.0741268 0.916897
0 0.431865 0.0426483 0.0706625 0.0699042 0.916822
0 0.64368 0.318226 0.0709696 0.0706053 0.91643
0 0.952523 0.469044 0.0707508 0.0708129 0.916348
0 0.48103 0.0700118 0.0676994 0.0682712 0.916261
0 0.179526 0.166131 0.0745251 0.0736952 0.916122
0 0.110737 0.213399 0.0733153 0.0733839 0.916037
2 0.29694 0.452675 0.0706954 0.0706737 0.915777
0 0.453317 0.421514 0.0712107 0.0715134 0.915722
0 0.836277 0.580569 0.0692442 0.070396 0.915679
2 0.700971 0.759256 0.0705173 0.0717153 0.915634
0 0.0648132 0.608455 0.0751459 0.0744478 0.915581
0 0.281692 0.194698 0.070331 0.0702225 0.91535
0 0.361952 0.307143 0.0693457 0.070513 0.914994
1 0.322941 0.426403 0.070645 0.0706549 0.914977
1 0.0299653 0.0751041 0.0599307 0.0737553 0.914724
0 0.374122 0.319277 0.0700146 0.0706727 0.914621
2 0.225292 0.763593 0.0725293 0.0723373 0.914486
0 0.39488 0.409063 0.0723186 0.0717714 0.914392
2 0.634914 0.256609 0.0701706 0.0710506 0.914316
2 0.822003 0.424672 0.0688054 0.068879 0.914141
0 0.746772 0.11901 0.0693449 0.0697315 0.914127
0 0.343967 0.274451 0.0707306 0.06935 0.91393
0 0.458662 0.372572 0.0709034 0.0711921 0.913734
1 0.186355 0.410589 0.0731041 0.0732733 0.913721
2 0.0536457 0.509998 0.0719743 0.0719638 0.913676
0 0.0267316 0.262574 0.0534632 0.073776 0.913668
0 0.442075 0.267349 0.0707544 0.0707818 0.913657
2 0.316586 0.185425 0.070943 0.0702047 0.91364
2 0.719185 0.755727 0.0716022 0.0716741 0.913425
0 0.333157 0.0696603 0.070144 0.0703555 0.913333
0 0.252678 0.171665 0.0707404 0.0704156 0.913227
0 0.244587 0.14537 0.071384 0.0712545 0.912992
0 0.305662 0.51892 0.0721334 0.0718882 0.912941
0 0.0289001 0.462513 0.0576498 0.0713802 0.912918
0 0.299031 0.200054 0.069593 0.0698628 0.912897
0 0.521447 0.421943 0.0700867 0.0705202 0.912755
2 0.385674 0.432687 0.0712001 0.0717566 0.912752
0 0.938609 0.444597 0.0695204 0.0700058 0.912625
0 0.296584 0.257544 0.069202 0.0698226 0.912603
2 0.852063 0.814829 0.0712131 0.0714869 0.912588
2 0.581405 0.46204 0.0705623 0.0694705 0.912575
2 0.741926 0.314644 0.0700554 0.068424 0.912549
2 0.195326 0.889437 0.0744758 0.0739574 0.912441
2 0.694376 0.739505 0.0709597 0.0699816 0.912261
0 0.093751 0.0822572 0.0739508 0.0735962 0.912206
0 0.0930199 0.0594371 0.0739811 0.0737621 0.912049
0 0.626623 0.467128 0.0706126 0.0709533 0.912036
0 0.408853 0.404982 0.0712759 0.0710287 0.911925
0 0.875848 0.298502 0.0703583 0.0698089 0.911831
0 0.107529 0.567241 0.0742786 0.0742531 0.911683
0 0.156781 0.138181 0.0719088 0.0719542 0.91154
2 0.681079 0.337459 0.0689789 0.0689654 0.911347
0 0.134511 0.0662043 0.0732895 0.0736114 0.911301
0 0.694118 0.469439 0.0703259 0.0702452 0.911294
0 0.485452 0.432396 0.0712579 0.0718284 0.911246
0 0.0277861 0.275776 0.055492 0.0714566 0.91124
0 0.759742 0.419042 0.068164 0.0684009 0.911162
2 0.880527 0.617489 0.070755 0.0702604 0.911131
0 0.811762 0.56677 0.0700142 0.0708273 0.911098
2 0.191026 0.841242 0.0739147 0.0736807 0.911088
0 0.451868 0.362434 0.0712893 0.0707852 0.911026
0 0.0971034 0.550256 0.0736088 0.0732321 0.911012
0 0.251727 0.427117 0.0722914 0.0719655 0.910821
0 0.346743 0.22504 0.0702727 0.0697721 0.910754
2 0.175998 0.859504 0.0747656 0.0744316 0.910668
0 0.739722 0.296858 0.0685308 0.0684951 0.910541
2 0.603685 0.249984 0.0694351 0.0688502 0.910468
0 0.17143 0.560313 0.0723965 0.0717964 0.910405
2 0.33491 0.497678 0.0708056 0.0709469 0.910315
2 0.843644 0.855891 0.0720409 0.0722244 0.910286
0 0.147323 0.36312 0.0725038 0.0722558 0.910273
0 0.0724006 0.391407 0.0716456 0.0714259 0.910243
1 0.122027 0.354549 0.0724816 0.0730018 0.910214
0 0.320818 0.159619 0.07023 0.0703828 0.910137
0 0.790327 0.398892 0.0682086 0.0673906 0.910089
0 0.133743 0.288155 0.0733893 0.07324 0.910041
0 0.224067 0.136155 0.0715801 0.0717423 0.909933
0 0.324537 0.895977 0.0719498 0.0722073 0.909928
0 0.304595 0.30315 0.0710977 0.0704508 0.909846
2 0.910196 0.538426 0.0691332 0.0683002 0.909775
2 0.833483 0.819098 0.071439 0.0715837 0.909748
0 0.157164 0.241025 0.0748147 0.0743355 0.909653
2 0.276932 0.476344 0.0712449 0.0703381 0.90956
0 0.149196 0.111355 0.0743413 0.0736529 0.909543
1 0.648811 0.591711 0.0689287 0.06998 0.909455
0 0.835996 0.288291 0.0691956 0.069253 0.909441
2 0.728471 0.788472 0.0722353 0.0716258 0.909433
0 0.0374934 0.599928 0.0745433 0.0755989 0.909204
0 0.579394 0.318492 0.0698503 0.0691053 0.909119
2 0.123009 0.444691 0.073215 0.0735828 0.909108
0 0.123739 0.784789 0.0745448 0.0748629 0.909086
0 0.537892 0.445566 0.0696348 0.0703253 0.90908
2 0.0776006 0.493387 0.0727063 0.0724091 0.909059
0 0.679643 0.457404 0.0700634 0.0708727 0.908897
1 0.192769 0.526619 0.0721582 0.0719078 0.908807
0 0.320442 0.199046 0.0711359 0.0705092 0.908696
0 0.0906285 0.597007 0.0745565 0.0744506 0.908668
0 0.25022 0.104923 0.0701086 0.0707338 0.908666
0 0.849463 0.190818 0.0701069 0.0693746 0.908574
0 0.809356 0.120308 0.069763 0.0703262 0.908559
2 0.462116 0.117163 0.0684949 0.0681745 0.908513
2 0.178818 0.719257 0.0743007 0.0748255 0.908488
0 0.709612 0.321041 0.0685102 0.0698433 0.908464
2 0.274417 0.537758 0.0708693 0.0707065 0.908409
0 0.0983169 0.837185 0.0749909 0.0748407 0.908302
1 0.193297 0.695915 0.0744743 0.0748175 0.908301
1 0.162539 0.343083 0.0729273 0.073044 0.908246
2 0.625427 0.0676801 0.0678666 0.0686922 0.908245
0 0.0327759 0.637605 0.0655518 0.0706486 0.908135
0 0.337292 0.0972614 0.0702652 0.0712522 0.907914
0 0.211263 0.410977 0.0726885 0.0725294 0.90786
2 0.81617 0.350354 0.0695021 0.0683298 0.907775
0 0.0404855 0.147326 0.076867 0.0760534 0.907691
2 0.310753 0.0641632 0.0689204 0.0686951 0.907597
0 0.433805 0.282825 0.0699344 0.0699971 0.907591
1 0.0538646 0.286527 0.0721755 0.0718404 0.907537
0 0.562567 0.464529 0.0679901 0.0688393 0.907417
0 0.662867 0.239467 0.0700321 0.0704091 0.907
0 0.703846 0.0993871 0.0701717 0.0692301 0.90698
0 0.255371 0.15803 0.0713891 0.0708985 0.906925
2 0.92552 0.0484375 0.0693066 0.0698668 0.906831
2 0.1166 0.865863 0.0748525 0.0752399 0.90678
0 0.676989 0.06502 0.0687996 0.0690128 0.906742
0 0.308747 0.650361 0.0712516 0.0715248 0.906717
0 0.413487 0.120271 0.0690088 0.0702741 0.906643
2 0.230363 0.120668 0.0724243 0.0716747 0.906614
0 0.0366199 0.225579 0.0711432 0.0730766 0.906576
2 0.0422297 0.687675 0.0747796 0.0745099 0.906531
0 0.112159 0.457845 0.0734807 0.0736915 0.906423
0 0.625091 0.449203 0.0695026 0.0696669 0.906381
0 0.603554 0.388017 0.0682008 0.0677882 0.906338
0 0.0565579 0.323714 0.073239 0.0728342 0.906314
0 0.77295 0.378043 0.0682024 0.0680902 0.906182
2 0.763916 0.192993 0.0690922 0.0697131 0.906095
2 0.782524 0.753029 0.0717917 0.0719236 0.906077
0 0.682937 0.223267 0.0702283 0.0701442 0.906054
0 0.304664 0.290341 0.0707816 0.0705036 0.905977
2 0.0363716 0.584565 0.0727432 0.0744774 0.905814
0 0.0324595 0.287189 0.0649189 0.0714443 0.905813
2 0.762235 0.292464 0.0683243 0.0677214 0.905756
0 0.348251 0.0454924 0.0705223 0.0703536 0.905715
1 0.44806 0.442438 0.0712903 0.0714741 0.905711
0 0.5229 0.284258 0.0692071 0.0703181 0.905679
0 0.112584 0.884271 0.0737784 0.0738308 0.905564
0 0.364875 0.271632 0.0692002 0.0693391 0.905536
0 0.0586558 0.569191 0.0742947 0.074291 0.905535
0 0.237896 0.218387 0.0713236 0.0710071 0.905467
0 0.220613 0.345619 0.0720572 0.0716012 0.905424
0 0.150414 0.0320336 0.0735458 0.0640673 0.905379
0 0.41828 0.24982 0.0716601 0.069637 0.905283
0 0.637923 0.040922 0.0684769 0.0683963 0.905259
2 0.651866 0.338262 0.069464 0.0690284 0.905178
0 0.389261 0.272537 0.0700333 0.0698509 0.905096
0 0.73279 0.0815542 0.0705006 0.069783 0.905066
2 0.633578 0.146573 0.0680912 0.0683692 0.904989
2 0.829602 0.250183 0.0706287 0.0695684 0.904955
0 0.259351 0.393018 0.0716827 0.0718593 0.904918
0 0.504758 0.135327 0.0702122 0.0701643 0.904889
0 0.6969 0.712712 0.070122 0.0695603 0.904864
2 0.690065 0.0413685 0.0694075 0.0699324 0.904833
0 0.132055 0.531571 0.073671 0.0733171 0.904818
0 0.877659 0.39647 0.0690601 0.0696218 0.904804
0 0.945484 0.211788 0.0707344 0.0699489 0.904793
0 0.285948 0.944144 0.0738256 0.0731344 0.904697
0 0.536678 0.138182 0.0689813 0.0682778 0.90459
0 0.106736 0.361809 0.0738752 0.0734541 0.904562
0 0.329167 0.292711 0.0694641 0.0688679 0.904521
0 0.24132 0.194022 0.0711578 0.0713872 0.904503
0 0.170381 0.196916 0.0743873 0.073527 0.904459
1 0.282294 0.153907 0.0707933 0.0704781 0.904451
0 0.321103 0.393392 0.0703866 0.071114 0.904275
1 0.0808104 0.432185 0.0733496 0.0734565 0.904264
0 0.905244 0.347128 0.0713226 0.0707038 0.904208
0 0.52767 0.404164 0.0695119 0.0694788 0.904128
0 0.107308 0.113202 0.0731114 0.0730505 0.904103
0 0.305397 0.389172 0.0715878 0.0701744 0.904093
0 0.673162 0.168346 0.068821 0.0677454 0.904056
0 0.0869095 0.650419 0.0747855 0.0746842 0.90389
0 0.333652 0.208082 0.0701727 0.0704264 0.903833
0 0.646703 0.132609 0.0685898 0.0692015 0.903827
0 0.505473 0.200905 0.0707834 0.0703915 0.903803
2 0.658347 0.606261 0.0700457 0.0706572 0.903799
0 0.224294 0.156018 0.0716725 0.0725437 0.903704
2 0.195837 0.715385 0.0745723 0.0738091 0.903623
0 0.498111 0.323986 0.0702198 0.0706049 0.903526
2 0.797152 0.531257 0.0708385 0.0703602 0.903521
0 0.0796012 0.543798 0.0738567 0.0735874 0.903505
0 0.605926 0.449762 0.0708468 0.0699093 0.903498
1 0.88642 0.751805 0.0700277 0.0702261 0.903327
2 0.720536 0.120551 0.0694345 0.0698005 0.903238
2 0.133209 0.682832 0.0752891 0.0754864 0.903211
2 0.755492 0.792467 0.0731192 0.0730132 0.903036
1 0.356335 0.514856 0.0707057 0.0703756 0.903027
0 0.490666 0.0951084 0.0681568 0.0684399 0.902991
0 0.584331 0.427905 0.0688549 0.0692753 0.902973
0 0.42648 0.260974 0.0702425 0.0704243 0.902912
2 0.701623 0.181316 0.0690207 0.0699786 0.902891
0 0.107538 0.16947 0.0750308 0.0747543 0.902882
2 0.537797 0.234035 0.0691 0.0696394 0.90284
0 0.592987 0.463732 0.070439 0.0695748 0.902816
0 0.431098 0.3339 0.0705391 0.0705686 0.902814
0 0.212357 0.368012 0.0713287 0.0719521 0.902795
0 0.705876 0.0287548 0.0701878 0.0575097 0.902646
0 0.717556 0.225729 0.0699118 0.0688274 0.902573
2 0.610409 0.0896168 0.0676476 0.0674963 0.902537
0 0.314807 0.788401 0.0717738 0.0713227 0.902536
2 0.89932 0.405708 0.0701672 0.0700831 0.902405
0 0.632448 0.43237 0.0698334 0.0687993 0.902394
1 0.0551788 0.840273 0.074657 0.0743797 0.902359
0 0.943495 0.346353 0.0702942 0.0696113 0.902345
0 0.727604 0.446748 0.0689535 0.0693789 0.902277
0 0.337561 0.144769 0.0709835 0.0715975 0.902212
0 0.622617 0.105928 0.0677456 0.0681304 0.902175
1 0.03188 0.795171 0.06376 0.0733268 0.902133
0 0.367757 0.16435 0.071684 0.0700307 0.902026
0 0.30876 0.209758 0.070545 0.0705106 0.901979
1 0.250222 0.621682 0.0716821 0.0725357 0.901971
2 0.650979 0.0652777 0.0680567 0.0684793 0.901957
0 0.477347 0.257543 0.0709463 0.0712095 0.901941
2 0.199208 0.673228 0.0731381 0.0732845 0.901857
0 0.127897 0.833968 0.0754083 0.0751616 0.901731
1 0.872758 0.524914 0.0686495 0.0688704 0.901667
1 0.899289 0.86174 0.0708828 0.0703741 0.901661
0 0.164739 0.500381 0.0737826 0.0738235 0.901658
2 0.474467 0.320634 0.0698898 0.0711146 0.901637
0 0.327404 0.273883 0.0698509 0.0695421 0.901507
1 0.222775 0.304386 0.0708137 0.071387 0.901419
0 0.415553 0.0468811 0.0704086 0.0689044 0.901272
0 0.264299 0.0477958 0.0700748 0.0698661 0.901204
2 0.362128 0.371706 0.0706234 0.070807 0.901096
0 0.061808 0.238615 0.0725386 0.0727341 0.901075
0 0.580392 0.357467 0.069804 0.0695221 0.901052
0 0.839458 0.0420562 0.0714172 0.0714665 0.900954
2 0.484033 0.274538 0.0707494 0.0711421 0.900911
0 0.68878 0.0268714 0.0699188 0.0534154 0.900745
0 0.286394 0.770435 0.0725656 0.0728392 0.900668
2 0.876022 0.839314 0.0711023 0.0711618 0.900614
0 0.658039 0.454735 0.0708313 0.0703944 0.900565
0 0.121248 0.652591 0.0749843 0.0747752 0.900562
0 0.446682 0.511416 0.0719759 0.0719818 0.900536
0 0.152787 0.678464 0.0749845 0.0750767 0.900405
0 0.809148 0.233781 0.0683205 0.0681777 0.900389
0 0.896936 0.0961884 0.0700588 0.070013 0.900302
0 0.65416 0.509699 0.0697622 0.0696209 0.900154
2 0.669623 0.608148 0.0709055 0.0706558 0.900149
0 0.819045 0.0321769 0.071697 0.0641573 0.900119
0 0.247228 0.358815 0.0713345 0.0707314 0.900045
0 0.13534 0.641301 0.0737424 0.073712 0.900043
1 0.0365632 0.369587 0.070614 0.0719727 0.899995
2 0.951185 0.193038 0.07008 0.0691874 0.899954
1 0.0579243 0.918149 0.0758974 0.0758095 0.899945
0 0.176751 0.814036 0.0745683 0.0743576 0.899942
2 0.861027 0.426536 0.0689089 0.068753 0.899898
2 0.573666 0.303016 0.068693 0.0686918 0.899837
0 0.942653 0.550823 0.0695602 0.0678552 0.899779
0 0.411761 0.237471 0.0697464 0.069573 0.899718
1 0.20894 0.563918 0.071455 0.0712517 0.899635
1 0.0902213 0.391715 0.0731237 0.0731408 0.89959
0 0.153481 0.777605 0.0749185 0.0744001 0.899364
0 0.0781503 0.639479 0.0738488 0.0735769 0.89934
1 0.145236 0.32864 0.0735101 0.0733172 0.899323
2 0.618255 0.312948 0.0713131 0.0694365 0.899322
0 0.846444 0.383245 0.0696936 0.0695868 0.899106
0 0.360541 0.416035 0.0706805 0.0701825 0.899104
2 0.155506 0.752289 0.0751132 0.0749786 0.899042
2 0.682469 0.616665 0.0704078 0.0700201 0.899036
0 0.810845 0.213648 0.0685663 0.0682641 0.899002
2 0.473894 0.239471 0.070545 0.0704393 0.898999
1 0.550713 0.659755 0.0694988 0.0689332 0.898963
0 0.779278 0.553519 0.0710714 0.0706358 0.898944
2 0.775535 0.807346 0.0711664 0.0720915 0.898863
2 0.675258 0.583901 0.0702047 0.0709782 0.898809
2 0.524011 0.246804 0.0693821 0.0702884 0.898776
0 0.207901 0.0850452 0.0724371 0.0726419 0.898756
1 0.211306 0.509355 0.0713099 0.072304 0.898696
0 0.51172 0.0828051 0.0679087 0.0680674 0.898588
2 0.691134 0.543638 0.0713051 0.0713402 0.898559
2 0.123855 0.602407 0.0752084 0.0751871 0.898331
2 0.74293 0.199428 0.0698332 0.0689567 0.898328
0 0.421898 0.847086 0.0708899 0.070927 0.898294
0 0.87218 0.283798 0.0706249 0.0706102 0.898292
2 0.212181 0.749697 0.0737648 0.0735144 0.898279
0 0.171227 0.271428 0.0732787 0.0733317 0.898245
0 0.427187 0.357294 0.0698828 0.0705112 0.898097
0 0.86791 0.031581 0.071414 0.063162 0.898051
0 0.770453 0.0382304 0.0708596 0.0696536 0.897885
2 0.553077 0.852221 0.0722844 0.0720898 0.897834
1 0.601532 0.575517 0.0700621 0.0695869 0.897698
0 0.732062 0.51775 0.0698918 0.0694841 0.89762
1 0.75071 0.661802 0.0722821 0.0721526 0.897569
1 0.420611 0.890749 0.0713232 0.0713032 0.897467
2 0.75066 0.771993 0.0705555 0.0703845 0.897439
0 0.0915999 0.522126 0.0736382 0.0739852 0.897379
0 0.0828963 0.360849 0.0727594 0.0727804 0.897371
2 0.776087 0.308825 0.0682102 0.0691877 0.897357
2 0.654457 0.566011 0.0706381 0.0701633 0.897302
0 0.348959 0.125622 0.0713668 0.07073 0.89724
0 0.524945 0.82273 0.0706783 0.0704987 0.897219
0 0.449965 0.0260898 0.0703295 0.0520623 0.897174
0 0.0886486 0.622494 0.0750546 0.0749186 0.897139
0 0.42626 0.321629 0.0694304 0.0698169 0.897138
2 0.18984 0.827167 0.0748886 0.0753244 0.89708
2 0.922527 0.167379 0.0706568 0.0702013 0.896992
0 0.937743 0.418145 0.0695568 0.0700484 0.896985
0 0.564059 0.0367472 0.0672903 0.067442 0.896882
2 0.780947 0.787866 0.0735287 0.0723231 0.896764
1 0.356674 0.798642 0.0715726 0.0721521 0.896666
0 0.866229 0.967392 0.0705578 0.0652163 0.89665
0 0.141884 0.807353 0.0755859 0.0751492 0.896415
2 0.546869 0.304749 0.0683216 0.0689427 0.896413
0 0.229772 0.027492 0.0717235 0.0548875 0.896379
1 0.268306 0.637542 0.072763 0.0722574 0.896364
1 0.389676 0.487495 0.0712916 0.0710655 0.896355
0 0.401126 0.810026 0.0708826 0.0701733 0.896101
0 0.333689 0.117961 0.071226 0.0712106 0.896056
0 0.0887838 0.118559 0.0746613 0.0747968 0.895902
2 0.684054 0.527275 0.0711807 0.0707684 0.895831
0 0.221039 0.188497 0.0727508 0.0721838 0.895828
2 0.0720699 0.27712 0.0741222 0.073863 0.895775
0 0.388199 0.18748 0.0697414 0.0692106 0.895773
1 0.387461 0.530372 0.0723004 0.0725603 0.895719
0 0.912195 0.0718167 0.0696653 0.0705924 0.895578
2 0.666592 0.414443 0.0695934 0.069103 0.89552
1 0.204128 0.580681 0.0717421 0.0715826 0.895509
0 0.773837 0.236782 0.0677689 0.0679769 0.895351
1 0.108533 0.705623 0.0747647 0.0748255 0.895247
0 0.0345499 0.322886 0.0690997 0.0715985 0.895237
2 0.297465 0.367282 0.069909 0.0697301 0.895234
0 0.756075 0.0435351 0.0713821 0.070853 0.895218
0 0.842278 0.090493 0.0696026 0.0695907 0.895209
0 0.345392 0.442393 0.0711249 0.071279 0.895163
0 0.450389 0.136814 0.0690781 0.0692333 0.895153
0 0.87168 0.0532912 0.0712509 0.0706623 0.895121
0 0.706316 0.254599 0.0706295 0.0703542 0.895067
0 0.364104 0.230627 0.0692321 0.070159 0.895011
0 0.82695 0.589922 0.0696189 0.0695611 0.895006
2 0.68867 0.294044 0.0692261 0.0703924 0.894954
1 0.333607 0.75677 0.07319 0.073151 0.894947
2 0.217409 0.785527 0.0731881 0.0730191 0.894841
2 0.201183 0.146376 0.0721365 0.0724851 0.894794
0 0.603602 0.42551 0.0694794 0.0687406 0.894785
0 0.316012 0.326952 0.069987 0.0695574 0.894753
1 0.333048 0.589784 0.07277 0.0724624 0.894694
2 0.725304 0.417742 0.068487 0.0677215 0.894562
0 0.139763 0.616414 0.0750308 0.0746674 0.894554
0 0.635801 0.18263 0.0695014 0.070127 0.894528
2 0.848683 0.422787 0.0691044 0.0689831 0.89445
0 0.304237 0.336319 0.0704383 0.0694963 0.894362
2 0.89302 0.379151 0.0701199 0.0702964 0.894329
2 0.502965 0.832331 0.0707869 0.071035 0.894328
2 0.829184 0.839126 0.0710062 0.0706562 0.894316
0 0.924731 0.577232 0.0683514 0.0686117 0.894178
2 0.165014 0.418239 0.0739078 0.0736323 0.894161
0 0.614018 0.0317208 0.0674688 0.0631371 0.894114
0 0.373766 0.282615 0.0694075 0.0691787 0.894058
0 0.365472 0.475627 0.071535 0.0709433 0.894022
1 0.750623 0.602758 0.0720804 0.0725684 0.893815
2 0.918858 0.950341 0.0718548 0.0700941 0.893755
0 0.343819 0.454324 0.0717915 0.0710309 0.893751
0 0.406357 0.141558 0.0716706 0.0706486 0.893657
1 0.536108 0.619933 0.0704454 0.0714689 0.89359
0 0.373711 0.448209 0.0707795 0.0702043 0.893559
2 0.181164 0.484064 0.0743452 0.0737408 0.893539
2 0.407146 0.0641569 0.0680164 0.0684725 0.893504
2 0.509368 0.280521 0.0697081 0.0707142 0.893499
2 0.151855 0.696299 0.0740806 0.0737963 0.893353
0 0.0262926 0.115706 0.0525851 0.0751356 0.892953
0 0.975762 0.457952 0.0484762 0.0702246 0.892816
2 0.876392 0.64087 0.0706036 0.0694381 0.892769
0 0.0683148 0.165086 0.0757566 0.0759723 0.892764
0 0.973312 0.371076 0.0533752 0.0704291 0.892698
0 0.0573439 0.222616 0.0732085 0.073569 0.892677
2 0.624984 0.243287 0.0691691 0.0706613 0.892672
1 0.362322 0.764382 0.0723103 0.0725144 0.892659
0 0.509875 0.857678 0.0702209 0.0703407 0.892645
1 0.200692 0.941975 0.0750403 0.0748779 0.892427
0 0.185931 0.745836 0.0739558 0.0737658 0.892344
0 0.480953 0.151222 0.0702763 0.0690316 0.892324
0 0.299969 0.221387 0.0692748 0.070581 0.892308
2 0.735848 0.347052 0.0691906 0.0695198 0.892251
2 0.790796 0.320926 0.0682617 0.0686543 0.892094
0 0.13925 0.390703 0.0736835 0.0731298 0.892081
0 0.679848 0.134976 0.0696308 0.06869 0.892044
0 0.724618 0.389828 0.0690046 0.0684017 0.892012
0 0.347846 0.0262407 0.0700612 0.0521286 0.891999
1 0.824269 0.641423 0.0703946 0.0706359 0.891929
0 0.569637 0.0278417 0.0682083 0.0556833 0.891868
0 0.74929 0.245898 0.0686649 0.0685787 0.891541
2 0.71531 0.352743 0.0692179 0.0688566 0.891511
0 0.942119 0.315978 0.0716335 0.0705769 0.891408
2 0.236843 0.402726 0.0715635 0.0720075 0.891404
2 0.254779 0.129968 0.0713381 0.0713554 0.891394
2 0.891443 0.170004 0.0717052 0.0717129 0.89126
0 0.138704 0.0378564 0.0734534 0.0728133 0.891081
0 0.0759978 0.0597541 0.0736101 0.0732532 0.890998
0 0.0794387 0.228917 0.0743921 0.0743382 0.890577
1 0.509108 0.618068 0.0702157 0.0697329 0.89057
2 0.785014 0.111497 0.0698823 0.0699123 0.890557
0 0.382214 0.177224 0.0714208 0.0704472 0.890454
2 0.709672 0.204887 0.0692404 0.0697099 0.89045
0 0.430932 0.108598 0.0707505 0.0703373 0.890343
0 0.0516827 0.110839 0.0742159 0.0742794 0.890319
0 0.34856 0.318124 0.0694146 0.0703287 0.890128
0 0.170103 0.229918 0.0744188 0.0739323 0.890092
0 0.858447 0.365612 0.0698406 0.0704185 0.890021
2 0.776542 0.327354 0.06821 0.0678587 0.88996
0 0.399761 0.391343 0.0710975 0.071772 0.889888
0 0.413832 0.218241 0.0699305 0.0705853 0.889491
0 0.491165 0.209787 0.0702152 0.0705366 0.889388
0 0.968923 0.411832 0.0621538 0.0688103 0.889342
0 0.548784 0.144644 0.0682066 0.0697728 0.889106
0 0.0573806 0.0494004 0.0729165 0.0732319 0.888913
0 0.417885 0.294592 0.0704958 0.0701997 0.888901
0 0.44523 0.0606228 0.069729 0.0694836 0.888849
1 0.380931 0.723487 0.0729953 0.0715113 0.888844
0 0.51809 0.113749 0.0690088 0.0679299 0.88884
2 0.587517 0.248275 0.0684908 0.0689307 0.888753
0 0.0207359 0.240135 0.0414718 0.0740038 0.888704
1 0.75487 0.951578 0.0718277 0.0709364 0.888331
0 0.168236 0.837834 0.0752821 0.0753117 0.88831
0 0.811399 0.2683 0.0697461 0.0702189 0.888125
1 0.259088 0.781999 0.0722138 0.0727726 0.887769
1 0.936224 0.782133 0.0708859 0.0712715 0.887732
0 0.0924141 0.175851 0.0755456 0.0755884 0.887627
2 0.925657 0.229397 0.0708504 0.0701753 0.88755
0 0.401758 0.317209 0.0706364 0.0698887 0.887546
0 0.311814 0.0307054 0.0700857 0.0614107 0.88738
2 0.739087 0.782676 0.0712266 0.0722479 0.887243
0 0.154457 0.04884 0.0736058 0.0736956 0.887122
0 0.0717191 0.182833 0.0738412 0.0741176 0.886923
0 0.965595 0.256377 0.068737 0.0712091 0.886898
0 0.595512 0.0277776 0.0682255 0.0554603 0.886825
0 0.423105 0.188262 0.0700333 0.0697652 0.886778
0 0.916618 0.221729 0.0715372 0.070771 0.88661
1 0.637123 0.641441 0.0697964 0.0696388 0.886552
0 0.548024 0.418658 0.0690228 0.0682605 0.886547
2 0.242155 0.675307 0.0726606 0.0723347 0.886547
2 0.680695 0.200819 0.070081 0.0695604 0.886392
1 0.685783 0.795662 0.0709595 0.0710497 0.886123
2 0.519011 0.235574 0.0708934 0.0691139 0.886083
2 0.649715 0.411528 0.0697542 0.0694805 0.88597
1 0.215468 0.540377 0.0719322 0.071726 0.885711
0 0.897039 0.329897 0.0700584 0.0698414 0.885579
0 0.433954 0.176942 0.069956 0.0699329 0.885398
1 0.0289651 0.882867 0.0579301 0.0713902 0.885245
0 0.199131 0.112343 0.0723355 0.0717655 0.885241
2 0.57278 0.0597112 0.0672641 0.0667719 0.885239
2 0.828892 0.806399 0.0715137 0.0715081 0.885158
0 0.922641 0.286088 0.0704384 0.069816 0.885093
0 0.467768 0.146012 0.0704901 0.0700921 0.885019
1 0.146626 0.86445 0.0747897 0.074111 0.884821
2 0.969079 0.572551 0.0618427 0.0678135 0.884754
1 0.514074 0.524671 0.071224 0.070447 0.884717
2 0.926237 0.201423 0.0707779 0.0707849 0.8847
0 0.796689 0.264782 0.0691598 0.0687852 0.884567
2 0.701953 0.656044 0.0708342 0.0707129 0.884289
0 0.318561 0.0945665 0.0706992 0.0704366 0.884103
0 0.401202 0.0915401 0.0705923 0.0705218 0.883891
0 0.978375 0.33124 0.0432081 0.0711224 0.883845
2 0.382632 0.832167 0.0734105 0.0727179 0.88379
0 0.37646 0.143246 0.0702638 0.0693734 0.883699
2 0.465133 0.178001 0.0699787 0.0701176 0.883582
2 0.766003 0.0883221 0.0703343 0.0695769 0.883577
0 0.266124 0.682014 0.0722073 0.0724045 0.88349
2 0.0537712 0.130297 0.0749769 0.0746291 0.883204
1 0.614146 0.558102 0.07064 0.0712112 0.883153
0 0.285589 0.211838 0.0700545 0.0700156 0.882952
0 0.498932 0.223959 0.0695524 0.0693398 0.882505
2 0.684038 0.76307 0.0700178 0.0703888 0.88247
0 0.671792 0.291808 0.0705623 0.0702774 0.882375
1 0.0224887 0.482744 0.0449773 0.0682849 0.882342
0 0.598818 0.367046 0.0686224 0.0694114 0.882325
2 0.958854 0.849287 0.0727341 0.0718712 0.882028
0 0.561542 0.418078 0.0677383 0.0689286 0.881999
1 0.333673 0.725253 0.0734075 0.0731462 0.881846
1 0.55724 0.631462 0.070507 0.0704116 0.881835
0 0.244256 0.969213 0.0744947 0.0615741 0.88181
1 0.460883 0.66468 0.0719572 0.0716083 0.881653
0 0.380413 0.358705 0.071024 0.0706486 0.881591
0 0.237017 0.0513129 0.0706574 0.0701075 0.881535
1 0.386028 0.908437 0.0727901 0.07311 0.881334
0 0.883452 0.0594612 0.0702681 0.0705544 0.881303
1 0.927405 0.816308 0.0707661 0.069978 0.881093
0 0.81399 0.3044 0.0682087 0.0682397 0.881037
0 0.97088 0.153858 0.0582406 0.0704377 0.880963
1 0.456465 0.534908 0.0727488 0.0721146 0.88093
0 0.158164 0.48006 0.0736348 0.0740057 0.880884
1 0.591638 0.540398 0.0707495 0.0696246 0.880757
1 0.0950071 0.733868 0.0745762 0.0740212 0.880745
2 0.865739 0.662268 0.0704323 0.0701086 0.88074
2 0.900607 0.920082 0.0706917 0.0716417 0.880688
0 0.16741 0.784492 0.0746109 0.0742725 0.880666
2 0.961017 0.130104 0.0698256 0.0704199 0.880639
2 0.751284 0.341657 0.0690292 0.0678417 0.880445
2 0.345758 0.481809 0.0713833 0.0715432 0.880361
1 0.725438 0.628976 0.0718477 0.0725584 0.880235
1 0.66565 0.723185 0.0695364 0.0689337 0.879981
1 0.659166 0.638114 0.0704161 0.0695601 0.87994
2 0.971117 0.842112 0.0577658 0.072403 0.879931
2 0.537726 0.100344 0.0676842 0.0684414 0.87986
0 0.972027 0.811799 0.0553822 0.0714806 0.879841
1 0.949813 0.672843 0.0681038 0.0682691 0.879796
0 0.955361 0.236202 0.0708916 0.0703946 0.879548
1 0.124702 0.972388 0.0756867 0.0552233 0.879155
0 0.247814 0.223308 0.0701854 0.0698628 0.879134
1 0.468846 0.589551 0.0709621 0.0707337 0.878459
1 0.391208 0.88153 0.0726071 0.0727549 0.878322
1 0.439273 0.543834 0.0719124 0.0725811 0.877921
1 0.254705 0.0864891 0.0713352 0.0701535 0.877837
2 0.88565 0.354249 0.0694698 0.0704888 0.877822
2 0.0614028 0.72754 0.0730698 0.0730749 0.87775
2 0.718486 0.291989 0.0704611 0.0696581 0.877632
2 0.461075 0.202623 0.0702822 0.0705623 0.877575
0 0.125543 0.796487 0.0739307 0.0743784 0.87748
1 0.665861 0.710662 0.0696236 0.0686605 0.877409
1 0.807732 0.681373 0.0705524 0.0708637 0.877291
0 0.351302 0.40342 0.0706234 0.070186 0.877261
0 0.0230731 0.215839 0.0461462 0.0746465 0.877224
1 0.347117 0.817591 0.0724613 0.0725819 0.877161
1 0.312046 0.829101 0.071129 0.0717152 0.877093
0 0.779914 0.259934 0.0689605 0.0690664 0.87679
1 0.78267 0.675567 0.0720282 0.0719179 0.876649
0 0.108144 0.24911 0.0735443 0.0731964 0.876509
0 0.268249 0.202724 0.0713598 0.0703706 0.876374
0 0.33489 0.360864 0.0700596 0.0701519 0.876341
1 0.492693 0.0371739 0.0693392 0.0684684 0.876337
2 0.744666 0.188254 0.0701232 0.0690973 0.876328
2 0.0749598 0.711268 0.0752023 0.074585 0.875729
2 0.59003 0.0526825 0.0674894 0.0677769 0.87559
2 0.623683 0.268642 0.068498 0.0699453 0.875565
1 0.118947 0.0808446 0.0737792 0.0738754 0.875165
0 0.468116 0.28451 0.0706081 0.0701972 0.875117
0 0.478888 0.0220482 0.070951 0.0440964 0.875095
2 0.560979 0.0517802 0.0678043 0.0673717 0.874992
1 0.904111 0.829051 0.0723 0.0720049 0.874666
1 0.502122 0.699586 0.0699223 0.0692476 0.874655
1 0.442817 0.603938 0.074022 0.0727629 0.874588
1 0.513065 0.57376 0.0708834 0.071294 0.874405
0 0.571834 0.426571 0.0697086 0.0688285 0.874272
1 0.729111 0.963848 0.0700872 0.0692078 0.874119
1 0.583677 0.519726 0.069813 0.0701308 0.873968
2 0.624746 0.382405 0.0692144 0.0702693 0.873866
1 0.769405 0.721332 0.0715481 0.0705688 0.873112
1 0.523979 0.64781 0.0706538 0.070978 0.873044
1 0.0589312 0.446595 0.0727061 0.0728045 0.872862
2 0.75646 0.354045 0.0693991 0.0689472 0.872761
1 0.571844 0.615573 0.0704218 0.070045 0.872
2 0.275487 0.967693 0.0733464 0.0646137 0.871812
0 0.9507 0.896141 0.0706432 0.0711554 0.871661
2 0.952422 0.106496 0.0707073 0.0715545 0.871612
0 0.784904 0.292881 0.0675871 0.0679849 0.871609
1 0.456633 0.96158 0.0729954 0.0728516 0.871497
1 0.443163 0.631626 0.0709707 0.0711443 0.871224
2 0.584989 0.291472 0.0689831 0.0689508 0.870868
0 0.217256 0.255553 0.0718688 0.071921 0.870669
0 0.531837 0.341402 0.0694738 0.0695682 0.870646
0 0.329987 0.455421 0.0709326 0.0703897 0.870609
2 0.577351 0.780123 0.070982 0.0712481 0.870418
0 0.339286 0.412344 0.0703982 0.0701098 0.870038
2 0.64904 0.234255 0.0685921 0.0701559 0.869995
0 0.911999 0.29299 0.0695324 0.0705489 0.869893
1 0.819375 0.913117 0.0717087 0.0708645 0.869789
2 0.506442 0.380667 0.0695888 0.0699347 0.869685
1 0.459045 0.847209 0.0714515 0.0714746 0.869677
1 0.801456 0.485607 0.0684174 0.0685684 0.869158
2 0.518695 0.89628 0.0719275 0.0714252 0.869017
2 0.0834582 0.456297 0.0730865 0.0733523 0.868407
0 0.446063 0.0918468 0.0690805 0.0694462 0.868391
2 0.858251 0.0739574 0.0710541 0.0706732 0.868355
0 0.0290432 0.169277 0.0580863 0.0756477 0.868318
0 0.697495 0.695544 0.0699717 0.0705755 0.867972
1 0.260418 0.877534 0.0724836 0.0725418 0.86794
1 0.397788 0.773563 0.0720249 0.0721743 0.867667
2 0.667277 0.597187 0.0708229 0.0699719 0.867625
1 0.540361 0.542022 0.0703703 0.0698697 0.867602
0 0.796977 0.425762 0.0680609 0.0674616 0.86743
2 0.808801 0.16152 0.0697575 0.0695929 0.867339
1 0.645196 0.687784 0.0705646 0.0693148 0.867041
2 0.803933 0.834608 0.0710535 0.0706099 0.866972
2 0.908896 0.518811 0.0686707 0.0686462 0.866629
2 0.90577 0.762503 0.0700146 0.0698093 0.866576
2 0.152548 0.887877 0.0739471 0.0737856 0.866424
1 0.23864 0.259318 0.0702613 0.0705695 0.86615
1 0.383974 0.750489 0.0726193 0.0721897 0.865829
1 0.51822 0.740997 0.0702953 0.069677 0.865556
0 0.883154 0.212832 0.0718739 0.0704078 0.865486
1 0.234333 0.60128 0.0719213 0.0712993 0.865248
0 0.767485 0.452687 0.0689772 0.0680098 0.865076
0 0.15404 0.511846 0.0744582 0.0731068 0.86506
2 0.554858 0.296664 0.0697423 0.0697322 0.864129
1 0.614733 0.63727 0.0690347 0.0689745 0.864107
1 0.837531 0.938717 0.0719366 0.0716536 0.863879
1 0.260738 0.654046 0.0719845 0.0721827 0.863783
1 0.512501 0.540208 0.07183 0.0717478 0.863551
0 0.318453 0.490021 0.0711799 0.0706383 0.863413
2 0.453086 0.393222 0.0706501 0.0701205 0.863229
2 0.56128 0.275594 0.0693626 0.0689835 0.863162
1 0.966714 0.0411792 0.0659666 0.0685261 0.86315
2 0.0302736 0.687073 0.0605371 0.068734 0.862232
0 0.508645 0.0205509 0.0694258 0.0409929 0.861692
1 0.20971 0.960378 0.0748568 0.0734638 0.861339
0 0.117188 0.0369862 0.0742943 0.0732923 0.861319
2 0.300537 0.18256 0.0696235 0.0708903 0.861229
0 0.229089 0.0727943 0.0713675 0.0707987 0.861219
0 0.0620254 0.541861 0.0720132 0.0721613 0.860962
1 0.735689 0.972892 0.0704934 0.053973 0.860937
0 0.685305 0.267372 0.0695251 0.0691103 0.860383
1 0.711775 0.968895 0.0692939 0.0622097 0.860081
2 0.0318081 0.539026 0.0636161 0.0700581 0.860061
1 0.048837 0.433178 0.0718026 0.0730293 0.859987
0 0.975179 0.875618 0.0493464 0.0718637 0.859841
0 0.81797 0.331621 0.0698431 0.0695248 0.859712
0 0.464578 0.0236167 0.0701302 0.0472334 0.859515
1 0.890191 0.506686 0.0696358 0.0694891 0.859477
0 0.08611 0.0238958 0.0732864 0.0477915 0.859181
1 0.493372 0.599571 0.0724232 0.0707371 0.859009
0 0.303669 0.49208 0.0710867 0.0706711 0.858568
0 0.867327 0.248966 0.0708721 0.0702318 0.858484
1 0.859966 0.694648 0.0712177 0.0714586 0.858197
1 0.915133 0.781956 0.0698704 0.0706915 0.85723
1 0.226989 0.387579 0.0719649 0.0720715 0.857133
0 0.430867 0.378671 0.0718574 0.0711876 0.856088
0 0.825095 0.275718 0.0691483 0.06915 0.855949
1 0.822897 0.728732 0.0713395 0.0714891 0.855253
1 0.889721 0.56212 0.0689701 0.0685352 0.854904
1 0.0222697 0.37797 0.044306 0.0726382 0.854677
1 0.310404 0.137287 0.0702321 0.0699996 0.854096
1 0.0240636 0.845105 0.0481272 0.0743679 0.853984
0 0.520342 0.200273 0.0689185 0.0693328 0.853335
0 0.820256 0.164623 0.0695078 0.0694245 0.853253
0 0.649023 0.0230331 0.0683559 0.0460662 0.853182
2 0.735489 0.746047 0.0709482 0.0705159 0.85266
1 0.0409895 0.79076 0.0731841 0.0739435 0.852628
1 0.0265152 0.531162 0.0530106 0.0733828 0.852319
1 0.841344 0.728345 0.0714161 0.0709359 0.851482
2 0.78003 0.0250398 0.0706574 0.0500796 0.851374
1 0.0171956 0.435964 0.0343912 0.0726563 0.851333
0 0.181232 0.345544 0.0732433 0.0729223 0.850808
0 0.974861 0.0888568 0.0502782 0.0699052 0.850736
1 0.346188 0.854423 0.0718896 0.072723 0.850727
0 0.486422 0.491421 0.071917 0.0719194 0.850574
2 0.61554 0.84518 0.0711538 0.0708887 0.849686
2 0.9479 0.524731 0.0688015 0.0691584 0.849636
2 0.644947 0.560645 0.0713264 0.070303 0.849212
2 0.716954 0.737165 0.071838 0.0710331 0.849104
1 0.854132 0.513047 0.0692034 0.0678728 0.848414
0 0.15418 0.831002 0.0742263 0.074576 0.848247
2 0.918202 0.762509 0.0704519 0.069611 0.84809
0 0.821568 0.79056 0.0709453 0.0712046 0.848043
1 0.977206 0.717212 0.04529 0.0667576 0.848009
0 0.543177 0.131828 0.0692211 0.0690602 0.847297
1 0.249403 0.491244 0.0716916 0.0709942 0.846757
2 0.634972 0.0971448 0.0675448 0.0685089 0.84638
0 0.431838 0.30467 0.0711092 0.0705947 0.846269
2 0.846164 0.878647 0.071841 0.0711899 0.845413
0 0.597536 0.14502 0.0681603 0.0693561 0.844988
2 0.827314 0.392448 0.0688259 0.0683904 0.844664
1 0.313223 0.971751 0.072589 0.0564988 0.844597
0 0.32694 0.33697 0.0697804 0.0698716 0.844198
0 0.38724 0.160013 0.0706778 0.0707478 0.844185
2 0.0925678 0.93873 0.0747482 0.0744419 0.843973
1 0.568217 0.535244 0.0708284 0.0701978 0.843633
1 0.435282 0.934569 0.0728803 0.0730991 0.843484
0 0.394437 0.0186746 0.0710664 0.036686 0.843377
1 0.966269 0.732764 0.0671337 0.0708311 0.843115
0 0.946365 0.268092 0.0697353 0.0709115 0.843028
0 0.529717 0.0230034 0.0692675 0.0460067 0.842814
0 0.104788 0.685626 0.0750358 0.0750174 0.842259
1 0.44534 0.776092 0.0703374 0.0687946 0.841959
0 0.757782 0.43701 0.0689161 0.0686381 0.841762
0 0.0921909 0.248046 0.0745669 0.0743599 0.841599
0 0.962847 0.395403 0.0706493 0.0710496 0.841595
2 0.304132 0.747124 0.0734531 0.0723216 0.84139
2 0.107728 0.648011 0.0745598 0.0744901 0.840541
2 0.0837912 0.287106 0.0729639 0.0732671 0.840491
0 0.218743 0.242995 0.0717561 0.0712727 0.840094
0 0.288697 0.0934059 0.0696993 0.0693321 0.839683
2 0.282786 0.363495 0.0706709 0.0696528 0.83926
2 0.54952 0.263966 0.0695543 0.0693721 0.839017
0 0.0451191 0.0687308 0.0740097 0.0738475 0.838004
0 0.674707 0.0498485 0.0678389 0.0679424 0.837638
1 0.670972 0.789735 0.0714384 0.0711332 0.837519
0 0.68186 0.0958353 0.0696869 0.0692451 0.837341
2 0.0607767 0.654998 0.0730329 0.0737406 0.837324
2 0.976409 0.473071 0.0466309 0.0697172 0.837119
1 0.458843 0.569749 0.0715136 0.0715792 0.83699
2 0.797791 0.748441 0.0716088 0.0718247 0.836591
2 0.631246 0.565125 0.0693926 0.0689896 0.836097
1 0.321134 0.808088 0.0717289 0.0725975 0.835571
1 0.404701 0.925458 0.0717469 0.0724308 0.835352
2 0.167396 0.0258805 0.0729683 0.0511492 0.835205
2 0.687545 0.318793 0.0682836 0.0699052 0.834982
1 0.905088 0.972728 0.0699528 0.0545437 0.834497
0 0.180167 0.143349 0.0740024 0.0736852 0.834426
1 0.596913 0.619782 0.0697804 0.0699537 0.834323
2 0.976556 0.559172 0.046887 0.0689307 0.834119
1 0.418267 0.69567 0.0726474 0.0726727 0.833847
0 0.437273 0.237686 0.0704273 0.0696957 0.833796
1 0.0282421 0.860418 0.0564843 0.0765379 0.833781
2 0.706919 0.0594542 0.0699192 0.0695515 0.833529
1 0.978575 0.91685 0.0422651 0.0674301 0.833279
1 0.809888 0.714104 0.069973 0.0703701 0.832532
1 0.929383 0.851824 0.0708023 0.0711079 0.832135
0 0.80866 0.38429 0.0688519 0.068373 0.831326
0 0.977243 0.431749 0.0455132 0.0691317 0.831023
1 0.129734 0.755074 0.074237 0.0739817 0.83085
2 0.241936 0.123934 0.0718793 0.0706816 0.830134
2 0.123864 0.482637 0.0734407 0.0736015 0.829245
2 0.718457 0.183362 0.069881 0.069499 0.827963
1 0.401309 0.966936 0.0711497 0.0661274 0.827574
2 0.495878 0.366124 0.0711391 0.0706679 0.827059
2 0.49908 0.446718 0.069986 0.0706712 0.825171
0 0.225996 0.722 0.0726411 0.0726847 0.82479
0 0.965634 0.143247 0.0685059 0.0705654 0.824653
0 0.578244 0.0911008 0.0670586 0.0673951 0.824551
1 0.835051 0.682869 0.0706596 0.0714812 0.824256
0 0.604313 0.137105 0.0679879 0.0672068 0.823881
0 0.529052 0.43612 0.0705521 0.0700498 0.822794
0 0.829442 0.157889 0.0695559 0.0703854 0.822354
0 0.490722 0.193713 0.0707974 0.0711578 0.82157
2 0.189726 0.760525 0.0735804 0.0732807 0.820948
1 0.615551 0.69216 0.0704765 0.0711138 0.820724
1 0.422967 0.74003 0.0717451 0.0720049 0.819903
2 0.0475903 0.653209 0.075485 0.0751293 0.818877
0 0.280645 0.0199469 0.0685432 0.0398938 0.81856
2 0.566337 0.286829 0.0696798 0.0686786 0.818205
2 0.108022 0.541465 0.0737371 0.0734211 0.816746
1 0.789279 0.604891 0.0720293 0.071792 0.816512
0 0.202833 0.0216249 0.0722315 0.0429353 0.815636
0 0.757906 0.0297717 0.0669546 0.0594432 0.815157
0 0.955964 0.411262 0.0708843 0.0696706 0.814383
1 0.405633 0.635756 0.0716572 0.0715755 0.813958
0 0.654333 0.179619 0.0694123 0.0692367 0.811907
2 0.59566 0.745673 0.0705914 0.0712855 0.811624
1 0.66098 0.974611 0.0706854 0.0507776 0.811571
2 0.710647 0.423956 0.067757 0.0675937 0.811185
1 0.425619 0.764368 0.0703918 0.0703672 0.811111
2 0.298192 0.544118 0.0711646 0.0720043 0.81068
2 0.970255 0.114365 0.059491 0.0697577 0.810506
0 0.510836 0.21553 0.0700416 0.0699772 0.809693
1 0.664998 0.532564 0.0704163 0.0712934 0.808639
1 0.947751 0.686474 0.0698048 0.0693859 0.808598
0 0.0796467 0.677445 0.0753472 0.0752546 0.807906
1 0.405691 0.553628 0.0718947 0.072073 0.805676
1 0.413416 0.590487 0.0714203 0.0718412 0.805372
2 0.770827 0.838595 0.0714603 0.0709883 0.805064
1 0.827906 0.703636 0.0715784 0.0717396 0.804444
0 0.141082 0.489632 0.0742828 0.0743156 0.803561
2 0.885931 0.942474 0.0708239 0.071204 0.803436
2 0.886505 0.773442 0.0699413 0.0703577 0.802678
1 0.955651 0.57308 0.069125 0.0684971 0.80134
2 0.945494 0.128283 0.0713419 0.0706496 0.801256
2 0.714476 0.0650387 0.0694542 0.0687779 0.800502
2 0.453332 0.874826 0.0723383 0.0713058 0.7988
2 0.492982 0.890549 0.0723215 0.0719133 0.798675
0 0.022872 0.0944949 0.045744 0.0741936 0.798597
0 0.585712 0.15007 0.068855 0.0690228 0.797511
0 0.976102 0.161815 0.0477526 0.0678576 0.796891
2 0.0838723 0.944243 0.0739616 0.0743917 0.796653
0 0.507074 0.120961 0.069244 0.0698805 0.795649
0 0.560081 0.393464 0.0678486 0.0676668 0.794742
2 0.780912 0.0561239 0.0707703 0.0705699 0.792897
1 0.315082 0.474201 0.069958 0.0693838 0.792622
1 0.807494 0.97645 0.0712 0.0470994 0.792039
2 0.194458 0.330661 0.072122 0.0719122 0.790901
1 0.583253 0.716772 0.0701336 0.0702347 0.790067
1 0.345098 0.696511 0.0719365 0.0734559 0.79001
0 0.534117 0.254577 0.0700447 0.0699359 0.789977
0 0.709384 0.725784 0.071462 0.0703894 0.789798
0 0.41713 0.160603 0.0707157 0.0690134 0.789689
1 0.054794 0.467018 0.070761 0.0712765 0.788675
2 0.897783 0.795328 0.0693283 0.0701469 0.787956
2 0.203893 0.198279 0.0726716 0.0725325 0.787772
2 0.0660125 0.782788 0.0750251 0.0744866 0.787292
0 0.216859 0.0220214 0.0708958 0.0440429 0.786726
2 0.933012 0.218572 0.0717102 0.0711255 0.785711
2 0.0187048 0.304221 0.0374095 0.0728721 0.785562
2 0.470107 0.395066 0.0714201 0.0717261 0.784572
1 0.386089 0.953856 0.0714306 0.0730831 0.78373
0 0.286683 0.0315456 0.0689213 0.0630386 0.782492
1 0.13377 0.926447 0.0743183 0.0749378 0.782014
2 0.860266 0.236301 0.0689232 0.0687359 0.781616
2 0.535101 0.389361 0.0676627 0.0681589 0.780641
2 0.534215 0.761341 0.0711576 0.0708359 0.780515
2 0.259598 0.977186 0.0722394 0.0456274 0.778172
0 0.329202 0.0171095 0.0706643 0.0342189 0.778152
1 0.372361 0.973193 0.0703074 0.053615 0.777683
0 0.254179 0.827639 0.0728028 0.0718824 0.777088
0 0.355594 0.329012 0.0705688 0.0698546 0.776509
2 0.086514 0.583612 0.0740251 0.0745539 0.776132
1 0.319508 0.953768 0.0740671 0.0735575 0.775471
2 0.899627 0.130375 0.0707317 0.0712625 0.775193
2 0.443518 0.147931 0.0701638 0.069525 0.772291
1 0.221377 0.284755 0.0707948 0.0710081 0.769662
0 0.369833 0.0210539 0.0691566 0.04184 0.769383
0 0.4422 0.14778 0.0687319 0.0694118 0.767936
1 0.030179 0.978105 0.0598605 0.0437898 0.7672
1 0.482946 0.973612 0.0723953 0.0523762 0.767073
2 0.804054 0.847191 0.0705719 0.0711525 0.766774
2 0.194246 0.634399 0.0741396 0.0733503 0.766488
2 0.69999 0.332214 0.0693203 0.0691728 0.765837
2 0.533461 0.0383454 0.0669016 0.0676499 0.764997
2 0.0617863 0.748479 0.0725909 0.0733171 0.764668
1 0.0209573 0.829892 0.0418375 0.0706339 0.763881
1 0.596976 0.595074 0.0692516 0.0695999 0.761398
1 0.356237 0.606369 0.0714391 0.0722136 0.75911
0 0.337545 0.240431 0.0696883 0.0695894 0.758595
2 0.0408238 0.405191 0.0724034 0.0724145 0.758202
0 0.057647 0.146954 0.0755959 0.0752347 0.757942
1 0.928981 0.692745 0.0688168 0.0683786 0.757287
0 0.127766 0.235296 0.0734518 0.074104 0.757107
1 0.424939 0.977423 0.0707389 0.045153 0.756355
2 0.598666 0.156345 0.0677156 0.0696498 0.754746
2 0.896348 0.194975 0.0712315 0.0713883 0.753915
0 0.745176 0.331174 0.0701723 0.0703809 0.752182
2 0.0182458 0.589909 0.0364916 0.0726019 0.751676
2 0.697253 0.520337 0.0710711 0.0714405 0.751111
0 0.266946 0.809122 0.0722981 0.0724716 0.750356
2 0.561029 0.30394 0.0688025 0.0689026 0.749401
2 0.0693039 0.7557 0.0750093 0.0748621 0.74716
2 0.712528 0.0183295 0.0689285 0.0366591 0.746454
1 0.492974 0.674956 0.0695297 0.070428 0.745836
1 0.837289 0.974532 0.0708092 0.0503765 0.744965
1 0.476338 0.644771 0.0711185 0.0718998 0.74447
1 0.907565 0.485479 0.070274 0.0697295 0.743601
1 0.397149 0.688399 0.0731607 0.0733598 0.7427
0 0.0639353 0.0217191 0.0724761 0.0434382 0.742541
2 0.450066 0.297809 0.0695805 0.069955 0.742396
2 0.525661 0.312899 0.0681354 0.0690627 0.741879
2 0.447825 0.214039 0.0701048 0.0689289 0.739096
0 0.134142 0.118866 0.0740294 0.0741677 0.736358
2 0.852343 0.316623 0.0695053 0.0703342 0.736045
0 0.0417374 0.0213826 0.0720561 0.0427651 0.735345
2 0.52213 0.268663 0.0692314 0.0712029 0.734652
2 0.861412 0.0463313 0.071278 0.0714504 0.733538
1 0.404447 0.947116 0.0720087 0.0717932 0.733147
0 0.343166 0.173601 0.0712643 0.0698881 0.731098
1 0.910011 0.842577 0.0704678 0.0713356 0.728644
1 0.82206 0.981447 0.0722075 0.037009 0.726551
2 0.434529 0.407088 0.0704913 0.070837 0.726249
0 0.519317 0.880933 0.0717108 0.0714352 0.725126
2 0.572452 0.11587 0.0674603 0.0670559 0.725068
2 0.136181 0.704377 0.0758418 0.0748285 0.724036
0 0.243621 0.818892 0.0723253 0.0723285 0.72347
0 0.98261 0.184309 0.0344048 0.0708005 0.722245
0 0.860362 0.235284 0.0694675 0.0695545 0.722059
1 0.37793 0.805463 0.0718961 0.0712406 0.720568
2 0.634248 0.0720182 0.0686171 0.0685341 0.719926
2 0.165601 0.918207 0.0741101 0.0743446 0.719895
2 0.970512 0.461722 0.0589753 0.0692756 0.719407
1 0.852126 0.631505 0.0695175 0.0717515 0.7192
1 0.084674 0.413031 0.0730886 0.0724094 0.715151
2 0.859855 0.594691 0.0696678 0.0693569 0.714759
2 0.886289 0.799485 0.0696377 0.0698556 0.712803
1 0.940795 0.59629 0.0683235 0.0695346 0.712693
2 0.499665 0.433947 0.0701009 0.0697176 0.712675
2 0.0378752 0.516505 0.070195 0.073037 0.71137
2 0.170304 0.751957 0.0743047 0.0746725 0.711052
0 0.364317 0.339815 0.0701909 0.0699563 0.710891
2 0.930306 0.0883209 0.070578 0.0694254 0.710477
0 0.521697 0.0186434 0.0683752 0.0372867 0.709879
0 0.732215 0.0616605 0.0700932 0.0690743 0.708425
0 0.275435 0.288891 0.0703469 0.0695172 0.706594
2 0.19877 0.802904 0.0742089 0.0741968 0.705568
1 0.767544 0.871025 0.0704877 0.0707977 0.70457
0 0.429802 0.861929 0.0718938 0.0709024 0.703615
1 0.378288 0.587188 0.0711761 0.0709753 0.701004
2 0.793412 0.227688 0.0687965 0.06869 0.70082
0 0.562262 0.159744 0.068984 0.0700179 0.700102
1 0.749138 0.872111 0.0698881 0.0708939 0.700063
0 0.23115 0.856851 0.0734653 0.0733849 0.699154
0 0.951512 0.454453 0.0695578 0.0689627 0.698277
1 0.153455 0.831154 0.075247 0.0748938 0.695587
0 0.910496 0.0957716 0.0701002 0.0703086 0.69423
1 0.537096 0.578503 0.0694098 0.0693274 0.693813
2 0.85118 0.271686 0.0701626 0.0696848 0.693001
1 0.476595 0.534587 0.0717926 0.0720595 0.689725
2 0.914703 0.365274 0.0708546 0.0699924 0.688751
0 0.740839 0.480381 0.0693488 0.0688368 0.688556
1 0.189087 0.290501 0.0708816 0.0713286 0.688086
0 0.0394786 0.265979 0.0720704 0.0737394 0.687855
2 0.274503 0.760654 0.0715948 0.0726533 0.687555
2 0.159914 0.686258 0.0750328 0.074662 0.684303
2 0.45941 0.897097 0.0722909 0.0718071 0.683225
1 0.417379 0.573464 0.0720811 0.0718414 0.681966
2 0.219706 0.328435 0.0722025 0.0715775 0.681876
2 0.636387 0.307427 0.0703968 0.0710516 0.68157
2 0.836483 0.870594 0.0708405 0.0717188 0.681381
2 0.871769 0.982082 0.0704082 0.0358367 0.680865
0 0.921567 0.0643804 0.0705084 0.0695865 0.679721
1 0.293062 0.858277 0.071348 0.0716755 0.679474
2 0.204429 0.321254 0.0721247 0.0714848 0.678999
0 0.316805 0.905579 0.0713806 0.0717052 0.678709
2 0.158214 0.655326 0.0743698 0.0741768 0.678585
1 0.0225002 0.9798 0.0450003 0.0402374 0.678501
1 0.573757 0.49699 0.0688414 0.0687569 0.673509
1 0.431722 0.831936 0.0715922 0.0712562 0.672943
1 0.305522 0.901269 0.0724006 0.0728392 0.67294
2 0.115215 0.556272 0.0738525 0.0743336 0.672381
2 0.830689 0.321243 0.0689007 0.0704156 0.672283
0 0.980863 0.342236 0.0382748 0.0709864 0.670614
0 0.34195 0.30302 0.0708684 0.0706359 0.670041
1 0.321837 0.643769 0.0715614 0.0728519 0.669469
1 0.0228859 0.720533 0.0457311 0.0725585 0.668579
1 0.545048 0.490438 0.069915 0.0687897 0.664165
1 0.340225 0.671668 0.0728343 0.0731235 0.660651
0 0.279963 0.168324 0.0706451 0.0707333 0.660287
0 0.666071 0.0182848 0.0692612 0.0365697 0.659553
0 0.871125 0.204234 0.0699448 0.0702111 0.659139
1 0.171207 0.591659 0.0720444 0.0717787 0.654543
1 0.612639 0.663987 0.0704272 0.0711574 0.648134
1 0.247297 0.301915 0.0706 0.0696033 0.646388
2 0.111227 0.230146 0.0746233 0.0747222 0.642624
0 0.668858 0.228136 0.0696783 0.0700243 0.640891
1 0.454429 0.981974 0.0707682 0.0360518 0.639696
0 0.536681 0.174128 0.0686228 0.0693064 0.635055
0 0.983575 0.408205 0.0324064 0.0699123 0.630158
2 0.469025 0.342291 0.0710491 0.0710724 0.627867
2 0.305289 0.599211 0.0729005 0.0722592 0.627353
1 0.0158448 0.655834 0.0315564 0.0708492 0.625389
2 0.76489 0.604077 0.0711744 0.072556 0.62343
0 0.034588 0.18941 0.069176 0.0749343 0.623365
2 0.327084 0.878248 0.0716365 0.0719759 0.619247
2 0.765492 0.488154 0.069788 0.0687353 0.614356
0 0.305874 0.231498 0.0696172 0.0691755 0.61344
1 0.950582 0.562637 0.067931 0.0673739 0.612794
0 0.630548 0.174978 0.0700621 0.0688629 0.609901
2 0.291994 0.956563 0.074881 0.0738682 0.608973
2 0.870431 0.871875 0.0711773 0.0708595 0.607428
0 0.615323 0.250021 0.0696854 0.0695052 0.605185
1 0.655084 0.823578 0.0704354 0.0714952 0.604905
2 0.0260532 0.290775 0.0517875 0.0723428 0.602872
1 0.443015 0.480509 0.0721001 0.0718164 0.602357
2 0.397697 0.054006 0.0689798 0.0707902 0.601153
2 0.0580031 0.146042 0.0736659 0.0736356 0.595702
0 0.710526 0.424212 0.0686632 0.0680418 0.594945
0 0.393466 0.0727138 0.0714925 0.0705866 0.594039
0 0.167031 0.459318 0.0734678 0.0740268 0.593923
2 0.0294881 0.754625 0.0589761 0.0732298 0.592134
2 0.382141 0.228188 0.070223 0.0692401 0.589234
2 0.537889 0.174498 0.0692976 0.0693292 0.588484
1 0.893517 0.674799 0.0701754 0.0690331 0.587186
0 0.691933 0.44906 0.0688436 0.0687776 0.585748
1 0.732624 0.56992 0.0727978 0.0729926 0.581519
2 0.857343 0.65746 0.071003 0.0713387 0.577302
2 0.6818 0.0968228 0.0682375 0.068415 0.577038
0 0.858991 0.5955 0.0686914 0.0694956 0.573892
2 0.614909 0.82904 0.0707882 0.0705326 0.573732
0 0.227188 0.386926 0.0705539 0.0710304 0.570107
1 0.590443 0.686186 0.0674772 0.0679041 0.567888
2 0.0232553 0.0939676 0.0464934 0.0743252 0.561457
0 0.40602 0.100579 0.0709521 0.0701974 0.55719
1 0.56296 0.491225 0.0688372 0.0692516 0.553499
0 0.577455 0.215491 0.0700378 0.0703795 0.552199
1 0.843833 0.463047 0.0687771 0.0688336 0.550499
2 0.312075 0.358641 0.0688691 0.0701317 0.54806
2 0.430029 0.434856 0.0726527 0.0714619 0.542655
1 0.65729 0.840846 0.0724201 0.0723434 0.542477
0 0.0867065 0.583017 0.0732294 0.0731998 0.536118
2 0.635956 0.755058 0.0698944 0.0701233 0.53556
0 0.434464 0.406718 0.070036 0.070209 0.535082
2 0.0193402 0.57298 0.0386804 0.0717876 0.533061
0 0.332851 0.228311 0.070409 0.070458 0.528065
0 0.44813 0.214127 0.0703203 0.0695513 0.527921
1 0.0464885 0.815395 0.073559 0.0732983 0.527483
2 0.9787 0.377684 0.0425991 0.0689634 0.526853
2 0.837158 0.273468 0.0690285 0.0697791 0.525895
0 0.636841 0.308197 0.0705639 0.0709134 0.525619
0 0.840672 0.0171902 0.0670071 0.0342445 0.525182
2 0.980131 0.0235517 0.0381453 0.0459316 0.521001
1 0.420896 0.952124 0.0733328 0.0726713 0.520125
2 0.775862 0.569243 0.0702175 0.0701051 0.518173
0 0.599263 0.778396 0.0706671 0.0705936 0.51217
0 0.430039 0.435536 0.0723395 0.0715221 0.508075
0 0.9831 0.0748293 0.0337282 0.0694822 0.506722
2 0.580631 0.857527 0.0719534 0.0710156 0.506358
2 0.557552 0.548052 0.0698503 0.0696077 0.500691
