2 0.942695 0.107249 0.0749165 0.0749786 0.934398
0 0.0915015 0.808739 0.0735573 0.0738203 0.929064
0 0.416958 0.613331 0.0729771 0.0727762 0.927978
0 0.6163 0.665251 0.074572 0.0742064 0.927555
0 0.2174 0.758882 0.0740423 0.0733103 0.927187
0 0.656175 0.704965 0.075289 0.0750052 0.926698
0 0.549693 0.610317 0.0720199 0.0724661 0.925848
0 0.111372 0.719445 0.0727427 0.0727844 0.925454
0 0.513269 0.380541 0.0731712 0.0734596 0.924445
0 0.655356 0.547333 0.0745862 0.0744083 0.924347
0 0.213651 0.441712 0.0720858 0.0732182 0.923935
0 0.838097 0.0348157 0.0767916 0.0695394 0.923762
0 0.531789 0.233014 0.0747652 0.0745901 0.923733
0 0.0847192 0.687905 0.072062 0.0718365 0.923488
0 0.117398 0.704208 0.0730103 0.0738336 0.92273
2 0.898659 0.105633 0.0761696 0.0757362 0.922609
0 0.479334 0.561798 0.0741449 0.0735144 0.922349
2 0.224052 0.320784 0.0739013 0.0740959 0.92195
0 0.868518 0.0803283 0.0758335 0.0757142 0.921813
0 0.142611 0.759062 0.0737412 0.0737172 0.921551
0 0.727415 0.281261 0.0755811 0.0749243 0.921509
0 0.553205 0.418636 0.0739687 0.0740018 0.921444
0 0.0308788 0.941195 0.0617577 0.0726109 0.921199
0 0.295807 0.737952 0.0734934 0.0732499 0.921068
0 0.257228 0.417381 0.0727985 0.0732456 0.920635
0 0.524877 0.0515839 0.0721779 0.0729392 0.920255
0 0.455658 0.232674 0.0746737 0.0736077 0.920113
0 0.339924 0.0693298 0.0744067 0.0740152 0.920098
0 0.926338 0.164481 0.0756649 0.0750397 0.91994
0 0.713158 0.34539 0.0766981 0.0753242 0.919845
0 0.441694 0.320707 0.0736935 0.0732193 0.919765
0 0.405142 0.345779 0.0728369 0.073097 0.919759
0 0.16353 0.911406 0.0732372 0.0742855 0.919375
0 0.397289 0.278988 0.0731319 0.0737849 0.919095
0 0.928774 0.134459 0.0757254 0.0752695 0.919071
0 0.795714 0.220456 0.0763219 0.0760925 0.918969
0 0.314165 0.67156 0.0736485 0.0733961 0.918969
0 0.53972 0.900281 0.0722916 0.0727261 0.918763
0 0.0750924 0.837861 0.0733057 0.0729681 0.918444
0 0.0278065 0.800721 0.055374 0.0732266 0.918343
0 0.590571 0.360639 0.0735945 0.0738354 0.918225
0 0.730124 0.264402 0.0760939 0.0767732 0.918199
0 0.653209 0.308444 0.0738894 0.0743898 0.918132
0 0.363781 0.331821 0.0737105 0.0743723 0.91807
0 0.203232 0.462514 0.0736348 0.0729302 0.917809
0 0.0298971 0.618321 0.0597724 0.0716083 0.917474
0 0.377816 0.706038 0.0738043 0.0737679 0.917417
0 0.255096 0.340501 0.0744556 0.0737598 0.917409
0 0.100576 0.653892 0.0720213 0.0716745 0.917377
0 0.0620397 0.521951 0.0730543 0.0744129 0.917365
0 0.325011 0.757765 0.0741485 0.0741619 0.917066
0 0.488763 0.320652 0.0735691 0.0738753 0.916755
0 0.426516 0.560859 0.0723255 0.0727452 0.916721
0 0.118936 0.147922 0.0756205 0.0756753 0.916642
0 0.0491234 0.724292 0.0711766 0.0714928 0.916607
2 0.708028 0.232906 0.0745886 0.0746117 0.916607
0 0.664861 0.321107 0.0744395 0.0743816 0.916484
2 0.399071 0.550995 0.0733529 0.0728237 0.916465
0 0.106512 0.856184 0.073706 0.0737129 0.916465
0 0.139055 0.681933 0.0734001 0.0736095 0.916436
0 0.346237 0.098117 0.0742836 0.0741254 0.916247
0 0.0768648 0.883019 0.0730207 0.0728077 0.916067
0 0.555135 0.0311159 0.0733589 0.0621587 0.915933
0 0.234099 0.627789 0.0724602 0.0726566 0.915668
0 0.383723 0.665259 0.0735458 0.0731177 0.915589
0 0.871986 0.0396649 0.0758747 0.0753772 0.915527
2 0.381248 0.58419 0.0734153 0.0729826 0.915378
0 0.0254258 0.698952 0.0505497 0.072374 0.915052
2 0.310754 0.0495857 0.0742178 0.0742166 0.915047
1 0.304552 0.3403 0.074046 0.0740701 0.914998
0 0.613285 0.398196 0.0744848 0.0743291 0.914969
0 0.624521 0.295783 0.0746279 0.0745284 0.914941
2 0.0551279 0.54434 0.0742937 0.0740935 0.914923
0 0.0630454 0.671643 0.071055 0.0719564 0.914916
0 0.845339 0.148031 0.076104 0.0760997 0.914836
0 0.237791 0.742593 0.0739006 0.073838 0.914782
0 0.160396 0.444746 0.073712 0.0740763 0.914329
0 0.14151 0.435308 0.0745371 0.0750085 0.914286
0 0.0896268 0.913998 0.0737261 0.0736153 0.914091
0 0.427857 0.458846 0.0738572 0.0740591 0.913995
0 0.0530325 0.796906 0.0729224 0.0725003 0.913835
0 0.0654915 0.644291 0.0716928 0.0721237 0.913814
0 0.539052 0.0312846 0.0728434 0.0625693 0.9137
0 0.0512983 0.641232 0.0720406 0.0717906 0.913609
0 0.502694 0.502033 0.0724113 0.0728644 0.913606
0 0.3949 0.73622 0.073551 0.0730295 0.913548
0 0.100019 0.897547 0.0730802 0.0731384 0.913308
0 0.0511309 0.427313 0.074557 0.0745776 0.913267
0 0.692212 0.218434 0.0757482 0.0749603 0.913256
0 0.189888 0.0216577 0.0726614 0.0432691 0.913116
0 0.536871 0.659881 0.0729741 0.073308 0.912941
0 0.119026 0.642532 0.0727477 0.0729424 0.912821
0 0.826923 0.108122 0.0768284 0.0758906 0.912782
0 0.149355 0.573687 0.0723698 0.0726169 0.912739
0 0.669102 0.217359 0.0752897 0.0747077 0.912718
0 0.244915 0.326982 0.0747542 0.0744885 0.912634
0 0.357591 0.779674 0.0750778 0.0749016 0.912575
2 0.858647 0.0680365 0.075948 0.075794 0.912544
0 0.11951 0.482089 0.0742151 0.0739278 0.912042
2 0.0791488 0.218114 0.07594 0.0758359 0.911902
0 0.559522 0.574778 0.0732552 0.0734736 0.911885
0 0.207811 0.829158 0.0748425 0.0744347 0.911842
0 0.0918263 0.510449 0.0738562 0.0741509 0.911795
0 0.633919 0.22241 0.0748106 0.0748234 0.911735
0 0.507289 0.359568 0.0741243 0.0739949 0.91172
0 0.653754 0.366535 0.0750797 0.0752376 0.9117
2 0.893921 0.529508 0.0744156 0.0744898 0.911575
0 0.280762 0.36182 0.0729773 0.0731865 0.911493
0 0.128592 0.521766 0.0730963 0.07268 0.911492
0 0.219174 0.459484 0.073657 0.0736749 0.911474
0 0.615128 0.329427 0.0743732 0.0743701 0.911339
0 0.636862 0.499441 0.0759424 0.0755611 0.911245
0 0.0444284 0.883448 0.0739591 0.0729601 0.911241
0 0.305298 0.321406 0.0747494 0.074501 0.911215
0 0.206993 0.416778 0.0733284 0.0729401 0.911115
0 0.75747 0.332136 0.0747917 0.0750431 0.911107
0 0.134072 0.830328 0.0746772 0.0744468 0.911076
0 0.0543837 0.836765 0.072865 0.0727512 0.911065
0 0.0689969 0.505191 0.0741201 0.0739076 0.911063
0 0.433288 0.64814 0.0725265 0.0723057 0.910995
2 0.475209 0.379127 0.0732399 0.0738885 0.910978
0 0.0269069 0.543165 0.0537971 0.0737404 0.910739
0 0.683447 0.195234 0.0742231 0.0742301 0.910608
0 0.408333 0.073022 0.073857 0.0739423 0.910577
0 0.137191 0.598856 0.0733483 0.073006 0.91027
0 0.944149 0.168525 0.076054 0.0755805 0.910264
2 0.44873 0.604648 0.0725959 0.0732279 0.9101
0 0.479141 0.331614 0.0738047 0.0735294 0.909864
0 0.637787 0.0485271 0.0741217 0.0737614 0.909833
0 0.742259 0.216167 0.074951 0.0744308 0.909722
0 0.743323 0.190462 0.0752873 0.0747498 0.909573
0 0.0574552 0.855506 0.0733265 0.0735365 0.909551
0 0.341251 0.294651 0.0737992 0.0736677 0.909327
2 0.459107 0.5284 0.0727762 0.0728155 0.909277
0 0.597073 0.185039 0.074576 0.0750728 0.909045
2 0.337998 0.553185 0.0721244 0.073317 0.909038
0 0.372455 0.522735 0.0725951 0.0733152 0.909001
0 0.49261 0.031369 0.0730164 0.062738 0.908956
0 0.629824 0.170247 0.075672 0.0749673 0.908908
0 0.339639 0.0327111 0.0742029 0.0654222 0.908834
0 0.0275166 0.664396 0.0545053 0.0716188 0.908729
0 0.480535 0.747832 0.0719043 0.0718514 0.908639
0 0.24864 0.403148 0.0717609 0.0724918 0.908603
0 0.443184 0.248735 0.0738693 0.0731806 0.908344
0 0.156297 0.528793 0.0741158 0.0727783 0.908285
0 0.287888 0.32062 0.0739765 0.0740291 0.908193
0 0.414325 0.453439 0.0742471 0.0739271 0.908189
0 0.404725 0.048363 0.0727766 0.0726662 0.908062
0 0.578647 0.352421 0.0747828 0.0733787 0.908023
0 0.421172 0.311837 0.0727049 0.0722912 0.907841
0 0.47882 0.0285379 0.0725676 0.0567508 0.907775
0 0.311675 0.687483 0.0743457 0.0740696 0.907733
0 0.36876 0.0464747 0.0737568 0.0738259 0.90772
0 0.198318 0.736376 0.0736049 0.0737597 0.90741
2 0.354296 0.548501 0.0737011 0.073056 0.9074
0 0.91415 0.0840401 0.0757402 0.0751623 0.907394
2 0.192382 0.328493 0.0746862 0.0740593 0.907303
0 0.15058 0.283017 0.075247 0.0749539 0.907295
0 0.286237 0.700331 0.0733642 0.0736771 0.907279
0 0.270887 0.336165 0.0748686 0.0740544 0.907245
0 0.0277069 0.522547 0.0552291 0.074244 0.907136
0 0.607901 0.0620879 0.0741194 0.0737461 0.907102
1 0.427994 0.0876453 0.0746308 0.0739071 0.906897
0 0.292199 0.563184 0.0733959 0.0731279 0.906845
0 0.871633 0.112565 0.0761101 0.0760841 0.906767
0 0.605349 0.0784423 0.0737406 0.0737895 0.906757
0 0.639785 0.160435 0.0742658 0.0745147 0.906725
0 0.523888 0.410758 0.073567 0.0737684 0.906616
0 0.854163 0.290298 0.0756428 0.0756032 0.906515
0 0.863354 0.0293981 0.0747986 0.0585381 0.906497
2 0.518747 0.336777 0.0738219 0.0731271 0.906454
0 0.959284 0.101242 0.0754332 0.0753612 0.906412
0 0.201102 0.337389 0.0741387 0.0741814 0.906411
0 0.166911 0.29427 0.0754513 0.0749535 0.906341
0 0.371183 0.674892 0.07347 0.0734066 0.906287
0 0.034231 0.731703 0.0684621 0.0724928 0.906212
0 0.130224 0.553858 0.0740983 0.0736462 0.905858
1 0.181484 0.24085 0.0760555 0.0756709 0.905853
0 0.194788 0.55317 0.0727854 0.0720703 0.905771
2 0.403624 0.610291 0.0722402 0.0717575 0.905599
0 0.112085 0.253471 0.075 0.0748651 0.905594
2 0.100128 0.409141 0.0738828 0.0739376 0.905588
0 0.0561075 0.504166 0.0743872 0.0736951 0.905575
0 0.777903 0.211496 0.0756353 0.0756652 0.905569
0 0.0541803 0.820161 0.0731085 0.072789 0.905511
2 0.219227 0.854273 0.0747464 0.0744345 0.905483
0 0.384713 0.319054 0.0734934 0.0737685 0.905476
2 0.586049 0.61666 0.0738564 0.0739324 0.905447
0 0.534563 0.529799 0.072386 0.0728753 0.905439
2 0.148918 0.79319 0.07366 0.0737095 0.905372
0 0.0532089 0.467527 0.0748142 0.0743797 0.905329
0 0.169412 0.963764 0.0738552 0.0721939 0.905292
0 0.359437 0.746442 0.0728846 0.0728628 0.905233
0 0.736521 0.397327 0.0762064 0.0753814 0.905188
1 0.533842 0.570873 0.0728788 0.0732049 0.905122
2 0.705679 0.282736 0.0753492 0.0744074 0.905105
0 0.133619 0.566146 0.0739615 0.0729731 0.905071
0 0.680135 0.353243 0.0754521 0.0754291 0.904925
0 0.161685 0.48138 0.0747356 0.075279 0.904919
0 0.124373 0.429244 0.0740559 0.0737847 0.904871
0 0.354278 0.670369 0.0739639 0.0739229 0.904862
0 0.861333 0.741226 0.0746433 0.0748932 0.904842
0 0.46379 0.337 0.0732201 0.0733374 0.904662
0 0.903626 0.0324405 0.0749416 0.0648724 0.904552
0 0.170169 0.945517 0.0740358 0.0734005 0.904321
0 0.74065 0.416265 0.0761689 0.0756327 0.904213
0 0.203191 0.716255 0.0729351 0.0730156 0.904151
1 0.274471 0.191101 0.0742209 0.0740656 0.904105
0 0.0632162 0.627287 0.0712743 0.0717683 0.904039
0 0.603796 0.318427 0.0749186 0.0746758 0.904029
0 0.168427 0.0281884 0.0725263 0.0560209 0.903954
0 0.458364 0.39219 0.0728918 0.0730553 0.903939
0 0.0791587 0.903523 0.0738349 0.0740034 0.903871
0 0.612774 0.267354 0.0749985 0.074462 0.903727
0 0.536808 0.967984 0.0720409 0.0640314 0.903566
2 0.872863 0.524239 0.0745728 0.0747517 0.90343
0 0.747251 0.503615 0.073665 0.0738136 0.903373
0 0.902342 0.0562217 0.0751833 0.075022 0.903355
1 0.462537 0.67686 0.0725539 0.0723197 0.903128
2 0.898768 0.510227 0.0740139 0.0734241 0.902843
0 0.15341 0.838299 0.0736038 0.0730551 0.902769
0 0.281534 0.710333 0.0732517 0.073033 0.902661
0 0.0263086 0.829058 0.0523091 0.0727322 0.902551
1 0.514899 0.607749 0.0714206 0.0720589 0.90255
0 0.0663851 0.772882 0.0732628 0.0723614 0.902503
0 0.0386892 0.861204 0.0723756 0.0736187 0.902286
0 0.031342 0.870178 0.062684 0.0739109 0.90224
1 0.184109 0.217965 0.0756294 0.075592 0.902231
1 0.219687 0.0493793 0.0736112 0.0729148 0.902218
0 0.393725 0.720204 0.073231 0.0728987 0.902178
0 0.497687 0.464896 0.0732142 0.0732807 0.902142
0 0.0603623 0.560838 0.0738832 0.0739929 0.901737
0 0.0981791 0.638349 0.0718028 0.0716911 0.901586
0 0.163716 0.783084 0.0746863 0.0742235 0.901403
0 0.145648 0.456654 0.0736323 0.0735472 0.901242
0 0.454296 0.582632 0.0721095 0.0720507 0.901238
0 0.156523 0.74839 0.0739326 0.0726275 0.901203
2 0.362176 0.609184 0.0730917 0.0728865 0.901071
0 0.353444 0.392685 0.0732388 0.0739745 0.901044
0 0.290872 0.581008 0.0738767 0.0735231 0.901021
0 0.222307 0.395296 0.0729942 0.0731719 0.900999
0 0.245883 0.501967 0.0720117 0.0714138 0.900797
0 0.895686 0.125032 0.076263 0.0761119 0.900708
2 0.126681 0.383174 0.0741471 0.0743141 0.900588
0 0.0526021 0.707213 0.071665 0.0717991 0.900519
0 0.696508 0.530648 0.0743132 0.0744008 0.90048
0 0.945646 0.185446 0.0756504 0.0755875 0.900298
0 0.92369 0.108308 0.0755089 0.0752381 0.900296
1 0.238675 0.246019 0.0759315 0.0757716 0.900198
0 0.143233 0.743862 0.0733529 0.0732519 0.900057
0 0.192586 0.706903 0.0734432 0.0734684 0.899935
1 0.537997 0.38985 0.0732534 0.0733564 0.899869
0 0.243932 0.723166 0.0735259 0.0727509 0.899847
0 0.349208 0.0220212 0.0712145 0.0439606 0.89984
0 0.0367462 0.431672 0.072009 0.074473 0.899784
0 0.61084 0.343081 0.0744165 0.0738089 0.899734
0 0.210508 0.368417 0.0727858 0.0736397 0.899733
2 0.0972665 0.151163 0.0773745 0.0779074 0.89971
0 0.75683 0.956892 0.0744646 0.0746363 0.899682
2 0.122546 0.910052 0.0740881 0.0744803 0.899468
0 0.398968 0.306565 0.0721927 0.0732536 0.899387
0 0.658094 0.458466 0.0755156 0.074897 0.898936
0 0.393493 0.337052 0.0736109 0.0732483 0.898917
1 0.830088 0.284718 0.0762342 0.0754816 0.898892
0 0.634512 0.248531 0.0755022 0.0756108 0.898892
2 0.599851 0.629908 0.073567 0.073509 0.898881
1 0.188362 0.19858 0.0764863 0.0770454 0.898845
0 0.54436 0.483873 0.0729963 0.0732177 0.898835
2 0.156783 0.379765 0.0742439 0.0739847 0.898791
0 0.0382914 0.755131 0.0706902 0.0701422 0.898706
2 0.883947 0.554321 0.0744404 0.0745972 0.898601
0 0.971407 0.85495 0.0571862 0.0751036 0.898566
0 0.347188 0.471732 0.072923 0.0729736 0.898564
0 0.167646 0.424068 0.0737245 0.0738444 0.898536
1 0.419232 0.75545 0.073381 0.0730429 0.89851
1 0.445079 0.671586 0.0733386 0.0727491 0.898502
0 0.198458 0.514161 0.0725265 0.0717405 0.898472
1 0.211471 0.196314 0.0766005 0.0762363 0.898222
1 0.293459 0.902931 0.0743712 0.0744358 0.898201
1 0.799268 0.0722271 0.0769395 0.0761297 0.898052
2 0.780924 0.78271 0.0753569 0.0753054 0.897994
0 0.0269328 0.462441 0.0538249 0.074213 0.897964
1 0.149976 0.241782 0.0756663 0.0760066 0.897929
0 0.241141 0.415595 0.0732491 0.0729154 0.897904
0 0.274031 0.448712 0.072939 0.0732294 0.897871
0 0.38917 0.0440238 0.0729138 0.073648 0.897812
0 0.128314 0.617453 0.0735453 0.073312 0.897734
0 0.317505 0.563255 0.0734849 0.0731548 0.897583
2 0.691538 0.248912 0.0748861 0.0741791 0.897428
0 0.57841 0.0228213 0.072961 0.0456427 0.897218
0 0.345327 0.312015 0.0737644 0.0731779 0.897077
0 0.35754 0.153304 0.0744222 0.0738 0.896994
0 0.171934 0.611937 0.0722455 0.0717117 0.896914
0 0.205741 0.971661 0.0732639 0.0566779 0.896713
1 0.578594 0.642426 0.0727707 0.0721079 0.896553
1 0.146517 0.218114 0.0773905 0.0773296 0.896405
0 0.592068 0.307466 0.0741158 0.0735845 0.896004
0 0.0652457 0.408634 0.074824 0.0750435 0.895981
1 0.457908 0.69932 0.0726772 0.0726345 0.895947
0 0.179262 0.685073 0.0734509 0.0729019 0.895798
2 0.413823 0.564008 0.0736594 0.0729963 0.895667
0 0.28753 0.599178 0.0747287 0.0742296 0.895608
1 0.694139 0.0844235 0.0754731 0.0755012 0.895577
2 0.860966 0.518185 0.0740326 0.0751747 0.895517
0 0.571054 0.468689 0.0738468 0.0738647 0.895502
2 0.408984 0.626886 0.0720667 0.0723721 0.895341
1 0.660007 0.0982497 0.0753862 0.0747743 0.895333
1 0.892592 0.692159 0.0756327 0.0756989 0.895143
0 0.100618 0.793401 0.0733778 0.0739611 0.894943
0 0.0504386 0.678419 0.071062 0.0716547 0.894919
0 0.424222 0.238488 0.074061 0.0739285 0.894812
1 0.542028 0.552457 0.0740475 0.0732228 0.894752
0 0.494779 0.430238 0.073645 0.0738269 0.894732
0 0.566274 0.289636 0.0746967 0.0742981 0.894685
0 0.391507 0.496586 0.0747176 0.0736962 0.894671
0 0.524185 0.49325 0.0727863 0.0733742 0.894567
0 0.173181 0.373154 0.073797 0.0737911 0.894546
0 0.398809 0.0265972 0.0703703 0.0531096 0.894477
0 0.639325 0.365914 0.0758572 0.0750299 0.89447
1 0.196128 0.894143 0.0741787 0.0742222 0.894206
1 0.75569 0.0921004 0.0749151 0.0739173 0.894018
0 0.0914118 0.475177 0.0740611 0.0739605 0.893885
2 0.45979 0.278231 0.0723033 0.0729142 0.89346
0 0.340767 0.388174 0.0744565 0.0739274 0.89343
1 0.405512 0.899597 0.0748241 0.0743542 0.893345
0 0.792067 0.152924 0.0762902 0.0763614 0.893129
1 0.390702 0.644876 0.0729183 0.0728392 0.893055
0 0.152424 0.0231075 0.0735637 0.0456938 0.892963
2 0.9634 0.035202 0.0726721 0.070404 0.892892
2 0.403788 0.533525 0.0736563 0.0735504 0.892784
0 0.95651 0.561283 0.0745491 0.0731502 0.892731
0 0.0467214 0.444028 0.0745498 0.0742926 0.892597
2 0.552858 0.959692 0.0712088 0.0724281 0.892348
1 0.55313 0.680133 0.0738569 0.0738583 0.89231
1 0.477454 0.618738 0.0721105 0.0718286 0.892302
0 0.157899 0.503052 0.0742139 0.0730464 0.892301
1 0.481546 0.68967 0.0717405 0.071104 0.892243
0 0.514834 0.398059 0.0740196 0.0733714 0.892193
1 0.238018 0.268681 0.075279 0.0752515 0.891953
0 0.0983883 0.709347 0.0733264 0.0731008 0.891877
1 0.0368802 0.351713 0.0735393 0.0753622 0.891854
0 0.958789 0.0724939 0.0746914 0.0742854 0.891745
1 0.675647 0.0416171 0.0730846 0.0734178 0.891512
0 0.0230959 0.57963 0.0461917 0.0733889 0.891498
0 0.01888 0.841929 0.03776 0.0730232 0.891422
2 0.326016 0.319721 0.073339 0.0738461 0.8914
2 0.358501 0.531465 0.073527 0.0734463 0.891336
2 0.566139 0.19428 0.0749285 0.0747119 0.891302
0 0.237354 0.0343196 0.0728172 0.0686392 0.891182
1 0.383083 0.916638 0.0748038 0.0748156 0.891177
0 0.326009 0.0493127 0.0749582 0.0750563 0.89104
1 0.489972 0.799869 0.0713684 0.0715859 0.890963
1 0.127354 0.779838 0.0734937 0.0740511 0.890802
2 0.192502 0.368004 0.0736464 0.0733461 0.890778
1 0.059752 0.103184 0.0752632 0.0752814 0.890777
2 0.213582 0.930894 0.0723585 0.072604 0.890772
0 0.055424 0.396066 0.0757888 0.0753314 0.890734
1 0.967524 0.183684 0.0649513 0.0756285 0.890682
0 0.662106 0.179656 0.0747864 0.0749084 0.890518
2 0.32264 0.39587 0.0732384 0.0739139 0.890512
0 0.134657 0.470725 0.0739713 0.0739247 0.890391
2 0.618768 0.0313723 0.0740658 0.0627446 0.890262
1 0.156613 0.0627688 0.0739802 0.0730925 0.890106
0 0.259973 0.578545 0.0725088 0.0725847 0.889829
0 0.430457 0.603916 0.0739099 0.0741728 0.889552
2 0.757451 0.169874 0.0753127 0.0749712 0.889284
1 0.806482 0.0352517 0.0754955 0.0705035 0.889255
1 0.0837877 0.297761 0.0760973 0.0762608 0.88904
2 0.108165 0.080252 0.075381 0.0758776 0.88885
2 0.127334 0.0312708 0.0740755 0.0623028 0.888734
0 0.292116 0.657399 0.0736106 0.0734102 0.888722
0 0.217305 0.544055 0.0727041 0.0732237 0.888708
0 0.0380657 0.781568 0.0711036 0.0726773 0.888541
0 0.230751 0.0246543 0.0726658 0.0492457 0.888536
2 0.391304 0.544273 0.07269 0.0719103 0.888359
1 0.0701514 0.146215 0.076389 0.0761931 0.888202
0 0.145117 0.396668 0.0740167 0.0743257 0.888139
0 0.257849 0.593166 0.0720919 0.0719521 0.888031
0 0.0284543 0.380256 0.0569086 0.0740534 0.887768
0 0.2716 0.688859 0.072682 0.0727968 0.88768
1 0.373356 0.213832 0.0737954 0.0739417 0.887595
0 0.275467 0.50532 0.0722233 0.073145 0.887488
1 0.518259 0.15955 0.0766561 0.0769065 0.887441
0 0.875744 0.0993141 0.076186 0.0760075 0.887347
2 0.266595 0.603673 0.0736285 0.0722101 0.887079
0 0.53741 0.280678 0.0755772 0.0742822 0.887034
0 0.117345 0.606455 0.0730953 0.0732107 0.886766
0 0.132556 0.413943 0.0735346 0.073422 0.886733
1 0.153511 0.181968 0.076926 0.0769909 0.886715
1 0.537256 0.691231 0.0725583 0.072751 0.886542
2 0.411647 0.508322 0.0747772 0.0748693 0.886504
1 0.453706 0.0892166 0.0735143 0.0730664 0.88637
2 0.597385 0.442756 0.0746024 0.074445 0.886363
0 0.764283 0.240314 0.0754421 0.0747077 0.886344
1 0.304872 0.0836917 0.0748251 0.0750157 0.886011
1 0.916452 0.39198 0.0746426 0.0741227 0.885942
0 0.102308 0.780012 0.0735382 0.0732517 0.885892
0 0.218753 0.968862 0.0742897 0.0622751 0.885597
0 0.367558 0.736029 0.0737701 0.0725129 0.885368
2 0.435162 0.400454 0.0735703 0.0731771 0.885038
0 0.178179 0.703725 0.073326 0.0724564 0.884924
1 0.480941 0.169956 0.0753037 0.0758283 0.884919
0 0.218568 0.710005 0.0733646 0.0723445 0.884385
0 0.130969 0.796631 0.0739776 0.0734726 0.88431
0 0.458741 0.722941 0.0725309 0.0724802 0.884162
0 0.579979 0.330409 0.073999 0.0738692 0.884125
0 0.0338282 0.794174 0.0668655 0.0697626 0.884111
0 0.119367 0.545946 0.0729066 0.0730413 0.883957
1 0.811285 0.401831 0.0755879 0.0756698 0.88394
0 0.170092 0.92981 0.0740271 0.0740112 0.883832
0 0.593753 0.199874 0.0757416 0.0761714 0.883702
1 0.434816 0.940888 0.074811 0.0751354 0.883626
2 0.580976 0.201143 0.0752923 0.0757052 0.883602
1 0.394484 0.930382 0.0749297 0.0748703 0.883311
0 0.643566 0.331399 0.0750921 0.0745912 0.882931
1 0.777684 0.0406721 0.0755025 0.0757668 0.882857
0 0.313865 0.491868 0.0724866 0.0728407 0.882792
1 0.510069 0.841818 0.0718886 0.0720661 0.882441
0 0.507794 0.0293251 0.0730517 0.0585097 0.88236
2 0.848703 0.512387 0.0748688 0.0747466 0.882037
0 0.968885 0.253877 0.0618294 0.0743155 0.881991
1 0.886936 0.665771 0.0742687 0.0746992 0.881852
2 0.117918 0.187928 0.0763751 0.0759692 0.881515
2 0.38209 0.489936 0.0744925 0.0734669 0.881405
0 0.427442 0.351575 0.0731624 0.0729367 0.881369
0 0.828756 0.19106 0.0758725 0.0754796 0.88124
0 0.120883 0.17116 0.0771549 0.0768735 0.881025
0 0.19566 0.0298732 0.0722551 0.0593024 0.880596
1 0.419545 0.148426 0.0767727 0.076746 0.880393
1 0.43294 0.166683 0.0762197 0.0761187 0.880255
2 0.573724 0.0869002 0.0743856 0.0746546 0.880006
1 0.276133 0.0868626 0.0748632 0.0748332 0.879997
0 0.117585 0.414951 0.0748555 0.075876 0.879883
1 0.590799 0.727368 0.0742094 0.0742727 0.879608
0 0.181765 0.591198 0.0731563 0.0722753 0.879202
1 0.720508 0.780539 0.0766394 0.0761848 0.879178
0 0.191869 0.391995 0.0734484 0.0733356 0.879062
1 0.458269 0.0587697 0.0729959 0.0724086 0.879009
0 0.474088 0.480761 0.0729271 0.0736641 0.878921
1 0.256592 0.272012 0.0755489 0.0756823 0.878742
0 0.20909 0.619746 0.071939 0.0723228 0.878546
0 0.0238678 0.435197 0.047734 0.0739319 0.877909
1 0.698976 0.166655 0.073915 0.0740189 0.8779
1 0.123634 0.656624 0.0731384 0.0723196 0.877754
0 0.400698 0.45291 0.0736694 0.0737896 0.877688
1 0.900884 0.274622 0.0750376 0.0744307 0.877543
0 0.0463411 0.909401 0.0740029 0.0738049 0.877458
1 0.865932 0.183721 0.0756474 0.0756569 0.877383
1 0.765843 0.074355 0.076432 0.0762831 0.877309
1 0.735975 0.572334 0.0740334 0.0738313 0.877164
1 0.576038 0.9166 0.0727762 0.0737236 0.876892
0 0.386341 0.446115 0.0728898 0.0726474 0.876822
1 0.164827 0.0922052 0.0736788 0.0732184 0.87648
1 0.933005 0.465119 0.0728226 0.0727528 0.876125
0 0.540482 0.347691 0.0741245 0.0740661 0.876117
1 0.433296 0.824826 0.0728223 0.0719158 0.876088
0 0.118492 0.677432 0.0733707 0.072838 0.875718
0 0.230892 0.613958 0.0716676 0.0708857 0.875225
2 0.0925065 0.0867064 0.0760539 0.0757756 0.875066
1 0.0406857 0.0755654 0.0754527 0.0749936 0.875044
1 0.0771764 0.736058 0.07201 0.0723567 0.875005
0 0.0871478 0.232802 0.0762426 0.0756617 0.874541
0 0.486976 0.422763 0.0725563 0.0727787 0.874324
2 0.404272 0.58124 0.0732985 0.0740444 0.874206
2 0.0948527 0.218901 0.0760901 0.0756751 0.873584
1 0.399057 0.129568 0.0755791 0.0747679 0.873539
1 0.105604 0.971213 0.0734606 0.0575731 0.873446
0 0.163657 0.678965 0.0733668 0.0733189 0.873329
2 0.232741 0.60037 0.0706296 0.0714485 0.873302
0 0.122908 0.243555 0.0754863 0.0753738 0.87268
0 0.617928 0.436191 0.0736536 0.0741372 0.872461
2 0.912552 0.575128 0.0749584 0.0750738 0.872404
0 0.638218 0.307015 0.0746265 0.0747407 0.872385
1 0.718042 0.805166 0.0775642 0.0774216 0.872039
1 0.553189 0.123011 0.0752473 0.0756601 0.871958
2 0.483257 0.491996 0.0731525 0.0731279 0.871702
1 0.741142 0.0685086 0.0742372 0.0744033 0.871695
0 0.380924 0.690296 0.0736291 0.073074 0.87125
1 0.210413 0.674079 0.0729462 0.0733784 0.871107
0 0.964816 0.0586826 0.0703678 0.0741787 0.870915
0 0.0225422 0.683132 0.0450843 0.0704969 0.870569
0 0.0935283 0.497009 0.0741468 0.0739893 0.870537
0 0.0209674 0.726781 0.0419347 0.0719033 0.870481
0 0.184475 0.547151 0.0734003 0.0719811 0.870191
1 0.460281 0.151355 0.0759056 0.0758465 0.869658
1 0.474043 0.851005 0.0710321 0.0709457 0.869324
2 0.592853 0.932239 0.0733812 0.0738434 0.869166
0 0.333739 0.606231 0.0724822 0.0732465 0.868868
0 0.0790912 0.655863 0.0721575 0.0727581 0.868724
2 0.392732 0.372734 0.074028 0.0736618 0.868627
0 0.641788 0.6957 0.0735758 0.0739648 0.868228
1 0.925819 0.409291 0.0748898 0.0751543 0.868092
0 0.218375 0.91857 0.0739939 0.0738512 0.868091
1 0.505321 0.873608 0.0724172 0.0723469 0.868024
0 0.720767 0.254395 0.075437 0.0751035 0.867813
0 0.128543 0.506776 0.0734277 0.0736526 0.867731
1 0.657181 0.750862 0.0754254 0.0757641 0.867535
1 0.459237 0.905587 0.0729543 0.0730011 0.867528
0 0.176314 0.415383 0.0729617 0.0734356 0.867331
1 0.245859 0.098272 0.0747336 0.0745106 0.86725
1 0.0511698 0.293251 0.0738228 0.0735843 0.867244
1 0.295234 0.285557 0.0747206 0.0737391 0.866895
0 0.191104 0.61837 0.0723731 0.072555 0.866635
0 0.279674 0.555582 0.071166 0.0707916 0.866597
2 0.451583 0.854037 0.0725504 0.0717217 0.866553
2 0.25475 0.950658 0.0739999 0.0739937 0.866512
2 0.0992001 0.180827 0.0768572 0.0761364 0.866507
0 0.32798 0.0281578 0.0720506 0.0560434 0.86639
0 0.384442 0.0297849 0.0706266 0.0590491 0.866139
2 0.716459 0.429534 0.076199 0.0761497 0.86606
0 0.0745509 0.631203 0.0711811 0.0724108 0.86605
0 0.0501905 0.595023 0.0714694 0.0714361 0.865852
2 0.193431 0.956309 0.0738961 0.0745247 0.865364
1 0.543979 0.173829 0.0745179 0.0744991 0.865098
0 0.291126 0.45335 0.0731812 0.0734035 0.864127
0 0.279812 0.515981 0.0723761 0.0720856 0.864002
1 0.795728 0.417249 0.0754011 0.0754339 0.863917
2 0.568328 0.964798 0.0735622 0.0702816 0.86391
1 0.637646 0.913233 0.0734003 0.0733236 0.863905
1 0.421398 0.119553 0.0758123 0.0759201 0.863286
1 0.0683157 0.333707 0.0762892 0.0754446 0.862554
0 0.248247 0.700867 0.0726163 0.0726835 0.862239
2 0.971739 0.30797 0.0565222 0.0743108 0.862176
1 0.786514 0.459579 0.0747646 0.0751943 0.862092
1 0.116103 0.0582836 0.0750035 0.0745819 0.861741
1 0.0350027 0.0984492 0.0695739 0.0731416 0.861655
2 0.78365 0.194357 0.0748901 0.0753953 0.861591
1 0.406455 0.875629 0.0733563 0.0735744 0.861579
1 0.0668097 0.367953 0.0746601 0.074468 0.861531
2 0.885742 0.570849 0.0728176 0.0729566 0.861127
0 0.0917968 0.855608 0.0740003 0.073624 0.861092
1 0.18769 0.263563 0.076898 0.0765915 0.860917
1 0.743859 0.645288 0.0742516 0.0742332 0.859713
1 0.432911 0.9585 0.0751312 0.0747034 0.85958
2 0.442097 0.30478 0.0733839 0.0735982 0.859431
2 0.436902 0.279858 0.0716845 0.0726529 0.859196
1 0.246039 0.0585192 0.0741324 0.0737041 0.859113
0 0.0388218 0.929152 0.0729441 0.0732914 0.858991
0 0.0838311 0.611099 0.073125 0.0721481 0.858991
2 0.891568 0.547694 0.0745575 0.0740084 0.858984
1 0.884127 0.35783 0.0753494 0.0753186 0.858779
1 0.880236 0.18811 0.0762287 0.0764895 0.858295
2 0.717521 0.515223 0.0747467 0.0751451 0.858238
2 0.870416 0.503741 0.0736742 0.0745827 0.858226
0 0.967328 0.091425 0.0653431 0.0745703 0.858084
2 0.0822175 0.420363 0.0746495 0.0747062 0.857496
2 0.233459 0.548655 0.0722571 0.0714724 0.857494
1 0.0304027 0.321013 0.0608055 0.0721526 0.856915
1 0.0840223 0.37722 0.0750152 0.0748917 0.856772
2 0.294015 0.037121 0.0736019 0.0725955 0.856492
0 0.681994 0.370772 0.0739412 0.0737349 0.856273
1 0.725837 0.641144 0.0734323 0.0736763 0.855902
0 0.480235 0.241233 0.0732677 0.073196 0.855721
0 0.833133 0.130749 0.0762487 0.0759528 0.855575
1 0.181802 0.170206 0.076223 0.076063 0.855408
0 0.0220582 0.630466 0.0441164 0.0707294 0.855277
1 0.756613 0.431061 0.0757447 0.0750253 0.854728
0 0.336591 0.443436 0.0721001 0.0717224 0.854076
1 0.932094 0.530811 0.0738665 0.073786 0.854069
0 0.626144 0.271578 0.0754233 0.0754531 0.854018
0 0.34436 0.400281 0.0744533 0.073163 0.853983
2 0.65425 0.381897 0.0755064 0.0755097 0.853893
2 0.0401533 0.218954 0.0763365 0.0755608 0.853665
0 0.560059 0.0171407 0.0704084 0.0342814 0.853484
1 0.619292 0.780635 0.0760775 0.0765615 0.852411
2 0.364798 0.442349 0.0725451 0.0732809 0.852251
2 0.963213 0.864218 0.0709286 0.0736412 0.851836
2 0.359146 0.64227 0.0730961 0.0731455 0.851791
0 0.565981 0.0270909 0.0738026 0.0540434 0.851707
1 0.480068 0.638823 0.0722624 0.0711972 0.851448
1 0.924431 0.491076 0.0738417 0.0741169 0.851412
1 0.683695 0.124097 0.0751707 0.0763305 0.851411
0 0.0462783 0.481609 0.0747939 0.0744781 0.851306
1 0.537218 0.938368 0.0723636 0.072073 0.850546
1 0.0605716 0.0846366 0.0755413 0.075173 0.850421
0 0.0796238 0.822793 0.0731558 0.0735325 0.850405
2 0.886121 0.585058 0.0752321 0.0742035 0.850024
1 0.669668 0.0785917 0.0750475 0.0748924 0.849995
2 0.233472 0.57503 0.0719067 0.0718767 0.84925
1 0.788874 0.4337 0.0757637 0.076048 0.849216
2 0.419436 0.800115 0.0736262 0.0732608 0.847862
0 0.0195141 0.750694 0.0390282 0.071649 0.847818
2 0.369629 0.627884 0.0738318 0.0738337 0.847369
1 0.911397 0.321686 0.0745666 0.0748056 0.847209
0 0.482128 0.307449 0.074073 0.0737945 0.846267
0 0.778165 0.156551 0.0753421 0.075477 0.845833
2 0.97036 0.870901 0.0592806 0.0736385 0.845604
1 0.875563 0.85242 0.0741871 0.074469 0.844684
0 0.553479 0.890497 0.0726175 0.0721188 0.843409
1 0.264427 0.240233 0.0760782 0.0760919 0.842673
2 0.726948 0.969233 0.0744603 0.0615337 0.841841
2 0.303417 0.476059 0.0728457 0.0715636 0.841764
0 0.368468 0.400799 0.0737183 0.0733651 0.841537
2 0.392823 0.804331 0.0731688 0.073024 0.841476
1 0.375213 0.113773 0.0735676 0.074945 0.840896
1 0.530071 0.10387 0.0736852 0.0738874 0.840843
2 0.271193 0.958619 0.0743063 0.0744598 0.840822
0 0.174336 0.640923 0.0714926 0.0719043 0.840616
0 0.755617 0.977204 0.0748832 0.0455928 0.840111
0 0.143817 0.610999 0.0737888 0.0729752 0.840013
0 0.429584 0.0229942 0.0709828 0.0459383 0.839905
2 0.0358055 0.977263 0.0692106 0.0454743 0.839801
2 0.720872 0.978316 0.0745359 0.0433676 0.839734
2 0.839118 0.215021 0.0773285 0.0769612 0.839513
1 0.740019 0.826624 0.0760806 0.0757141 0.839272
1 0.018845 0.346846 0.0376901 0.0747307 0.839188
0 0.164652 0.550592 0.0732378 0.0730177 0.839017
0 0.28755 0.677515 0.0720187 0.0723741 0.838315
0 0.0171666 0.928227 0.0343332 0.0723507 0.838087
1 0.620558 0.741901 0.0753815 0.075339 0.837978
1 0.314923 0.87113 0.0742813 0.0742243 0.837696
1 0.51314 0.137882 0.0764433 0.0763262 0.837568
1 0.278422 0.810887 0.0736456 0.0736025 0.837524
0 0.20036 0.449749 0.0725344 0.0734377 0.837436
1 0.518146 0.779414 0.0733178 0.072698 0.836612
0 0.257267 0.542456 0.0725127 0.072316 0.83634
1 0.188192 0.301207 0.0751255 0.0752907 0.835913
2 0.762516 0.761504 0.0752817 0.0749258 0.835788
1 0.479522 0.817799 0.0718876 0.0721991 0.835113
1 0.555923 0.157496 0.0750448 0.0753881 0.834557
1 0.771011 0.367966 0.0752205 0.075044 0.834474
1 0.903869 0.414956 0.0741371 0.0737886 0.834068
0 0.0173354 0.971469 0.0346708 0.0570621 0.83399
1 0.643263 0.805157 0.0757103 0.075934 0.833626
1 0.073292 0.71302 0.070789 0.0720832 0.833364
1 0.851537 0.827513 0.0735451 0.0735016 0.832965
1 0.913411 0.942115 0.0734615 0.0726398 0.832635
1 0.0236942 0.362461 0.0473884 0.0754461 0.832619
2 0.429197 0.618556 0.0723774 0.0728918 0.831825
1 0.326673 0.647606 0.0731566 0.0726899 0.831623
2 0.443997 0.379548 0.0743039 0.074398 0.831124
2 0.777628 0.976877 0.0741686 0.0457562 0.830942
2 0.606216 0.246546 0.074034 0.0731134 0.83061
1 0.937207 0.429327 0.0736286 0.0739902 0.82992
0 0.341109 0.752179 0.0730755 0.0732231 0.829278
2 0.648143 0.222004 0.0741606 0.0739434 0.829129
1 0.259846 0.192615 0.0758177 0.0760718 0.828949
2 0.201905 0.578285 0.0714332 0.0712807 0.828618
0 0.304008 0.38137 0.0735624 0.0732955 0.828581
1 0.383269 0.243894 0.072823 0.0733417 0.828315
2 0.235174 0.929084 0.0736793 0.0738632 0.828129
2 0.383292 0.603618 0.0739592 0.0740047 0.827958
0 0.418238 0.0481812 0.0733816 0.0725832 0.827772
2 0.0189544 0.614494 0.0379089 0.0711413 0.827529
1 0.679721 0.0217767 0.0729015 0.0435535 0.827505
2 0.724315 0.296438 0.0749907 0.0747387 0.827429
1 0.795043 0.0239683 0.0763004 0.0477468 0.82732
2 0.967022 0.601636 0.0657658 0.0731306 0.827246
1 0.384364 0.954443 0.0743505 0.0732235 0.827079
1 0.409974 0.967109 0.0738842 0.0657812 0.826076
1 0.711053 0.617046 0.0743334 0.0744789 0.825933
1 0.889425 0.653896 0.0746643 0.0740314 0.82526
2 0.103687 0.914235 0.0736414 0.0740841 0.824493
0 0.0234724 0.870254 0.0469448 0.0696392 0.823884
1 0.728158 0.595047 0.0731169 0.0743734 0.821389
2 0.944489 0.515523 0.0732018 0.0724962 0.81995
1 0.599941 0.493746 0.0737265 0.0738958 0.819581
2 0.155408 0.92214 0.0740793 0.0739777 0.818666
0 0.609566 0.0356292 0.0735428 0.0712584 0.817653
1 0.784302 0.484112 0.0747475 0.0747194 0.816897
1 0.066944 0.95175 0.0736253 0.0730827 0.816668
0 0.180729 0.467732 0.0730909 0.0725588 0.816103
1 0.934216 0.961641 0.073201 0.0716923 0.814093
0 0.980288 0.226132 0.0385273 0.0746991 0.813714
1 0.499542 0.0958913 0.0729955 0.073286 0.813608
2 0.466789 0.0237387 0.0723465 0.0473026 0.813268
0 0.107765 0.541489 0.0722009 0.0719871 0.813139
0 0.124852 0.491094 0.0733628 0.0728836 0.81308
2 0.629174 0.0263389 0.0738337 0.0525665 0.812728
2 0.650635 0.0265014 0.0724133 0.0529372 0.812549
1 0.414524 0.676181 0.0723448 0.0729345 0.812365
1 0.190948 0.0575521 0.0737209 0.0727958 0.808197
1 0.222916 0.0805442 0.0745041 0.074546 0.807672
0 0.367015 0.0329946 0.0729047 0.0658197 0.807609
0 0.0201791 0.82005 0.0403583 0.0719627 0.807466
1 0.0706475 0.167983 0.0772761 0.0779418 0.807426
1 0.778427 0.506823 0.0738552 0.0735783 0.807113
2 0.177201 0.812017 0.072581 0.0718212 0.806137
0 0.282494 0.774488 0.0739198 0.073283 0.804448
1 0.229358 0.955516 0.0743464 0.0744431 0.803905
1 0.532494 0.759498 0.0739357 0.0730242 0.803185
0 0.250156 0.44583 0.0731326 0.0733572 0.801269
1 0.652536 0.775437 0.0746466 0.0748025 0.800694
0 0.606152 0.232378 0.0742382 0.0739266 0.799945
0 0.954777 0.501132 0.0727547 0.0720232 0.798974
2 0.966599 0.316393 0.0668026 0.0732259 0.798633
0 0.019678 0.511567 0.039356 0.07363 0.797607
1 0.818113 0.833322 0.0731588 0.0729355 0.796406
2 0.978035 0.503819 0.0439296 0.0731592 0.796264
1 0.763145 0.644046 0.0735671 0.0742414 0.796087
1 0.343386 0.2395 0.0754368 0.0742201 0.795973
0 0.0662432 0.492062 0.0747319 0.0747174 0.794589
1 0.725265 0.129808 0.0737214 0.0738796 0.793673
2 0.0943117 0.201126 0.0762334 0.076596 0.792638
2 0.503899 0.764235 0.0727612 0.0717458 0.791083
2 0.617959 0.498207 0.0750108 0.0747911 0.789829
2 0.879062 0.0267719 0.0756527 0.0532489 0.789766
1 0.920926 0.657718 0.0746243 0.0750452 0.789366
2 0.190129 0.981352 0.0725474 0.0372952 0.78913
1 0.95825 0.44395 0.0721132 0.0723803 0.789083
1 0.816602 0.455547 0.0752708 0.0756247 0.787826
1 0.0415809 0.142298 0.0752497 0.0753215 0.787702
1 0.735431 0.331184 0.0756931 0.0750623 0.787464
2 0.200732 0.965373 0.0727092 0.0688835 0.785994
2 0.0507132 0.239987 0.0760981 0.0754916 0.785911
2 0.439554 0.0379136 0.0717733 0.0709001 0.785852
2 0.523764 0.811493 0.0715477 0.0720977 0.7854
1 0.934915 0.818368 0.073885 0.0741741 0.783934
0 0.0326883 0.635449 0.0651904 0.0684032 0.783715
2 0.152412 0.948422 0.0729432 0.0739262 0.783345
1 0.0334111 0.277004 0.0665983 0.0732899 0.781325
1 0.278998 0.226534 0.0749465 0.0748301 0.779734
2 0.328113 0.631807 0.0732608 0.0734077 0.779721
2 0.631434 0.54747 0.0751608 0.0749838 0.779128
1 0.753352 0.592609 0.0740002 0.0741314 0.779117
1 0.0199167 0.186183 0.0398333 0.0703234 0.778158
0 0.977166 0.641254 0.0456676 0.0744766 0.776942
1 0.893026 0.307417 0.0737696 0.0744882 0.77694
0 0.483852 0.475463 0.0733353 0.0726366 0.776552
0 0.0167465 0.704606 0.0334931 0.0717424 0.776274
2 0.841801 0.760578 0.0746006 0.073493 0.775821
0 0.388879 0.0173176 0.0699466 0.0346352 0.774773
1 0.239822 0.21849 0.0763139 0.0764651 0.774771
1 0.765389 0.661697 0.0733263 0.0731743 0.771819
0 0.417779 0.72095 0.0712739 0.0719141 0.771745
0 0.0201537 0.663111 0.0403075 0.0664566 0.770996
0 0.309314 0.656829 0.0727945 0.0732283 0.769866
2 0.831794 0.813392 0.073299 0.0732185 0.768586
2 0.587715 0.170035 0.0746159 0.0747537 0.768554
2 0.614311 0.965259 0.0723476 0.068795 0.766834
1 0.900791 0.724288 0.0764488 0.0762292 0.766402
1 0.977233 0.620188 0.0455347 0.0738962 0.765548
1 0.0197288 0.0599482 0.0394575 0.074459 0.765241
0 0.377985 0.336986 0.0741896 0.0739351 0.764821
1 0.607842 0.811084 0.0754351 0.0750633 0.764665
0 0.191002 0.653843 0.072628 0.0732071 0.762763
0 0.505589 0.219485 0.0741081 0.0740363 0.761656
0 0.0234246 0.711885 0.0462347 0.0714796 0.761406
1 0.929284 0.723083 0.0750401 0.0745926 0.759139
0 0.488299 0.715354 0.0717943 0.0720355 0.757533
1 0.848755 0.34932 0.0754143 0.0755403 0.757264
1 0.914601 0.62126 0.0726645 0.0726786 0.755774
2 0.835933 0.778683 0.07423 0.0743675 0.755744
1 0.844322 0.371823 0.0745644 0.0745373 0.755249
2 0.962529 0.656139 0.0747196 0.0754583 0.754405
1 0.698637 0.611802 0.0724738 0.0724798 0.753883
1 0.809871 0.561747 0.0732338 0.0734428 0.753823
1 0.778467 0.593955 0.0727364 0.0739723 0.752701
2 0.262882 0.391592 0.0727833 0.0727837 0.752521
2 0.510582 0.707712 0.0718691 0.0725031 0.750892
2 0.280797 0.971788 0.0728935 0.0562607 0.748176
0 0.175045 0.562543 0.072558 0.073805 0.746708
2 0.519966 0.207879 0.073129 0.0742115 0.746092
1 0.335476 0.209718 0.0741234 0.0739269 0.745802
2 0.365063 0.839806 0.0740746 0.0738289 0.745792
1 0.471034 0.775886 0.0716394 0.0718849 0.74577
0 0.964754 0.0184445 0.069751 0.036889 0.745031
1 0.222306 0.696911 0.0729464 0.0736147 0.743981
0 0.0175597 0.88322 0.0351194 0.0729914 0.743601
1 0.714219 0.154779 0.074219 0.0743156 0.743425
1 0.909937 0.746119 0.076107 0.0759634 0.742566
1 0.146838 0.344328 0.0755407 0.0754328 0.738547
1 0.134873 0.321046 0.0753603 0.0752385 0.738104
2 0.0192724 0.410156 0.0385448 0.0740548 0.737621
2 0.108008 0.51852 0.0728892 0.0729937 0.735081
1 0.712164 0.0793884 0.0753456 0.0748538 0.733308
0 0.592196 0.323393 0.0734961 0.0738999 0.731824
1 0.805073 0.622011 0.0740606 0.0735068 0.731585
1 0.64855 0.614235 0.0726555 0.0728127 0.730352
1 0.0203426 0.329509 0.0406852 0.0741365 0.730232
1 0.886285 0.621059 0.0742828 0.073893 0.726187
2 0.982007 0.301934 0.0359858 0.0741726 0.725808
2 0.0890522 0.572573 0.0719781 0.0714575 0.721737
1 0.600222 0.474818 0.0743132 0.0746599 0.721013
1 0.622917 0.595371 0.0721661 0.0722307 0.720628
0 0.855961 0.104149 0.0760284 0.0761048 0.720475
0 0.108642 0.61148 0.0717923 0.0712605 0.720174
2 0.414782 0.833711 0.0722056 0.0726421 0.719836
1 0.528837 0.870622 0.0726603 0.0726723 0.719026
2 0.221076 0.601796 0.0714446 0.0717119 0.718922
2 0.437111 0.848993 0.0723227 0.0716259 0.71837
0 0.724194 0.406584 0.0767064 0.0760496 0.718166
2 0.733831 0.0437743 0.0736988 0.0742455 0.716179
1 0.639654 0.767234 0.0744835 0.0750856 0.712477
0 0.114871 0.792782 0.0731518 0.0734646 0.711797
2 0.978017 0.575641 0.0437569 0.0704256 0.711074
1 0.762738 0.601951 0.0729574 0.0730803 0.711047
2 0.761789 0.223362 0.0749056 0.0742172 0.709825
1 0.954625 0.286813 0.0757374 0.0747323 0.709698
0 0.486108 0.456597 0.0720825 0.0718149 0.708985
1 0.975248 0.0832752 0.0495044 0.0752667 0.705916
1 0.130663 0.974424 0.0722105 0.0508226 0.705643
0 0.171713 0.542816 0.0727077 0.0725979 0.70482
2 0.260735 0.323323 0.073571 0.0737298 0.704411
1 0.929047 0.550213 0.0732275 0.0732691 0.703834
1 0.848551 0.63447 0.0747326 0.0746271 0.702878
1 0.836924 0.468122 0.0731724 0.074667 0.700198
2 0.978926 0.549695 0.0416538 0.069772 0.697724
2 0.0499775 0.263245 0.0754948 0.0748849 0.695861
2 0.756861 0.0344234 0.074654 0.0688467 0.695293
1 0.160928 0.97907 0.0723931 0.0416561 0.693554
1 0.478872 0.880106 0.0716207 0.071035 0.692945
1 0.017791 0.27113 0.0354584 0.0711265 0.691566
1 0.893428 0.886766 0.0736389 0.0737146 0.689767
1 0.0232457 0.0773951 0.0461029 0.0727835 0.687341
1 0.880887 0.170728 0.0756111 0.0749185 0.686938
0 0.085829 0.527631 0.0727481 0.0730187 0.686677
2 0.746309 0.0196351 0.0747311 0.0391951 0.683783
1 0.509331 0.582544 0.0716127 0.0727226 0.682557
2 0.43763 0.429541 0.0742674 0.0737762 0.680255
2 0.697698 0.976293 0.0734844 0.0474131 0.678887
2 0.827505 0.585357 0.0746572 0.0743723 0.67887
2 0.579531 0.537758 0.0735906 0.0732429 0.676707
1 0.211098 0.879172 0.0725991 0.0733902 0.675693
2 0.344551 0.330161 0.0740954 0.0745608 0.675657
0 0.314037 0.453711 0.0724067 0.0731089 0.674913
2 0.652087 0.981717 0.0729692 0.0365665 0.674899
1 0.73624 0.317348 0.0759159 0.076087 0.673751
0 0.689481 0.77776 0.0753908 0.0754743 0.67311
0 0.581217 0.233532 0.0747549 0.0739422 0.671816
0 0.501077 0.513833 0.0723761 0.0725838 0.670589
1 0.396316 0.106854 0.0733414 0.0734532 0.670451
0 0.139264 0.495177 0.0744452 0.0742891 0.669567
0 0.546716 0.019435 0.0701756 0.03887 0.668096
0 0.64548 0.293953 0.0745302 0.0745944 0.664735
1 0.940839 0.284311 0.0741592 0.0748198 0.664615
1 0.0243018 0.894683 0.0484909 0.0730911 0.664556
0 0.0992288 0.877565 0.0737698 0.07353 0.664412
1 0.799977 0.98086 0.0734686 0.0377872 0.664191
1 0.655843 0.524451 0.0754391 0.074412 0.663748
1 0.512866 0.0824992 0.0716457 0.0716797 0.658204
1 0.504895 0.639979 0.0720803 0.0716426 0.65752
2 0.379856 0.782093 0.074654 0.0740066 0.657273
2 0.980207 0.280286 0.0393806 0.073177 0.656872
1 0.796385 0.582534 0.0721425 0.0727981 0.65663
1 0.0208384 0.296234 0.0415714 0.0710044 0.653135
1 0.838886 0.677344 0.073608 0.0736826 0.651445
0 0.0487757 0.174389 0.076553 0.0773446 0.65111
2 0.687192 0.41483 0.0733122 0.0734978 0.650798
0 0.311795 0.63975 0.0717246 0.071496 0.647881
0 0.131627 0.0638746 0.0744895 0.0746621 0.647822
2 0.26458 0.0336888 0.0734503 0.067219 0.647006
1 0.709901 0.899143 0.0732912 0.0731037 0.643959
1 0.866633 0.203292 0.0755308 0.0756444 0.643259
2 0.905566 0.204649 0.0753971 0.0750706 0.642626
0 0.557075 0.262678 0.0754601 0.0746429 0.640542
2 0.123205 0.762236 0.0720725 0.0717905 0.640452
1 0.835134 0.970895 0.0704032 0.058209 0.639193
2 0.139191 0.925428 0.072684 0.0734505 0.638974
2 0.964992 0.510096 0.069982 0.0719116 0.638771
0 0.0409074 0.418065 0.0762119 0.075452 0.638355
2 0.557241 0.261854 0.0740509 0.0740317 0.638055
1 0.500319 0.656698 0.0719849 0.0716952 0.631022
0 0.783835 0.193677 0.0758902 0.0756232 0.63087
1 0.028025 0.163587 0.0560501 0.0717287 0.630839
1 0.615062 0.682268 0.0745293 0.0733907 0.630119
0 0.12127 0.273247 0.0757333 0.0760487 0.630033
0 0.566827 0.941071 0.0727943 0.0726656 0.629153
0 0.3633 0.28572 0.0732992 0.073097 0.627143
2 0.506135 0.219449 0.0750336 0.0745968 0.623793
1 0.323764 0.181171 0.0737058 0.0741031 0.623399
2 0.955034 0.677034 0.0752192 0.0751829 0.623008
2 0.371988 0.0508934 0.0741622 0.0736947 0.6199
0 0.184424 0.695383 0.0735367 0.0756018 0.617784
2 0.537365 0.257635 0.0747572 0.0745004 0.617505
1 0.107036 0.839092 0.0739127 0.0738358 0.617077
0 0.502443 0.019197 0.0716919 0.038394 0.616631
1 0.204959 0.232002 0.0760486 0.0761642 0.615897
0 0.9744 0.494881 0.0512007 0.0721225 0.615668
2 0.98 0.788343 0.0398186 0.0722365 0.615512
1 0.522991 0.735448 0.0725082 0.072614 0.615265
2 0.971921 0.276316 0.0561576 0.0743731 0.614714
1 0.974311 0.97823 0.0513778 0.0434303 0.614649
2 0.619514 0.527808 0.0751379 0.0746849 0.614293
1 0.609567 0.452382 0.0741457 0.0736549 0.613802
2 0.532723 0.0180023 0.0722611 0.0360046 0.61231
2 0.358499 0.717541 0.0738643 0.0739225 0.609038
1 0.103319 0.343234 0.0748496 0.0753866 0.608263
1 0.190956 0.142285 0.0745981 0.0744952 0.608209
1 0.770996 0.809129 0.0747026 0.0743671 0.600318
0 0.130358 0.710753 0.0724674 0.0740271 0.599526
2 0.612092 0.507787 0.0743589 0.0745058 0.599447
1 0.362268 0.976056 0.0727273 0.0477781 0.598894
0 0.521987 0.367751 0.0734344 0.0731784 0.595839
2 0.0298862 0.239211 0.0597724 0.0754293 0.594691
0 0.0939374 0.539522 0.0722037 0.0713087 0.59045
0 0.458041 0.409568 0.0733988 0.0728449 0.58921
1 0.622236 0.724757 0.0748511 0.0745186 0.58686
0 0.0339849 0.534481 0.0671241 0.0705885 0.580058
0 0.494429 0.547166 0.0726974 0.0727188 0.578964
1 0.876155 0.330303 0.0741774 0.0739794 0.576801
1 0.830806 0.431145 0.0756594 0.075872 0.576338
0 0.577552 0.365531 0.0735236 0.0730639 0.575556
1 0.521476 0.02354 0.0716858 0.0470792 0.574399
2 0.966363 0.484031 0.066328 0.0733434 0.574193
0 0.750062 0.34072 0.0755449 0.0750329 0.572208
1 0.834932 0.98346 0.072382 0.0328865 0.571185
0 0.358859 0.45006 0.0730472 0.0727775 0.568843
0 0.613194 0.372687 0.0747339 0.0741758 0.568669
1 0.573017 0.855718 0.0721821 0.073011 0.565718
1 0.56424 0.137129 0.0750889 0.0741661 0.565254
2 0.981857 0.172363 0.0362849 0.0742758 0.564355
2 0.491738 0.970212 0.0732713 0.0595751 0.562792
1 0.753317 0.710699 0.0719645 0.0719769 0.562743
2 0.723661 0.406201 0.0768619 0.0758688 0.558357
0 0.448709 0.0286736 0.0704916 0.0571268 0.557739
1 0.794088 0.647151 0.0736674 0.0736831 0.55637
2 0.322145 0.1441 0.0734003 0.0738551 0.550351
1 0.543959 0.362208 0.0740477 0.0730609 0.550336
1 0.787793 0.522222 0.0744907 0.0740536 0.549505
0 0.21045 0.399445 0.0729728 0.0729033 0.540504
2 0.10686 0.0227982 0.0741613 0.045347 0.53973
2 0.688565 0.319208 0.0749057 0.0741607 0.538326
2 0.0939462 0.538995 0.0724779 0.072908 0.537419
2 0.519445 0.9749 0.0719371 0.0501992 0.53719
2 0.552172 0.652848 0.0723478 0.073229 0.535063
0 0.307951 0.0220747 0.0726858 0.0441087 0.534804
0 0.292991 0.491823 0.0725224 0.0733932 0.532918
1 0.501588 0.182169 0.0754499 0.0757165 0.53214
1 0.142428 0.127097 0.0738727 0.074268 0.526767
0 0.428935 0.6181 0.0731495 0.0731744 0.525432
2 0.972661 0.443167 0.0546779 0.0720421 0.525205
1 0.956564 0.783296 0.0727896 0.0724045 0.52054
2 0.224501 0.770224 0.0742462 0.0743942 0.517069
1 0.482916 0.142278 0.0751334 0.0748369 0.51359
2 0.657148 0.345434 0.0746536 0.0748185 0.510692
0 0.732624 0.550437 0.0738872 0.0735428 0.509233
0 0.123173 0.761874 0.0734932 0.0727518 0.506248
0 0.0369038 0.950812 0.0738075 0.0731562 0.504796
