0 0.749356 0.751305 0.0792335 0.079004 0.935471
0 0.796381 0.275664 0.0781084 0.0787815 0.931481
0 0.299342 0.540504 0.0802289 0.0798645 0.929404
2 0.693334 0.452521 0.0772499 0.0779173 0.928347
0 0.616684 0.382295 0.0773143 0.0775542 0.927946
2 0.283344 0.0443203 0.0735749 0.0732995 0.927769
0 0.829544 0.552497 0.0782918 0.0785055 0.925227
0 0.231827 0.0689599 0.0738864 0.0740799 0.925137
2 0.891075 0.550461 0.0780224 0.0787685 0.925103
2 0.576238 0.749536 0.0777309 0.0775922 0.923842
0 0.441274 0.108363 0.073646 0.0736092 0.923668
0 0.27103 0.409006 0.0781845 0.0776237 0.923595
0 0.419117 0.187314 0.0748492 0.0744767 0.923498
0 0.0713537 0.715943 0.0783615 0.0780495 0.923243
2 0.558104 0.456017 0.076729 0.0768427 0.923217
0 0.330093 0.102066 0.0748475 0.0746279 0.922965
0 0.634226 0.339952 0.076503 0.0764855 0.922662
0 0.859079 0.557505 0.0786825 0.0776554 0.921384
0 0.614008 0.336169 0.0777128 0.0771451 0.921207
0 0.739399 0.400298 0.0767434 0.0767533 0.921143
0 0.53721 0.484514 0.0809925 0.0798465 0.921047
0 0.888599 0.725608 0.0784866 0.0782852 0.920924
0 0.869672 0.469855 0.0782732 0.0784472 0.920923
0 0.675252 0.141724 0.0785084 0.0777526 0.92077
0 0.910937 0.600615 0.0793758 0.0796035 0.920726
2 0.683529 0.43661 0.0770248 0.0771013 0.920374
0 0.674334 0.450335 0.0788647 0.0786623 0.920248
0 0.781358 0.42735 0.0770764 0.0774489 0.919941
0 0.278879 0.0575059 0.0742048 0.0740794 0.919918
0 0.489539 0.548309 0.0793112 0.0796387 0.919706
0 0.387726 0.130673 0.0743469 0.0746115 0.919492
0 0.811258 0.517074 0.0793873 0.0779484 0.919276
0 0.514103 0.536772 0.0798533 0.0791959 0.918642
0 0.493063 0.241708 0.0753045 0.0749073 0.918641
0 0.250027 0.506677 0.0807488 0.0785798 0.918554
0 0.845851 0.255435 0.0777176 0.0779686 0.918398
0 0.430801 0.381172 0.0777384 0.0774263 0.917751
0 0.405198 0.134415 0.0739622 0.0736904 0.917413
2 0.896702 0.414613 0.0794096 0.0795071 0.917299
0 0.297329 0.424132 0.0788337 0.0795991 0.917018
0 0.89858 0.581878 0.0789082 0.0775735 0.916899
0 0.628519 0.293565 0.0747754 0.0751865 0.916865
0 0.27501 0.522845 0.0796713 0.0795554 0.916762
0 0.935657 0.319705 0.0785732 0.0776141 0.916705
0 0.89213 0.136869 0.0774576 0.0770907 0.916676
0 0.726552 0.624728 0.0807339 0.0805292 0.916558
2 0.527514 0.0896337 0.076779 0.0765422 0.916435
0 0.709396 0.46125 0.0772587 0.077219 0.916082
0 0.272399 0.0908239 0.0756682 0.0746706 0.916073
0 0.823668 0.539815 0.0802071 0.0795683 0.916047
2 0.781057 0.731294 0.0768744 0.0770536 0.915936
0 0.793937 0.53865 0.078298 0.079166 0.915888
0 0.971971 0.592006 0.0560577 0.0788197 0.91576
0 0.82843 0.78056 0.0790716 0.0786409 0.915745
0 0.654717 0.209828 0.0765288 0.0763513 0.915615
0 0.817823 0.475707 0.0780336 0.0793562 0.915596
0 0.296978 0.409848 0.0776978 0.0779792 0.915462
0 0.273736 0.0302603 0.0728849 0.0605206 0.915168
0 0.7642 0.468001 0.0782431 0.0774082 0.914894
0 0.142897 0.565645 0.0788399 0.0786985 0.914808
0 0.303653 0.830425 0.0791133 0.0795385 0.914792
0 0.453055 0.0926353 0.0738393 0.0738144 0.914507
2 0.749649 0.73306 0.0790862 0.0781418 0.914475
0 0.688392 0.102782 0.0768444 0.0762367 0.914451
0 0.791777 0.560877 0.0783831 0.0789256 0.914315
0 0.481057 0.144924 0.0752178 0.0754716 0.913655
0 0.293379 0.643416 0.0783465 0.078051 0.913561
2 0.670661 0.774745 0.0777781 0.0785879 0.913501
2 0.385614 0.8183 0.0774339 0.0771517 0.913494
0 0.682111 0.346976 0.0760536 0.0762103 0.913477
0 0.388239 0.0756499 0.0724962 0.0721643 0.913435
1 0.759231 0.418178 0.0767572 0.0766697 0.913427
2 0.418683 0.81583 0.0775222 0.0774673 0.913423
0 0.265323 0.488981 0.0785203 0.0788965 0.913219
0 0.656778 0.449597 0.0772871 0.0784548 0.912929
0 0.721173 0.328787 0.0758677 0.0760689 0.912875
0 0.309122 0.445709 0.0796113 0.0793194 0.912793
2 0.800446 0.685099 0.0791899 0.0787964 0.91275
0 0.718094 0.481371 0.0783587 0.0784919 0.912513
2 0.83886 0.705071 0.0780098 0.0774015 0.912354
0 0.361017 0.428806 0.0796228 0.0786793 0.91231
0 0.0675567 0.4846 0.0801261 0.0810276 0.912239
0 0.733604 0.547733 0.079476 0.0794883 0.912135
0 0.674548 0.476007 0.0792768 0.0787279 0.911965
2 0.487595 0.370074 0.0779842 0.0775523 0.911907
0 0.446658 0.87596 0.0783106 0.0783186 0.911889
2 0.877789 0.755921 0.0803259 0.0791353 0.911862
0 0.92279 0.590238 0.0796802 0.0792118 0.911862
0 0.51467 0.447456 0.0778124 0.0777382 0.911802
1 0.322623 0.124667 0.0755652 0.0756691 0.911783
0 0.910125 0.644665 0.0788237 0.0777719 0.911743
0 0.483174 0.179845 0.0755057 0.0751626 0.911623
0 0.925658 0.433052 0.0788822 0.077989 0.911605
0 0.930286 0.540857 0.0773769 0.0770489 0.911508
0 0.306132 0.606695 0.0791598 0.0793762 0.911359
2 0.325114 0.0600039 0.072819 0.072852 0.911142
2 0.881491 0.40425 0.0786221 0.0789877 0.91106
0 0.587326 0.476809 0.0792788 0.0788623 0.911033
0 0.545692 0.72929 0.0778488 0.0779516 0.911019
0 0.0628653 0.781846 0.0777887 0.0767407 0.910749
0 0.549915 0.621414 0.0797834 0.0784316 0.910659
0 0.604118 0.0806033 0.0776739 0.0770354 0.910498
0 0.731573 0.749275 0.0768435 0.0782267 0.91022
0 0.538248 0.466693 0.0787891 0.077623 0.910171
0 0.427474 0.555784 0.0790145 0.078562 0.910111
0 0.478961 0.450852 0.0774464 0.0780686 0.91009
0 0.547125 0.176244 0.0762744 0.0767578 0.910052
2 0.859018 0.617418 0.077412 0.0773188 0.910019
0 0.936331 0.616672 0.0797054 0.0786128 0.909951
0 0.707078 0.379091 0.0749756 0.0757563 0.909946
2 0.243202 0.0930503 0.0747467 0.0743738 0.909735
0 0.388727 0.310051 0.0796371 0.0796259 0.909508
0 0.709613 0.114323 0.0775655 0.0776453 0.909343
0 0.692673 0.333621 0.0757009 0.0762153 0.909296
0 0.906206 0.163361 0.0772671 0.0779779 0.909272
2 0.756734 0.549817 0.0787963 0.0805348 0.909263
2 0.897746 0.390309 0.0795475 0.0796502 0.908944
0 0.577455 0.37595 0.0781023 0.0784525 0.908928
0 0.648176 0.314486 0.0755374 0.0758803 0.908715
0 0.726496 0.566853 0.0798544 0.0794057 0.908617
2 0.494351 0.152054 0.0747566 0.0749251 0.90854
0 0.909201 0.708362 0.0788111 0.0789902 0.908444
0 0.905553 0.54109 0.0771099 0.0778957 0.908333
0 0.17088 0.655505 0.0780765 0.0776795 0.908197
0 0.601708 0.727085 0.0779701 0.077698 0.908195
0 0.268998 0.117446 0.0756943 0.0756524 0.908186
0 0.613602 0.285358 0.0760925 0.0764377 0.908048
0 0.615495 0.766579 0.0779104 0.0775652 0.908037
0 0.884279 0.601305 0.0784796 0.0787228 0.907932
2 0.500473 0.805807 0.0776351 0.0768114 0.907814
0 0.157725 0.763049 0.0789623 0.0799885 0.907804
0 0.137576 0.699705 0.0809818 0.080596 0.907767
0 0.567691 0.209506 0.076449 0.0763612 0.907593
0 0.364765 0.302226 0.0795733 0.0790293 0.907513
0 0.840117 0.494805 0.0786407 0.0779339 0.90744
0 0.491438 0.665894 0.0776573 0.077717 0.907291
0 0.839701 0.467323 0.079624 0.0782805 0.907007
0 0.235962 0.0325403 0.0741353 0.0650398 0.906972
2 0.652561 0.791168 0.0776464 0.0777736 0.906844
0 0.900298 0.470423 0.0800491 0.078686 0.906449
0 0.619962 0.547787 0.0793249 0.0792792 0.906421
0 0.523996 0.0454841 0.0759241 0.0754141 0.906337
0 0.930284 0.498339 0.0784641 0.0783648 0.906268
0 0.780261 0.447151 0.0773921 0.0778039 0.906031
0 0.657937 0.352361 0.0765903 0.0767018 0.906025
2 0.80622 0.500083 0.0781674 0.0787401 0.905985
2 0.498501 0.0720033 0.0754694 0.0752563 0.90594
0 0.789187 0.523177 0.0793991 0.0789835 0.905698
0 0.457799 0.394904 0.0770428 0.0769107 0.905695
0 0.645499 0.435897 0.0774895 0.0775923 0.905415
0 0.149414 0.537784 0.0801689 0.0796552 0.905413
0 0.714648 0.525072 0.0791306 0.0800726 0.90539
0 0.606724 0.0406002 0.0770491 0.0770313 0.905367
0 0.14387 0.321317 0.078932 0.0788095 0.905278
0 0.595923 0.243321 0.0754925 0.0751925 0.905043
0 0.729236 0.290819 0.0769931 0.0765698 0.905012
1 0.878864 0.221935 0.0771051 0.0769811 0.904965
2 0.431764 0.818257 0.0777183 0.0778387 0.904958
0 0.753495 0.28439 0.0770524 0.0767614 0.904924
0 0.362301 0.798015 0.0795813 0.0787695 0.904911
0 0.859607 0.538824 0.078759 0.0792063 0.904901
0 0.298208 0.624131 0.0795409 0.0800027 0.904846
2 0.31293 0.0472194 0.071703 0.072349 0.904839
0 0.41774 0.868056 0.0781824 0.0776863 0.904804
2 0.63396 0.448942 0.0779575 0.0784566 0.904714
0 0.319646 0.0348999 0.0725068 0.0693992 0.904593
0 0.889404 0.687654 0.0792881 0.0799646 0.904502
0 0.640846 0.328735 0.0769647 0.0770751 0.904483
0 0.658818 0.371544 0.0761963 0.0765067 0.904467
0 0.267696 0.136799 0.0768283 0.0771481 0.904383
0 0.843618 0.689456 0.0771793 0.0797037 0.904335
2 0.574763 0.796162 0.0779373 0.0772858 0.904209
0 0.584864 0.36582 0.0772477 0.0770275 0.904162
2 0.390723 0.568833 0.0775837 0.0776337 0.903952
0 0.684703 0.161765 0.0778193 0.0777932 0.903906
0 0.537064 0.270496 0.0759108 0.0756754 0.903865
0 0.529948 0.212028 0.0746091 0.075081 0.903786
0 0.583186 0.403417 0.0774504 0.0775259 0.903775
0 0.726218 0.305953 0.077219 0.0763983 0.903636
1 0.81986 0.379959 0.0783976 0.0784297 0.903538
0 0.935773 0.575405 0.0796715 0.0799253 0.903506
0 0.256588 0.0515391 0.0744162 0.0734495 0.903503
0 0.887986 0.565276 0.0786297 0.0775792 0.903471
0 0.885708 0.504366 0.0795578 0.078252 0.903361
0 0.835173 0.266212 0.0781804 0.0777556 0.90324
0 0.319115 0.573791 0.0786405 0.0796517 0.903213
2 0.805696 0.459565 0.0776177 0.0775303 0.903206
0 0.268119 0.661405 0.0782041 0.0783948 0.903147
0 0.289544 0.39922 0.0776957 0.0784484 0.903039
0 0.403535 0.373953 0.0795317 0.0793208 0.902862
1 0.869852 0.153703 0.0774227 0.0768616 0.902842
0 0.0341244 0.763839 0.0682487 0.0783697 0.902679
0 0.080663 0.705051 0.0784759 0.0784266 0.902638
2 0.96543 0.869106 0.0691395 0.078717 0.902593
2 0.70397 0.771042 0.077672 0.0777166 0.902522
0 0.850215 0.660987 0.0797367 0.078829 0.902519
0 0.172996 0.419044 0.0786093 0.0776716 0.902426
1 0.920798 0.0886913 0.0780672 0.0782228 0.902264
2 0.456391 0.554411 0.0789318 0.0789858 0.902205
0 0.204722 0.788687 0.0807963 0.0807871 0.902164
0 0.678469 0.553463 0.0792701 0.0787847 0.902129
2 0.872392 0.422071 0.0792175 0.0789995 0.902124
2 0.372235 0.849746 0.0790379 0.0787527 0.902115
2 0.918568 0.567583 0.0774117 0.078216 0.902074
1 0.552993 0.875827 0.077314 0.0773382 0.902057
2 0.598043 0.155916 0.0762589 0.0766797 0.90204
0 0.442705 0.520761 0.0769255 0.0774076 0.901852
2 0.250414 0.0346259 0.0732968 0.0692518 0.901817
1 0.401204 0.161317 0.0741293 0.0742563 0.901697
0 0.616019 0.300646 0.0768833 0.0761762 0.901611
0 0.847284 0.583156 0.0788233 0.0784142 0.901572
0 0.0824172 0.790477 0.0776394 0.077783 0.901506
0 0.715548 0.644884 0.0791777 0.0782606 0.901422
0 0.964728 0.515855 0.0705446 0.0784948 0.90136
0 0.163168 0.331457 0.0805408 0.0789763 0.900999
0 0.614101 0.439687 0.0785603 0.0778496 0.90096
0 0.81613 0.602357 0.0795052 0.0795613 0.900701
0 0.575503 0.0644156 0.0772528 0.077469 0.900601
0 0.451395 0.0606029 0.0726774 0.0720909 0.900325
1 0.960112 0.152202 0.0771896 0.077852 0.900311
0 0.632179 0.41938 0.0776416 0.0774185 0.900261
2 0.625071 0.814548 0.0763559 0.0774071 0.90026
0 0.847967 0.648681 0.0791323 0.0790396 0.900224
0 0.579377 0.354448 0.0772217 0.0778185 0.900063
2 0.556718 0.789924 0.076931 0.0778244 0.899963
0 0.478928 0.404839 0.0781647 0.0772798 0.899961
2 0.605436 0.786077 0.0764282 0.0763821 0.899854
1 0.826134 0.170369 0.078055 0.077118 0.899729
0 0.654009 0.327184 0.0761837 0.0763886 0.899704
2 0.657685 0.54536 0.0778006 0.0773434 0.899545
0 0.412888 0.548398 0.079678 0.0792408 0.899361
0 0.483421 0.199245 0.0756904 0.0752861 0.899352
0 0.833594 0.531858 0.0793646 0.0786005 0.899274
2 0.784194 0.471215 0.077195 0.0770742 0.899245
2 0.835212 0.739669 0.078875 0.0786993 0.898934
0 0.536908 0.111904 0.0771902 0.0769409 0.898778
2 0.579404 0.150186 0.0766579 0.0772022 0.898668
0 0.148388 0.222279 0.0794617 0.0792911 0.898453
0 0.469064 0.429931 0.0772381 0.0772697 0.898392
2 0.78625 0.368807 0.0773275 0.077247 0.898283
0 0.977833 0.854358 0.0443339 0.0800903 0.897992
0 0.479558 0.216464 0.0754281 0.0747287 0.897861
0 0.395796 0.639807 0.0783277 0.078939 0.897838
2 0.560404 0.700744 0.0793922 0.0792189 0.897551
0 0.143836 0.0448958 0.0742652 0.0738929 0.897436
1 0.938932 0.121312 0.0784964 0.078027 0.897406
0 0.033346 0.454765 0.066549 0.079033 0.897305
2 0.951221 0.853964 0.0809921 0.0799244 0.897254
2 0.717956 0.733202 0.0775547 0.0770958 0.897251
2 0.707887 0.0962417 0.0766127 0.0767675 0.897161
0 0.334302 0.794664 0.0789763 0.0781718 0.897006
0 0.707979 0.266898 0.0769255 0.0764099 0.896932
1 0.910957 0.0685567 0.0781258 0.0774662 0.896904
0 0.395069 0.58579 0.078795 0.0790084 0.896872
1 0.577487 0.0943847 0.0771391 0.0767252 0.896746
0 0.705456 0.414167 0.0760537 0.0754694 0.896718
0 0.367999 0.767517 0.0782724 0.078223 0.896495
0 0.854732 0.711458 0.0789669 0.0796423 0.896367
0 0.159727 0.526839 0.0793303 0.0793413 0.896339
2 0.492265 0.785768 0.0776838 0.0775843 0.896205
2 0.596523 0.324989 0.0763918 0.0773259 0.896167
0 0.279344 0.156472 0.0772326 0.0771681 0.896061
0 0.47126 0.476222 0.0788939 0.0793224 0.8958
2 0.700058 0.294343 0.077379 0.0768375 0.895561
1 0.871656 0.102059 0.0775944 0.0779648 0.895555
0 0.0662125 0.80289 0.0779675 0.0776428 0.895455
2 0.334437 0.316959 0.0797516 0.0788766 0.895435
0 0.119951 0.209066 0.0776815 0.0782211 0.895144
0 0.727893 0.387781 0.0756372 0.0752272 0.895062
0 0.6556 0.5262 0.0793905 0.07959 0.895056
0 0.382539 0.54756 0.0782539 0.0788008 0.894951
2 0.816926 0.736849 0.0779203 0.0791397 0.894928
2 0.303635 0.388162 0.0775288 0.0775179 0.894878
0 0.198431 0.0327527 0.0739181 0.0650711 0.894797
0 0.595307 0.440895 0.0774107 0.0774367 0.894751
0 0.3555 0.292531 0.0776369 0.0780971 0.894252
1 0.583248 0.865258 0.0775327 0.0777275 0.894092
0 0.88131 0.656188 0.0783031 0.0777233 0.893785
2 0.678593 0.818462 0.0774607 0.0775349 0.893642
0 0.527932 0.122664 0.0762978 0.0763084 0.893561
0 0.444269 0.780507 0.0770954 0.0771897 0.893485
0 0.52864 0.509359 0.0800375 0.0800772 0.893257
0 0.669524 0.200921 0.0775005 0.0776541 0.893131
0 0.745121 0.449845 0.0771781 0.0780684 0.893051
0 0.768275 0.704789 0.0768672 0.0770056 0.89299
0 0.825489 0.692035 0.0795208 0.0785011 0.892429
0 0.643239 0.252574 0.0763336 0.0763017 0.89242
0 0.872836 0.522134 0.0787071 0.0780993 0.892325
0 0.556384 0.47316 0.0781946 0.0792851 0.892276
0 0.556171 0.331243 0.0769937 0.0771309 0.892189
1 0.704992 0.0366491 0.0731974 0.0715487 0.892179
0 0.542618 0.425076 0.0773045 0.0774137 0.892137
0 0.248511 0.268551 0.0813416 0.0799976 0.892113
0 0.581715 0.335689 0.0769304 0.0772538 0.892033
1 0.888298 0.295544 0.0791958 0.0786627 0.89197
1 0.963216 0.166666 0.0735674 0.0763982 0.891927
0 0.659938 0.488581 0.0790167 0.0791101 0.89189
1 0.830373 0.880328 0.0800827 0.0797386 0.891758
2 0.749827 0.769161 0.0792745 0.0781967 0.891753
1 0.826331 0.84525 0.0786945 0.0787874 0.891504
2 0.473849 0.809438 0.0782409 0.0777977 0.891492
0 0.971391 0.656155 0.0571842 0.0792751 0.891478
1 0.539438 0.897533 0.0776701 0.0771263 0.891396
0 0.649964 0.403776 0.0765481 0.0765296 0.891204
0 0.0304592 0.483204 0.0609184 0.079667 0.891183
0 0.286664 0.455796 0.0796187 0.0788601 0.891154
1 0.300979 0.0304396 0.0709479 0.0605611 0.891063
0 0.318771 0.776795 0.079191 0.0793817 0.890916
1 0.52669 0.919935 0.0771318 0.0769897 0.890775
0 0.0294499 0.423192 0.0587301 0.078216 0.890702
2 0.553519 0.294031 0.0766588 0.0762124 0.890678
1 0.739796 0.342612 0.0767296 0.0768124 0.890015
0 0.584597 0.23019 0.0766933 0.0754064 0.889928
1 0.664429 0.116085 0.0754276 0.0762482 0.889923
2 0.769458 0.7425 0.0773628 0.0780956 0.88973
0 0.575893 0.220094 0.0763145 0.0760971 0.889466
0 0.556271 0.236762 0.0747674 0.0743789 0.889461
1 0.761419 0.334434 0.0781139 0.077215 0.889381
1 0.905137 0.94659 0.0788509 0.0792675 0.889373
0 0.515548 0.203025 0.0748358 0.0746423 0.889325
0 0.856548 0.688105 0.0782944 0.0780314 0.889131
0 0.82892 0.500898 0.0780205 0.0783495 0.888929
2 0.670156 0.833543 0.0784332 0.0779079 0.888683
0 0.366728 0.684496 0.0786626 0.0791461 0.888637
0 0.859011 0.45931 0.078997 0.0793206 0.888586
1 0.950806 0.10583 0.0781672 0.0770728 0.888478
2 0.525453 0.763831 0.0763382 0.076685 0.88787
0 0.685923 0.238458 0.0763905 0.0766979 0.887747
0 0.855339 0.524879 0.0779407 0.0792969 0.887713
1 0.961176 0.476518 0.0744909 0.0767218 0.887575
2 0.904709 0.833042 0.0803888 0.0805725 0.887356
2 0.828748 0.75276 0.0783627 0.078474 0.887045
0 0.582029 0.27114 0.0754179 0.0749784 0.886787
0 0.353082 0.786108 0.0782405 0.0782054 0.886783
0 0.341522 0.279021 0.077774 0.077612 0.886712
2 0.754845 0.705278 0.0784794 0.0777015 0.886604
0 0.26115 0.907707 0.0789927 0.0780548 0.886565
2 0.371715 0.0560385 0.0716606 0.0725078 0.886539
1 0.843994 0.144784 0.0772459 0.07748 0.886355
0 0.526508 0.458437 0.0775225 0.0770259 0.88624
0 0.722425 0.786455 0.0772644 0.0772763 0.886146
1 0.742243 0.059595 0.0773571 0.0775623 0.886054
1 0.882657 0.9181 0.0783203 0.0780907 0.885857
1 0.668497 0.93742 0.0787165 0.0783821 0.885715
0 0.378831 0.650582 0.0776221 0.0783393 0.885686
2 0.392185 0.0585415 0.0726219 0.0721469 0.88568
0 0.844856 0.483782 0.0778259 0.0783217 0.885572
1 0.666404 0.860289 0.0789511 0.0796211 0.885209
2 0.168893 0.89166 0.0754814 0.0751356 0.884811
2 0.685182 0.774428 0.0776672 0.0779081 0.884688
0 0.197446 0.207248 0.0796713 0.0789595 0.884649
0 0.43593 0.0533714 0.0726368 0.0725888 0.884571
2 0.553968 0.0335363 0.076709 0.0670726 0.884359
2 0.817702 0.442558 0.0790419 0.0790624 0.884175
0 0.542747 0.603307 0.0789987 0.0790691 0.884037
2 0.506566 0.161414 0.0759384 0.0756692 0.883959
1 0.947978 0.420082 0.0760334 0.0763497 0.883924
0 0.906756 0.624134 0.0783337 0.0796681 0.883669
1 0.333846 0.0444105 0.0720732 0.0718579 0.883528
2 0.756851 0.603022 0.0795268 0.0803179 0.883413
0 0.476158 0.53936 0.0793459 0.079763 0.883142
1 0.904225 0.929762 0.0791077 0.0791161 0.883131
0 0.673772 0.335718 0.0765567 0.0762523 0.883021
2 0.265527 0.157506 0.0778158 0.0769987 0.882976
1 0.650448 0.104611 0.0761658 0.0755475 0.882905
0 0.786779 0.698342 0.078104 0.0779842 0.882864
0 0.362108 0.654812 0.0782526 0.0778809 0.882727
2 0.446972 0.375817 0.0779477 0.0784319 0.882056
2 0.507444 0.244267 0.0750236 0.0750751 0.881907
1 0.182332 0.0428789 0.0740862 0.0734602 0.881733
1 0.604551 0.121547 0.077998 0.0774144 0.881359
1 0.152715 0.0322241 0.0729507 0.0644482 0.880711
2 0.860982 0.577415 0.0785767 0.0780075 0.880525
0 0.693142 0.389902 0.0756416 0.0751422 0.880471
2 0.767186 0.647008 0.0808064 0.0807278 0.880352
0 0.849319 0.506067 0.0792297 0.0777652 0.880291
2 0.952484 0.234704 0.0794346 0.0785144 0.879714
0 0.0653149 0.191897 0.0768916 0.0764555 0.879106
1 0.64474 0.0289363 0.0738828 0.0576353 0.878843
2 0.624558 0.78275 0.0765758 0.0768385 0.878715
2 0.442731 0.184004 0.0756697 0.0756978 0.878611
2 0.688809 0.308032 0.0771587 0.0774754 0.878513
0 0.322376 0.761734 0.0792214 0.0791155 0.878457
2 0.83307 0.640747 0.0792648 0.0797487 0.878419
0 0.97287 0.535064 0.0542608 0.0793797 0.878085
0 0.485302 0.0520212 0.0747335 0.0742692 0.878073
1 0.678339 0.965535 0.0777552 0.0687668 0.877956
2 0.41869 0.0747619 0.072906 0.0717367 0.877561
0 0.430754 0.787772 0.0768133 0.0780315 0.877556
0 0.45459 0.0331162 0.0729038 0.0661193 0.877126
2 0.612696 0.81764 0.0767923 0.0768692 0.8766
0 0.193834 0.0222922 0.0719207 0.0442117 0.875586
2 0.69777 0.123656 0.0771296 0.0771164 0.87514
0 0.0800329 0.256286 0.077761 0.0780305 0.874769
2 0.45222 0.816537 0.0782089 0.0781975 0.874755
2 0.625607 0.203451 0.076754 0.075645 0.873987
1 0.862776 0.113 0.0772099 0.077655 0.873721
1 0.723113 0.157522 0.0782722 0.0775136 0.873182
2 0.430279 0.0946148 0.073714 0.073544 0.873066
1 0.384464 0.952342 0.0764178 0.0763142 0.87296
2 0.343086 0.736819 0.0787066 0.0799301 0.872872
2 0.965006 0.254368 0.0699874 0.0785853 0.872442
2 0.347723 0.030627 0.0710473 0.0608856 0.872106
1 0.320129 0.968345 0.0716863 0.0632423 0.87199
1 0.797074 0.183961 0.0780971 0.0778995 0.871826
2 0.952168 0.923111 0.080574 0.0797268 0.871514
0 0.499286 0.351967 0.0792656 0.0788852 0.871347
0 0.0557117 0.202102 0.0768356 0.0767429 0.871318
2 0.645876 0.482652 0.0779953 0.0782225 0.870929
2 0.217943 0.856089 0.0776287 0.0773605 0.870431
2 0.934479 0.740526 0.0805498 0.0808208 0.869172
0 0.966846 0.57302 0.0663074 0.0793896 0.868999
2 0.514291 0.0312748 0.0748402 0.0617891 0.868981
0 0.459024 0.117941 0.0743025 0.0738411 0.868747
0 0.180893 0.0235812 0.0719504 0.0463373 0.868587
1 0.959451 0.90118 0.0801262 0.0808535 0.868145
0 0.973016 0.609411 0.0539676 0.0795941 0.8674
2 0.537157 0.0788635 0.0760985 0.0754547 0.867235
0 0.605017 0.263706 0.0758522 0.0763724 0.867074
0 0.0591898 0.0656137 0.0750069 0.075284 0.866879
1 0.226357 0.910164 0.076891 0.0770363 0.866388
2 0.25548 0.852487 0.080968 0.0808834 0.866283
2 0.322329 0.639748 0.0801759 0.0798956 0.866216
0 0.68965 0.0858731 0.0756226 0.0762047 0.866193
1 0.438611 0.920558 0.0788644 0.0777119 0.865754
0 0.715604 0.40718 0.0760193 0.075939 0.86567
1 0.406821 0.106327 0.0732412 0.0734109 0.86546
0 0.688411 0.37392 0.0761815 0.0759452 0.865432
0 0.943902 0.693088 0.0779795 0.0782661 0.864867
0 0.338715 0.293822 0.0785614 0.0776618 0.864507
0 0.494005 0.462075 0.0776964 0.0793957 0.864277
2 0.341918 0.856306 0.0784655 0.0783577 0.864068
2 0.354514 0.115216 0.0739958 0.0740406 0.864058
0 0.870602 0.497238 0.0776588 0.0779636 0.863384
1 0.814634 0.298797 0.0795551 0.0794332 0.863189
1 0.766417 0.951871 0.0797317 0.0805653 0.862968
0 0.939616 0.301921 0.0803236 0.079916 0.862597
2 0.941178 0.976605 0.0803215 0.0467897 0.861022
2 0.462288 0.531415 0.0802612 0.0785125 0.859983
0 0.977548 0.799572 0.0448795 0.0812114 0.859843
0 0.286706 0.436248 0.0793388 0.0793722 0.859642
1 0.690896 0.911932 0.0789138 0.078484 0.859637
1 0.841102 0.103775 0.0775667 0.077415 0.858751
1 0.878365 0.942675 0.0781658 0.0782986 0.858695
2 0.616117 0.795571 0.0769499 0.0764826 0.858443
2 0.340299 0.66328 0.0799805 0.0792974 0.858068
1 0.805596 0.158572 0.0774853 0.0769695 0.8579
1 0.92483 0.338368 0.0791567 0.0794852 0.857891
0 0.404373 0.0283164 0.0733621 0.0562239 0.857446
0 0.388774 0.0391549 0.0724729 0.0724322 0.857441
0 0.469989 0.770429 0.077655 0.076796 0.855881
1 0.764601 0.920661 0.0793516 0.0790493 0.855136
0 0.395218 0.357709 0.0793065 0.0796917 0.854769
1 0.682523 0.0431606 0.0750334 0.0752783 0.85418
1 0.766636 0.112518 0.0786924 0.0793366 0.854155
0 0.50852 0.461735 0.077544 0.076861 0.853987
2 0.689852 0.566878 0.0797804 0.0797609 0.853752
1 0.740849 0.374037 0.0770629 0.0768176 0.853386
1 0.656831 0.881847 0.0794626 0.0790369 0.853232
2 0.316702 0.141028 0.0762955 0.0753263 0.85313
1 0.852246 0.0727332 0.0770792 0.0773059 0.852864
0 0.212594 0.176155 0.0797176 0.0791415 0.852801
2 0.026845 0.183013 0.0536899 0.0775685 0.852609
0 0.667714 0.423977 0.0773183 0.0779431 0.851913
0 0.382768 0.774146 0.0783039 0.0788206 0.851646
0 0.412888 0.779322 0.0788864 0.0771425 0.851458
1 0.634595 0.96982 0.0758117 0.0602459 0.851384
0 0.976523 0.839033 0.0469542 0.080378 0.851184
1 0.822406 0.1068 0.0779171 0.077176 0.850492
0 0.522541 0.64768 0.0807054 0.0802917 0.850281
0 0.474578 0.552944 0.0785135 0.0783281 0.849353
0 0.442424 0.555387 0.0793446 0.0791986 0.848987
0 0.961183 0.975472 0.0756714 0.0490564 0.848447
1 0.650433 0.972215 0.0795255 0.0555708 0.848306
2 0.819873 0.795953 0.0791285 0.0798687 0.848204
1 0.801091 0.928699 0.0807817 0.0801056 0.847421
0 0.56839 0.232902 0.0758957 0.0752104 0.847021
2 0.23256 0.119357 0.0739028 0.0743682 0.846905
0 0.887264 0.631579 0.0796825 0.0781771 0.84689
2 0.366042 0.41654 0.0796875 0.0791534 0.846076
0 0.414216 0.574705 0.0807912 0.0805702 0.845869
0 0.507403 0.666048 0.0779274 0.0786736 0.845782
2 0.131288 0.899622 0.0759094 0.0754597 0.844395
2 0.970345 0.832296 0.0589758 0.0793438 0.843964
0 0.672015 0.371031 0.0752297 0.0753024 0.842549
1 0.737388 0.179133 0.0788401 0.0780358 0.842398
1 0.655887 0.0409409 0.0740541 0.0742781 0.842369
0 0.66989 0.241867 0.0764077 0.0758029 0.842184
2 0.465644 0.0664708 0.0721327 0.0725447 0.841642
1 0.723698 0.363495 0.0756808 0.0751014 0.841459
2 0.577265 0.692072 0.0790583 0.0781261 0.841406
1 0.767335 0.970354 0.0798431 0.0592917 0.841388
1 0.910917 0.361332 0.0792704 0.0789014 0.840802
2 0.876886 0.539238 0.07903 0.0792879 0.840127
0 0.0318828 0.440842 0.0637656 0.074888 0.839194
0 0.115295 0.773873 0.078411 0.0786345 0.838518
1 0.727662 0.0317525 0.0753399 0.0630354 0.838466
0 0.974734 0.640848 0.0505327 0.0804337 0.837599
1 0.591066 0.973372 0.0769332 0.0532553 0.837586
1 0.950446 0.468113 0.0790733 0.0776033 0.837451
0 0.114417 0.0334529 0.0731501 0.0665197 0.837263
1 0.847852 0.902652 0.0795185 0.0799393 0.836858
0 0.0193478 0.910509 0.0386956 0.0733511 0.835997
1 0.903808 0.183921 0.0777145 0.0775079 0.835965
0 0.924809 0.51807 0.079073 0.0780245 0.834412
2 0.824345 0.8213 0.0805588 0.0800856 0.834102
2 0.514546 0.696059 0.0786571 0.0784071 0.834059
1 0.731965 0.882303 0.0791143 0.0796127 0.832557
1 0.952611 0.396096 0.0765183 0.0762856 0.830221
0 0.229862 0.0264706 0.0738915 0.052457 0.829281
0 0.55929 0.403014 0.0757118 0.0758752 0.827512
1 0.31919 0.939883 0.0730456 0.0725513 0.826902
0 0.539378 0.591713 0.0803425 0.0784909 0.826694
2 0.521778 0.239918 0.074999 0.0747857 0.826582
0 0.515803 0.469373 0.0788687 0.0779338 0.826167
2 0.882306 0.776871 0.0804226 0.0816082 0.825547
1 0.135377 0.0284238 0.0723326 0.0566836 0.824369
2 0.584201 0.313336 0.0763155 0.0759788 0.822489
1 0.713216 0.90568 0.0790495 0.0798777 0.821647
0 0.90813 0.679134 0.0784496 0.0781551 0.82143
0 0.427915 0.525453 0.0771105 0.0784531 0.821393
0 0.933288 0.72306 0.0782028 0.0791336 0.820071
0 0.623158 0.364394 0.0783152 0.0777981 0.819482
0 0.540885 0.228291 0.0745239 0.0747602 0.818943
0 0.191508 0.504559 0.0799167 0.0797444 0.818455
1 0.47479 0.855387 0.0764522 0.0766609 0.817822
2 0.363068 0.125313 0.073629 0.0743742 0.817682
0 0.601786 0.38837 0.0766457 0.0765156 0.817031
2 0.252315 0.159995 0.0762768 0.0770309 0.816776
0 0.704406 0.238737 0.0775065 0.0774502 0.814357
1 0.483115 0.956185 0.0768911 0.0764807 0.813335
0 0.30678 0.577595 0.0797188 0.0793842 0.811484
1 0.786418 0.875416 0.0789747 0.0797178 0.811439
0 0.57259 0.265351 0.0749273 0.0761416 0.810465
2 0.0844524 0.485217 0.0820319 0.0816826 0.810118
2 0.805445 0.801468 0.0792143 0.0807644 0.809822
0 0.0584671 0.810777 0.0753002 0.0755548 0.80923
0 0.0205489 0.580409 0.0410732 0.0764441 0.808845
2 0.736274 0.723996 0.0785456 0.0785131 0.8082
0 0.318 0.016955 0.0707365 0.0337948 0.802915
0 0.880272 0.706368 0.07813 0.0776173 0.802353
2 0.293883 0.138104 0.0750002 0.0747436 0.799362
1 0.189122 0.89688 0.0761419 0.0757708 0.798656
2 0.0499839 0.481466 0.081859 0.0805674 0.798474
1 0.785555 0.332307 0.0776318 0.0768301 0.797815
1 0.734611 0.929599 0.078619 0.0791853 0.796049
2 0.528345 0.719681 0.0783159 0.0779957 0.795347
2 0.794438 0.347776 0.0775866 0.0782117 0.795253
0 0.0612048 0.275479 0.0790878 0.079221 0.794628
2 0.348823 0.0180534 0.0684741 0.0361067 0.793649
2 0.936384 0.93233 0.0808384 0.0792976 0.792693
2 0.918616 0.831349 0.0795643 0.0802671 0.791871
2 0.305597 0.556306 0.0786789 0.0782099 0.791375
2 0.0379726 0.491527 0.0759451 0.0794495 0.791277
2 0.211544 0.0579999 0.0720882 0.0732644 0.791168
2 0.247275 0.654802 0.0794617 0.0787132 0.790671
1 0.209499 0.93574 0.0753185 0.0754992 0.789854
0 0.470915 0.0306027 0.073496 0.0608149 0.789457
1 0.387528 0.968054 0.0745104 0.0638918 0.789312
1 0.976876 0.187964 0.0462482 0.0771401 0.788881
0 0.0633294 0.260535 0.0791448 0.0785122 0.786622
0 0.357036 0.0505591 0.0728305 0.0716257 0.786084
2 0.324679 0.560053 0.0818811 0.0802788 0.783066
2 0.97135 0.797874 0.0572994 0.0809255 0.781999
0 0.795607 0.763901 0.0788622 0.0796284 0.780733
0 0.979794 0.579722 0.0404112 0.0788015 0.780353
1 0.981219 0.906589 0.0369148 0.0785568 0.777981
2 0.735817 0.702745 0.0789394 0.0792128 0.776114
2 0.524057 0.807077 0.0767187 0.0768325 0.774099
0 0.122474 0.330391 0.0804253 0.0786294 0.772524
2 0.735299 0.10187 0.0766678 0.0771834 0.771549
0 0.391862 0.535394 0.078233 0.0790893 0.771363
0 0.0183499 0.133331 0.0366998 0.075622 0.770593
2 0.675417 0.788385 0.0783096 0.0784733 0.770481
2 0.774858 0.403167 0.0761459 0.0761883 0.768651
1 0.742386 0.0228785 0.0765207 0.0456793 0.768558
2 0.975092 0.25344 0.0498152 0.0748949 0.767595
2 0.352024 0.681381 0.0803287 0.0792349 0.767443
0 0.545481 0.213461 0.0750715 0.0757221 0.76704
2 0.653873 0.279587 0.0754942 0.0759157 0.767039
2 0.432755 0.151257 0.0735404 0.0742412 0.764879
0 0.464071 0.156897 0.073817 0.0737631 0.763733
1 0.746431 0.133961 0.0770828 0.0772063 0.763311
1 0.429551 0.971308 0.0757176 0.0568855 0.76274
2 0.519983 0.566643 0.079557 0.0795231 0.761088
0 0.34782 0.643972 0.0798671 0.0788648 0.756824
1 0.783688 0.0676664 0.078191 0.0779746 0.756811
2 0.740091 0.636923 0.0811802 0.0813969 0.75662
2 0.216208 0.0355805 0.0744136 0.071161 0.753717
2 0.67008 0.718872 0.0783404 0.0776526 0.752983
0 0.95737 0.597257 0.0773041 0.0785229 0.75146
0 0.336483 0.439437 0.0795392 0.079551 0.75124
1 0.446564 0.976296 0.0743786 0.0474089 0.749484
2 0.33407 0.0811424 0.0739638 0.0735675 0.74918
2 0.349169 0.720207 0.0793847 0.0788619 0.748475
2 0.342431 0.0673787 0.0737605 0.0735491 0.748052
2 0.35726 0.0504548 0.073107 0.0714686 0.747407
1 0.613931 0.981337 0.0778303 0.037326 0.747146
0 0.0260372 0.901673 0.0520671 0.0741821 0.746938
0 0.44004 0.0331525 0.0727317 0.0657658 0.746101
0 0.60034 0.280508 0.0765011 0.0761074 0.743842
1 0.452621 0.965493 0.0752834 0.068652 0.742521
0 0.278117 0.477821 0.079895 0.0796068 0.741783
2 0.643467 0.744847 0.0771364 0.0763782 0.739699
0 0.0597965 0.737381 0.0783413 0.0799561 0.735379
1 0.639587 0.18099 0.0753426 0.0762348 0.73457
2 0.608144 0.844183 0.0760074 0.0766123 0.734568
2 0.787018 0.740795 0.0763077 0.0775299 0.733228
0 0.281654 0.418286 0.0764773 0.076358 0.731519
0 0.6738 0.273133 0.0753533 0.0754876 0.731164
1 0.0937587 0.969173 0.0756762 0.0616549 0.730227
2 0.100062 0.0175476 0.0721629 0.0350952 0.728119
2 0.0921748 0.0406492 0.0743662 0.0729589 0.72748
2 0.502323 0.727042 0.0782442 0.0785714 0.725463
2 0.959758 0.525317 0.0756283 0.0773012 0.724912
2 0.919916 0.738142 0.078557 0.079421 0.721362
2 0.544145 0.281912 0.075633 0.074054 0.720306
2 0.288132 0.629436 0.079416 0.0792221 0.719279
2 0.96966 0.232906 0.0597988 0.078085 0.716501
2 0.470554 0.384928 0.0765481 0.0760792 0.714714
2 0.932274 0.723413 0.0776131 0.0781403 0.714692
0 0.179123 0.402737 0.0785053 0.0786408 0.714163
0 0.342931 0.765697 0.0780899 0.0780325 0.713512
0 0.837 0.447705 0.0779875 0.077586 0.711569
0 0.553844 0.636268 0.0801353 0.0795734 0.71146
2 0.767729 0.261001 0.0783452 0.0781815 0.709736
0 0.24773 0.121092 0.0747337 0.0748096 0.70855
0 0.595422 0.464138 0.0774807 0.0789063 0.708388
0 0.599188 0.367577 0.0781666 0.0773821 0.707508
0 0.0650836 0.210736 0.0757585 0.0759421 0.707001
0 0.266902 0.510874 0.0782348 0.0785215 0.706503
1 0.843494 0.978179 0.0769064 0.043643 0.705156
0 0.46362 0.239101 0.0772171 0.0746426 0.704005
2 0.705376 0.539579 0.0788784 0.0798169 0.70168
1 0.84312 0.189685 0.0768406 0.0764894 0.701631
1 0.804317 0.844236 0.0801708 0.0798307 0.70066
1 0.83888 0.0458329 0.0773579 0.0765482 0.699515
1 0.170654 0.965454 0.074962 0.0684521 0.697694
0 0.377213 0.121284 0.0729389 0.0728312 0.695332
0 0.518209 0.742069 0.0769947 0.077809 0.691352
0 0.536017 0.839297 0.0770372 0.0768394 0.689686
2 0.457688 0.206665 0.0743223 0.0755308 0.688772
1 0.818862 0.41902 0.0779173 0.0779888 0.688067
2 0.658038 0.189512 0.0752433 0.0749035 0.683229
2 0.10315 0.158527 0.0782897 0.0774065 0.682977
2 0.890678 0.355586 0.0781139 0.0776513 0.682574
1 0.696557 0.875487 0.0791223 0.0785416 0.682502
2 0.500556 0.440048 0.0789402 0.0778695 0.682244
1 0.97349 0.966552 0.0526993 0.0664841 0.679293
0 0.359946 0.749016 0.0764537 0.077305 0.678151
2 0.471847 0.787118 0.0769812 0.0771795 0.67596
0 0.455763 0.515659 0.0776608 0.0781863 0.674913
2 0.598671 0.280196 0.074626 0.0750463 0.674157
1 0.0277692 0.928792 0.0555384 0.0749695 0.673755
2 0.0856255 0.0171943 0.0692802 0.0343887 0.672063
2 0.193949 0.86997 0.0761718 0.0759399 0.669065
0 0.0950833 0.783447 0.0770247 0.0775267 0.666764
1 0.319049 0.982629 0.0725676 0.0346409 0.663238
1 0.925927 0.0214633 0.076952 0.0429265 0.660798
0 0.784073 0.496758 0.0787161 0.0782536 0.660199
1 0.930885 0.39551 0.0782215 0.0778559 0.659622
2 0.710981 0.578664 0.0810869 0.0805835 0.659182
2 0.979036 0.115184 0.0409126 0.0771702 0.655261
2 0.620784 0.479773 0.0781464 0.0787476 0.65188
1 0.752096 0.883668 0.0810746 0.0797173 0.651849
0 0.0429142 0.75716 0.077074 0.0770651 0.647893
1 0.806558 0.21593 0.0773548 0.0779596 0.644721
1 0.626627 0.945501 0.077498 0.0769075 0.643916
0 0.0257537 0.590001 0.0512857 0.076951 0.641617
1 0.874169 0.020175 0.0740793 0.0402552 0.640166
2 0.329697 0.858407 0.0795774 0.0795082 0.638663
1 0.730532 0.981971 0.0799904 0.0360571 0.638267
2 0.692816 0.144504 0.0779825 0.0774249 0.637785
0 0.283109 0.750683 0.0806429 0.0808174 0.633416
1 0.654611 0.822255 0.0780908 0.0786057 0.632869
0 0.255478 0.933806 0.0763223 0.0766207 0.632784
2 0.546301 0.793685 0.0771089 0.0764793 0.628272
1 0.739964 0.970384 0.0771072 0.0592313 0.624029
2 0.122194 0.041614 0.0738294 0.0729376 0.623136
2 0.072244 0.038036 0.0738859 0.0734982 0.618597
1 0.282427 0.0152375 0.0715272 0.030475 0.615551
2 0.956353 0.572042 0.0787636 0.0790306 0.612765
1 0.959803 0.0195604 0.0760736 0.0391208 0.612639
1 0.962154 0.453375 0.0746407 0.0776558 0.611734
2 0.59448 0.347179 0.0773769 0.0774726 0.611538
1 0.500779 0.976336 0.0740576 0.0473277 0.610096
1 0.412798 0.936326 0.0770797 0.0769651 0.609877
1 0.516276 0.866343 0.0762197 0.0760937 0.609814
0 0.700534 0.82431 0.0785589 0.0790188 0.603609
2 0.734282 0.458159 0.0765893 0.0757395 0.599708
0 0.144745 0.759642 0.0795536 0.0792139 0.598338
2 0.235194 0.105528 0.0740266 0.0752311 0.597329
2 0.454084 0.131188 0.0736077 0.0734571 0.596982
2 0.0404269 0.909538 0.0741254 0.0751465 0.596961
1 0.916212 0.186475 0.0761616 0.0762969 0.592732
1 0.399799 0.919773 0.0769779 0.0769752 0.586336
0 0.529317 0.599536 0.0793299 0.0795009 0.584406
0 0.387808 0.326979 0.0804716 0.0803995 0.582919
2 0.628264 0.865667 0.0777826 0.0782967 0.580381
0 0.0776188 0.0286914 0.0721055 0.0573794 0.579513
2 0.255346 0.933028 0.0772662 0.0770241 0.577311
0 0.981047 0.0865714 0.0378922 0.0781954 0.575255
2 0.194927 0.929769 0.0750144 0.0758484 0.57212
2 0.294087 0.885206 0.0799003 0.080839 0.570493
1 0.644802 0.907292 0.0790068 0.0785957 0.570256
2 0.977009 0.779522 0.0459812 0.080764 0.568678
1 0.519338 0.144567 0.0751801 0.0741905 0.565631
2 0.0366729 0.406592 0.0733459 0.0799408 0.55792
1 0.0384439 0.980779 0.0700762 0.0383385 0.546942
1 0.912772 0.142166 0.0767927 0.0767443 0.546548
1 0.548366 0.146173 0.0763996 0.0756432 0.541367
1 0.342615 0.0665777 0.074044 0.0742262 0.539622
1 0.806958 0.886688 0.0781591 0.0777447 0.535397
0 0.619536 0.319335 0.0765969 0.0764091 0.534544
2 0.215756 0.506086 0.0796478 0.0793818 0.528399
2 0.859741 0.375803 0.079266 0.0794332 0.527322
2 0.184124 0.424548 0.0792866 0.0798948 0.526406
0 0.0615473 0.768188 0.0787704 0.0781199 0.521414
1 0.233397 0.926836 0.0757657 0.0763699 0.520473
1 0.978234 0.358256 0.0435324 0.0763836 0.518831
2 0.403812 0.520597 0.078916 0.0791224 0.515215
2 0.713192 0.439038 0.0764291 0.0758981 0.514598
2 0.653452 0.822977 0.0772641 0.0778762 0.511378
2 0.0434456 0.757803 0.0775112 0.077581 0.510694
0 0.399063 0.300586 0.0817465 0.0809937 0.510013
2 0.938409 0.370004 0.077491 0.0772554 0.509987
1 0.617032 0.886508 0.0782702 0.0785717 0.509437
2 0.359529 0.749738 0.0787447 0.078681 0.508252
1 0.802765 0.121588 0.0762188 0.0763157 0.501322
