1 0.815053 0.952465 0.0728062 0.0727564 0.930145
0 0.598152 0.630521 0.0740521 0.0741186 0.929979
0 0.476392 0.600839 0.0739489 0.0745758 0.929442
0 0.123187 0.167666 0.0747368 0.0752843 0.928634
0 0.434846 0.0629416 0.0750991 0.0751665 0.927795
0 0.0814602 0.277331 0.0737438 0.0737696 0.926607
2 0.303303 0.604877 0.074735 0.0752247 0.926437
0 0.484619 0.674624 0.0745031 0.075032 0.925953
2 0.726295 0.218386 0.0755808 0.0751988 0.925014
0 0.129436 0.179179 0.0748081 0.0748636 0.924577
0 0.916374 0.426977 0.074424 0.0744999 0.924148
2 0.87918 0.512158 0.0764847 0.0766108 0.923241
2 0.501891 0.661209 0.07358 0.0730734 0.922773
0 0.512703 0.578104 0.0751695 0.0749646 0.922711
0 0.302429 0.583485 0.0748457 0.074568 0.922081
2 0.853905 0.510308 0.0774084 0.0765972 0.921657
0 0.926134 0.4591 0.0746122 0.0746787 0.921409
0 0.130053 0.304942 0.0759745 0.0753216 0.921204
0 0.479874 0.094265 0.075906 0.0753213 0.921155
2 0.68448 0.230805 0.0748973 0.0753486 0.920836
2 0.143934 0.543556 0.0764077 0.076243 0.920255
0 0.85437 0.280276 0.0751472 0.0753173 0.920253
0 0.260846 0.221108 0.0760226 0.0758854 0.920009
2 0.674831 0.417447 0.0760718 0.0757536 0.91953
0 0.269989 0.424808 0.0764315 0.0763829 0.91906
0 0.871638 0.453988 0.0749336 0.0746448 0.919035
2 0.47969 0.328632 0.07643 0.0759858 0.918818
0 0.568066 0.115749 0.0760939 0.0760027 0.918705
2 0.827956 0.481118 0.0754734 0.0751991 0.918618
2 0.799562 0.417418 0.0753047 0.075469 0.918388
2 0.926297 0.276165 0.0769964 0.076959 0.918379
2 0.912652 0.96696 0.0724812 0.0657658 0.917831
2 0.802083 0.431407 0.075828 0.0750267 0.917727
2 0.918923 0.108967 0.0746727 0.0743589 0.917133
2 0.717512 0.204115 0.0742611 0.0745178 0.916824
0 0.0449581 0.619166 0.0759592 0.0759918 0.916819
2 0.39319 0.450897 0.0757688 0.0758992 0.916745
0 0.0735948 0.943659 0.0778644 0.0763098 0.916681
2 0.913341 0.125121 0.0747421 0.0746073 0.916646
0 0.162373 0.0895 0.0755932 0.0752775 0.91642
0 0.103554 0.268331 0.0745503 0.0746357 0.916209
2 0.803363 0.338046 0.0747307 0.0749501 0.916202
2 0.516795 0.115673 0.075516 0.0753619 0.916062
1 0.376734 0.0929997 0.074448 0.0742664 0.915985
0 0.44527 0.244087 0.0764181 0.0757924 0.91565
0 0.17776 0.284143 0.0770328 0.0759114 0.915502
1 0.666234 0.870648 0.0746414 0.0744263 0.915469
2 0.205293 0.106452 0.0751262 0.0748073 0.91546
0 0.747754 0.319571 0.0747341 0.0748266 0.9153
2 0.5906 0.257456 0.0757956 0.0755445 0.915161
2 0.50759 0.365199 0.0745685 0.0742348 0.915039
2 0.768955 0.304686 0.0747228 0.0748825 0.914946
1 0.943962 0.0674871 0.0746014 0.0748012 0.91491
0 0.25325 0.29925 0.0764194 0.0762401 0.914707
2 0.542816 0.9131 0.0729485 0.0721375 0.914701
2 0.401929 0.0818805 0.0749118 0.0745459 0.914596
0 0.211512 0.30248 0.0772132 0.0760215 0.9145
2 0.440573 0.169445 0.0761404 0.0757 0.914172
1 0.224245 0.14581 0.0756783 0.0752732 0.914119
2 0.092048 0.451589 0.0746109 0.0740608 0.914093
0 0.710275 0.135237 0.0755734 0.0751833 0.913795
0 0.135025 0.424141 0.0757104 0.0759789 0.913773
2 0.618787 0.164683 0.0758368 0.075443 0.913717
0 0.327709 0.536061 0.0758677 0.0752632 0.913712
2 0.819945 0.396995 0.0744003 0.0741524 0.91338
2 0.627359 0.236695 0.0768782 0.0772747 0.913366
0 0.283311 0.165815 0.07528 0.0753336 0.913266
2 0.35295 0.691782 0.0755911 0.0753597 0.91325
2 0.548518 0.926606 0.0726425 0.0723412 0.913172
2 0.713774 0.179009 0.075775 0.0758779 0.913042
2 0.791278 0.270479 0.0745728 0.0742947 0.912996
2 0.47785 0.309239 0.0761111 0.0753073 0.912963
2 0.791688 0.237008 0.074673 0.0747389 0.912892
0 0.28451 0.0562392 0.074696 0.0745491 0.912697
0 0.94819 0.599291 0.0751465 0.0754499 0.912681
2 0.0604631 0.710961 0.0770363 0.0764919 0.912615
0 0.166507 0.382778 0.07636 0.0757373 0.912504
2 0.885824 0.61296 0.0776516 0.0773567 0.91237
0 0.297376 0.455502 0.0746641 0.0743816 0.912335
2 0.45822 0.0351948 0.0751907 0.0703896 0.912302
0 0.229619 0.22374 0.0758551 0.0762834 0.912213
0 0.36843 0.673014 0.0755403 0.0754871 0.912004
2 0.91294 0.139788 0.0747753 0.0750242 0.911987
2 0.966747 0.103513 0.0665068 0.0741283 0.911979
2 0.842937 0.959333 0.0731583 0.0724175 0.911975
0 0.034169 0.20215 0.068338 0.0738202 0.911967
1 0.350408 0.571635 0.0753234 0.0751506 0.911797
1 0.530799 0.358764 0.0759897 0.0755337 0.91176
0 0.0500326 0.144821 0.0740774 0.0746897 0.911757
2 0.190092 0.530712 0.0761066 0.0759285 0.911661
2 0.0633794 0.285956 0.0730477 0.0732323 0.911427
1 0.644777 0.666424 0.0756356 0.0757146 0.911258
2 0.587488 0.614745 0.0746307 0.0748508 0.911241
2 0.148502 0.421134 0.0759022 0.0761155 0.911103
2 0.171683 0.0460659 0.0747394 0.0751334 0.910958
0 0.0458087 0.795315 0.0758835 0.0760881 0.910872
0 0.0767783 0.0505621 0.0742436 0.0741153 0.910863
0 0.374957 0.474798 0.0761132 0.0756235 0.910735
0 0.186632 0.258852 0.0768609 0.076279 0.910707
0 0.395553 0.522537 0.0748367 0.0750092 0.910566
0 0.0979172 0.174422 0.0751884 0.0753572 0.910378
2 0.339933 0.676323 0.0754424 0.075741 0.910228
0 0.0410895 0.15685 0.0747601 0.0742356 0.910089
2 0.065944 0.573503 0.0753277 0.0753544 0.909955
0 0.0298896 0.942493 0.0596716 0.0754442 0.909821
0 0.613115 0.620358 0.0750985 0.0749846 0.909816
2 0.544495 0.657241 0.0739838 0.0737892 0.909707
0 0.339174 0.509463 0.076182 0.075872 0.90969
2 0.0293931 0.588063 0.0587317 0.0748077 0.909626
2 0.534288 0.677156 0.07358 0.0732464 0.909621
2 0.444491 0.870072 0.0741121 0.0740135 0.909414
2 0.367551 0.434154 0.075701 0.0749507 0.909375
0 0.0377906 0.856317 0.0738315 0.073852 0.909301
2 0.702753 0.2848 0.0752633 0.0748281 0.909295
2 0.0917864 0.471496 0.0745537 0.0741278 0.909284
0 0.105994 0.0329295 0.074987 0.0658589 0.909207
2 0.931059 0.308048 0.0763454 0.0759788 0.909149
2 0.51246 0.916318 0.0723639 0.0727823 0.909008
2 0.945634 0.3564 0.0753248 0.075405 0.908959
0 0.0349988 0.691351 0.0699977 0.0729523 0.908952
2 0.59616 0.095035 0.075374 0.0753131 0.908929
1 0.51454 0.331168 0.0753029 0.0752213 0.908889
2 0.528957 0.910526 0.0726662 0.0728802 0.908817
0 0.672232 0.250915 0.0761077 0.0761338 0.908759
0 0.108045 0.0554331 0.0753162 0.0750847 0.908725
2 0.663439 0.403267 0.0756227 0.0763016 0.908566
2 0.0682903 0.536332 0.0751363 0.0753526 0.908502
2 0.274958 0.553853 0.075313 0.0748824 0.908408
2 0.0904739 0.614445 0.076915 0.0766728 0.908348
2 0.259317 0.414336 0.076722 0.0767512 0.908228
0 0.283576 0.567671 0.0749602 0.0753992 0.908182
2 0.907595 0.499896 0.0759109 0.076717 0.908155
1 0.631808 0.801597 0.0736399 0.0735525 0.908074
2 0.959806 0.467274 0.0752506 0.0754072 0.907973
0 0.507347 0.543941 0.0737414 0.0740204 0.907886
2 0.625834 0.25116 0.0762716 0.0760049 0.907875
2 0.113939 0.593301 0.0760906 0.075923 0.907689
0 0.309845 0.453554 0.0763146 0.0758678 0.907514
0 0.335164 0.376161 0.0740062 0.0747017 0.907321
2 0.899442 0.141947 0.0754883 0.0756203 0.907278
2 0.693386 0.0754819 0.0750359 0.0751508 0.907244
2 0.379176 0.508264 0.0754745 0.0754955 0.907184
2 0.0531482 0.770356 0.0763247 0.075536 0.907098
1 0.584031 0.946729 0.0725222 0.0725857 0.906756
2 0.126821 0.331357 0.0744813 0.0744157 0.906736
2 0.74125 0.29805 0.0749662 0.0745852 0.906731
2 0.864048 0.247122 0.0754688 0.0753669 0.90667
2 0.943059 0.702042 0.0758701 0.0765446 0.90665
2 0.210493 0.51295 0.0776057 0.0774057 0.906648
0 0.177727 0.442423 0.0770689 0.0764841 0.906625
2 0.843979 0.645589 0.0751503 0.0752165 0.906617
0 0.201215 0.16482 0.0757707 0.0757494 0.906596
0 0.276616 0.321436 0.0758219 0.0748081 0.906517
2 0.931215 0.149402 0.0752296 0.0755657 0.906455
2 0.852532 0.94701 0.0727306 0.0721607 0.906428
0 0.836853 0.257916 0.074374 0.0745386 0.9064
0 0.812974 0.503184 0.0742836 0.0744571 0.906381
0 0.374032 0.557548 0.0754513 0.0754986 0.906379
2 0.246043 0.182962 0.0763899 0.0763154 0.906253
0 0.875048 0.39719 0.0744612 0.0748556 0.906185
0 0.299968 0.62762 0.0756085 0.0750916 0.906112
2 0.617113 0.188123 0.0779552 0.0774806 0.906069
0 0.322297 0.556932 0.0752158 0.0749329 0.906057
2 0.208766 0.118127 0.0742697 0.0740073 0.905958
2 0.531059 0.11948 0.0756586 0.0753419 0.905923
2 0.306304 0.20007 0.0758044 0.0762255 0.905865
2 0.42611 0.104529 0.0751408 0.0752549 0.905829
2 0.309724 0.0899694 0.0747508 0.0745358 0.905806
2 0.698966 0.205642 0.0748538 0.0750626 0.905794
0 0.214511 0.487199 0.0760595 0.0762385 0.905646
0 0.48862 0.563696 0.0749113 0.0755087 0.905633
2 0.902317 0.656853 0.0768543 0.0764779 0.905565
0 0.0896988 0.120866 0.075033 0.0746602 0.905554
0 0.219397 0.179257 0.0756742 0.0761736 0.90549
0 0.279082 0.468924 0.0754454 0.0755184 0.905337
2 0.609873 0.640409 0.0747425 0.0747452 0.90532
0 0.0382225 0.831737 0.075322 0.0758175 0.905311
2 0.455728 0.140715 0.0761549 0.0764513 0.905261
0 0.189663 0.465406 0.0781177 0.0776775 0.905235
2 0.442685 0.617002 0.0745357 0.0744267 0.905139
2 0.932552 0.102343 0.0741337 0.0744106 0.904918
2 0.930256 0.696246 0.0768715 0.0765224 0.904885
0 0.240252 0.525564 0.0754849 0.0757412 0.904854
2 0.594638 0.164069 0.0775354 0.0775696 0.904843
0 0.441856 0.515008 0.0748175 0.0744814 0.904761
2 0.399381 0.0532374 0.0744677 0.0747626 0.904562
0 0.0698582 0.179259 0.0738942 0.0738773 0.904414
2 0.910405 0.402411 0.0737412 0.0739588 0.904289
2 0.59466 0.0659884 0.0757944 0.0762165 0.904257
0 0.0330876 0.127812 0.0661751 0.0747111 0.903989
1 0.393106 0.796548 0.0747752 0.0747519 0.903983
0 0.0393887 0.0599198 0.0752669 0.0747284 0.903831
2 0.728225 0.394619 0.0759369 0.0754206 0.903777
0 0.243438 0.478757 0.0748877 0.0748688 0.903418
1 0.127363 0.844509 0.0763505 0.0759403 0.903365
0 0.0555597 0.529807 0.0740703 0.0735823 0.903361
0 0.233973 0.420767 0.0758353 0.075927 0.903314
0 0.715566 0.383737 0.075495 0.0747927 0.903283
0 0.253078 0.345197 0.0767713 0.0763525 0.903236
2 0.873047 0.265133 0.0758118 0.0757103 0.903233
2 0.55992 0.0516081 0.0760565 0.0753924 0.903122
2 0.590859 0.666246 0.0741759 0.0738041 0.902965
0 0.213396 0.199872 0.0758976 0.0758066 0.902963
1 0.572972 0.358317 0.075939 0.0754856 0.902882
2 0.608209 0.117704 0.076945 0.0767645 0.902816
0 0.367687 0.638024 0.0748138 0.0746379 0.902769
0 0.152236 0.0700253 0.0756979 0.075156 0.902711
2 0.429541 0.130575 0.0753007 0.0750878 0.902672
0 0.722047 0.244076 0.0755636 0.0757196 0.902668
0 0.269597 0.0600062 0.074607 0.0740204 0.90261
2 0.679483 0.28647 0.0755947 0.0754122 0.902559
2 0.854586 0.391412 0.0739973 0.0737453 0.902444
0 0.288874 0.416096 0.0760144 0.0761684 0.902433
2 0.685509 0.399144 0.0751609 0.0748902 0.902413
2 0.602701 0.142249 0.0781498 0.0770542 0.9024
2 0.402708 0.631695 0.0738425 0.0739172 0.902309
2 0.801982 0.321295 0.074899 0.0742604 0.902285
2 0.371237 0.0368885 0.0741063 0.0731095 0.902237
0 0.0376528 0.710211 0.0753055 0.0776278 0.902208
2 0.912036 0.613114 0.0769699 0.0766712 0.902119
2 0.829836 0.353753 0.074444 0.0743437 0.901918
2 0.449261 0.224542 0.0766998 0.076433 0.901789
2 0.0946663 0.299911 0.074506 0.0745533 0.901781
2 0.956678 0.670251 0.0776493 0.0770414 0.901638
2 0.488706 0.925897 0.0718349 0.0716322 0.901637
2 0.087141 0.424884 0.0738754 0.0742185 0.901602
0 0.425226 0.648877 0.0748763 0.074356 0.901583
2 0.846974 0.41419 0.0742252 0.0745519 0.901489
0 0.863938 0.315252 0.0755016 0.0750484 0.901465
1 0.680528 0.775037 0.0756693 0.0760471 0.901411
2 0.655082 0.644539 0.0766657 0.0761909 0.901399
0 0.69904 0.319003 0.0753414 0.0752685 0.90137
2 0.234992 0.383153 0.0759006 0.0757159 0.901351
1 0.333615 0.136629 0.0742671 0.0743308 0.901215
0 0.265686 0.258419 0.0772347 0.0763662 0.901044
2 0.303251 0.653858 0.0757347 0.0758921 0.901005
2 0.893935 0.42136 0.0752342 0.0743105 0.900925
2 0.559407 0.952867 0.0717775 0.0722244 0.900925
1 0.581346 0.411801 0.0759494 0.0762999 0.900907
0 0.365305 0.26363 0.075727 0.076389 0.900888
0 0.220737 0.270784 0.0759744 0.0764647 0.900731
2 0.760766 0.339691 0.0740253 0.0738503 0.900716
2 0.446191 0.64423 0.0743551 0.0751612 0.900621
2 0.084648 0.508078 0.0730815 0.0742244 0.900568
2 0.941566 0.899443 0.0742622 0.0740356 0.900496
2 0.872115 0.942141 0.0720203 0.0723099 0.900073
2 0.448074 0.0813401 0.0755444 0.0754243 0.899971
0 0.139174 0.0353878 0.0741976 0.0700163 0.899951
2 0.472246 0.576281 0.0750301 0.0749891 0.89987
0 0.3742 0.605425 0.0751643 0.0751356 0.899718
2 0.423536 0.958023 0.0731558 0.0736362 0.899702
0 0.255575 0.371462 0.0755816 0.0750597 0.899701
2 0.683631 0.156419 0.0759497 0.0758734 0.899619
2 0.203083 0.361627 0.0755908 0.0754562 0.899605
0 0.172894 0.0742966 0.0752131 0.0747695 0.899501
0 0.197305 0.087761 0.0749906 0.074745 0.899477
2 0.14022 0.520754 0.0774919 0.0764175 0.899418
1 0.183746 0.945593 0.0761355 0.0763367 0.899404
2 0.928046 0.403683 0.0750992 0.075003 0.898989
0 0.293695 0.488808 0.0750502 0.0749775 0.898972
2 0.481109 0.0371522 0.0764378 0.0737313 0.898964
1 0.0493045 0.749623 0.0760275 0.0765282 0.898842
1 0.948896 0.850211 0.0751225 0.0751156 0.898758
2 0.89245 0.132257 0.0756588 0.0758562 0.898729
2 0.301027 0.902929 0.0736964 0.0740404 0.898594
1 0.646867 0.843712 0.0736437 0.0736311 0.898548
0 0.312761 0.486812 0.0753202 0.0747763 0.898455
1 0.555945 0.245251 0.0757406 0.0753279 0.898359
1 0.703429 0.799485 0.0756105 0.0750591 0.898312
2 0.167398 0.218898 0.0760119 0.0760813 0.89827
0 0.0470713 0.0910701 0.0753513 0.0755652 0.898183
2 0.0661982 0.263627 0.0735114 0.0734433 0.898177
0 0.0834447 0.0895434 0.0750576 0.0747015 0.898119
2 0.128404 0.259434 0.0758391 0.0757142 0.898101
1 0.549167 0.613504 0.0733231 0.0735538 0.898004
2 0.697921 0.334493 0.0761435 0.0756731 0.897959
0 0.454361 0.533335 0.0745987 0.0743692 0.897919
1 0.506864 0.675861 0.0740751 0.074136 0.897917
1 0.669201 0.914024 0.0746804 0.0740192 0.897847
2 0.482413 0.692622 0.0753042 0.0755222 0.897833
2 0.358562 0.849149 0.073448 0.073847 0.897769
2 0.722547 0.428858 0.0761196 0.0764411 0.897602
0 0.193009 0.174809 0.075016 0.07553 0.897489
2 0.771992 0.665626 0.0751677 0.0745993 0.897415
2 0.429347 0.498057 0.075275 0.0749352 0.897289
0 0.356106 0.536662 0.0766765 0.0761862 0.897214
2 0.974226 0.468264 0.0515478 0.0716878 0.897163
2 0.406652 0.18633 0.0759279 0.0763039 0.897148
0 0.2 0.494989 0.0771123 0.0766637 0.896938
0 0.47424 0.555832 0.0740495 0.0744684 0.896839
2 0.91905 0.978365 0.0721348 0.0432703 0.896794
2 0.964781 0.295115 0.0704384 0.075932 0.896667
2 0.543637 0.941319 0.0735219 0.0730957 0.896493
2 0.326511 0.954198 0.0735176 0.0743679 0.89648
1 0.648338 0.53639 0.0753017 0.074857 0.896259
2 0.164622 0.624854 0.0765343 0.0768005 0.896227
2 0.871511 0.0356802 0.0752623 0.0713604 0.896199
0 0.0832905 0.103793 0.0755617 0.0749791 0.895709
2 0.922845 0.0905103 0.0744061 0.0740781 0.895534
2 0.296707 0.352809 0.0747157 0.0751606 0.89544
0 0.114514 0.892701 0.0763503 0.0757698 0.895425
2 0.627803 0.310593 0.0758254 0.0752041 0.8953
2 0.695196 0.245564 0.0753473 0.0752691 0.895293
2 0.074172 0.30707 0.0741711 0.0747121 0.895286
0 0.62818 0.296797 0.076019 0.0757678 0.894924
2 0.0794638 0.229209 0.0735021 0.0730186 0.89475
1 0.662105 0.556087 0.0761206 0.075568 0.894747
2 0.758924 0.395136 0.0763857 0.0759356 0.89473
2 0.88842 0.243309 0.0754667 0.0748978 0.894655
2 0.45697 0.895139 0.0728594 0.0728542 0.894625
2 0.0330922 0.558081 0.0661836 0.0718954 0.894436
0 0.190196 0.597389 0.0761401 0.0762131 0.894409
0 0.110098 0.943405 0.0774078 0.0764215 0.894407
2 0.359354 0.47705 0.0757688 0.0762917 0.894263
2 0.346935 0.496066 0.0760808 0.0760395 0.894125
2 0.34362 0.956884 0.074105 0.0744244 0.893892
2 0.431179 0.549942 0.0737105 0.074053 0.893743
2 0.767529 0.283862 0.0749609 0.0742915 0.893703
1 0.618968 0.671252 0.0748905 0.074652 0.893587
0 0.927879 0.368062 0.0752178 0.075477 0.893546
2 0.732575 0.0324133 0.0758372 0.0647076 0.893348
2 0.499671 0.598464 0.0737764 0.0741729 0.893004
2 0.943568 0.965344 0.0732853 0.0684452 0.892941
2 0.507285 0.504974 0.0756203 0.0755369 0.892925
1 0.853893 0.909449 0.0737736 0.0738808 0.892842
2 0.142499 0.168971 0.0760321 0.0755821 0.892804
2 0.957839 0.410011 0.0759762 0.0754844 0.89278
0 0.0413074 0.174531 0.0746565 0.0738435 0.892697
1 0.71351 0.74515 0.0759666 0.0754868 0.892612
2 0.0709508 0.734651 0.0764052 0.076355 0.89256
1 0.739479 0.496562 0.0770947 0.0766956 0.892542
2 0.776988 0.277055 0.0733891 0.0742825 0.892474
2 0.344295 0.435074 0.0760726 0.0763931 0.892433
1 0.626045 0.570744 0.0745268 0.0746332 0.892327
0 0.0526161 0.119281 0.07479 0.0743305 0.892251
1 0.0554018 0.346937 0.0734663 0.0730701 0.892187
2 0.735264 0.130887 0.0762392 0.0756299 0.89212
0 0.970463 0.427187 0.0590749 0.074282 0.892021
2 0.143834 0.869281 0.0750809 0.074946 0.891947
1 0.591396 0.68842 0.074378 0.0735535 0.89173
2 0.575442 0.179722 0.0767955 0.0759682 0.891452
2 0.95368 0.119119 0.0746078 0.0746669 0.891168
1 0.101071 0.523571 0.0751085 0.0752865 0.891086
2 0.81528 0.272635 0.0741766 0.0743575 0.890986
1 0.546555 0.342405 0.0758348 0.0751459 0.890909
1 0.0301172 0.397641 0.0602344 0.0734627 0.890715
2 0.953472 0.147553 0.0752926 0.075102 0.890625
1 0.622788 0.393277 0.0760036 0.0765094 0.890624
2 0.416838 0.518957 0.074332 0.0744143 0.890184
2 0.958857 0.708443 0.0771116 0.0766077 0.890172
1 0.83103 0.099789 0.0762592 0.0769367 0.890153
2 0.287574 0.0351015 0.0742903 0.0700245 0.889988
2 0.319389 0.635504 0.0759078 0.0758558 0.889749
0 0.777954 0.362768 0.0748684 0.0743954 0.889723
1 0.645153 0.369709 0.076313 0.0761204 0.88969
2 0.15438 0.23584 0.0745084 0.0745687 0.889635
2 0.420644 0.0287532 0.0745687 0.0570831 0.889514
2 0.517507 0.656617 0.0737298 0.0737659 0.889492
1 0.74089 0.546007 0.0753969 0.0747664 0.889378
2 0.270272 0.649896 0.0756652 0.0755522 0.889195
2 0.771514 0.623984 0.0744273 0.0752026 0.889172
2 0.578439 0.455338 0.0760731 0.0755014 0.889157
2 0.606797 0.0478007 0.075666 0.0761907 0.889132
1 0.925936 0.828576 0.0757179 0.0755336 0.888841
2 0.855594 0.967224 0.0727306 0.0655529 0.888803
2 0.559031 0.898222 0.0713919 0.0719383 0.888775
0 0.40541 0.58074 0.0736489 0.0740963 0.888648
2 0.898821 0.630447 0.0772667 0.0763966 0.888595
1 0.592842 0.882762 0.0732458 0.0733274 0.888451
1 0.722757 0.523426 0.076076 0.0759998 0.888359
0 0.84441 0.436066 0.074741 0.0745531 0.888191
1 0.603156 0.380481 0.077058 0.0773594 0.888084
2 0.355936 0.0370013 0.0740657 0.0729261 0.887859
0 0.280978 0.594673 0.0755062 0.0753427 0.887793
2 0.754338 0.383398 0.0745122 0.0743046 0.887778
2 0.0302944 0.842585 0.0605888 0.0765671 0.887737
2 0.142126 0.781023 0.0769135 0.0768175 0.887635
2 0.0557901 0.383406 0.0738837 0.0739335 0.887623
2 0.0513337 0.24931 0.0728936 0.0729332 0.887621
1 0.65236 0.739223 0.0746406 0.0740908 0.887462
1 0.331617 0.323062 0.0758551 0.0753682 0.887342
1 0.203439 0.55686 0.0758103 0.0750332 0.886878
1 0.388144 0.705675 0.0754514 0.0749704 0.886799
2 0.375144 0.207479 0.0749657 0.0752858 0.88667
0 0.244144 0.237113 0.0748599 0.0744302 0.886636
2 0.718754 0.347754 0.0755681 0.0756651 0.886391
0 0.823627 0.641651 0.0743078 0.0748227 0.886238
2 0.915876 0.268187 0.0763752 0.0760451 0.886012
2 0.500888 0.151439 0.0753327 0.0757752 0.885975
2 0.955095 0.971779 0.0744053 0.0563675 0.885894
1 0.779502 0.0434958 0.0746543 0.0748043 0.885431
2 0.363002 0.189207 0.0750135 0.0753501 0.885321
2 0.23284 0.0624872 0.0759669 0.0757765 0.885206
2 0.488983 0.612217 0.073294 0.0729795 0.885123
1 0.590286 0.74932 0.0745503 0.0735523 0.885072
0 0.0590513 0.0259668 0.0728545 0.0512274 0.884791
1 0.79672 0.546201 0.0755688 0.0751275 0.884573
0 0.23245 0.351719 0.0762154 0.0761133 0.884453
0 0.274115 0.407499 0.0752216 0.0753306 0.884371
1 0.691854 0.0564477 0.0762504 0.0757954 0.884158
1 0.313806 0.728788 0.0764063 0.0762819 0.883446
2 0.162404 0.591758 0.0766404 0.0769997 0.883343
0 0.0969865 0.0776786 0.0741878 0.0742509 0.883287
1 0.424163 0.844666 0.0728352 0.073011 0.883021
2 0.288773 0.872774 0.0754607 0.0752018 0.882962
2 0.795058 0.38384 0.0749428 0.0754991 0.882769
2 0.237871 0.320488 0.0769374 0.0767055 0.88263
2 0.467407 0.910861 0.0717592 0.0714031 0.882451
2 0.619818 0.0566589 0.076619 0.0768492 0.882275
1 0.792642 0.0322208 0.0762663 0.0643573 0.882191
1 0.360617 0.300832 0.0753771 0.0757298 0.882043
2 0.59558 0.827662 0.0731331 0.0726879 0.881992
2 0.33339 0.210542 0.0744904 0.0742621 0.881977
1 0.634816 0.932974 0.072921 0.0735695 0.881749
2 0.0285374 0.422443 0.0568867 0.0721316 0.881722
2 0.533847 0.920863 0.0720991 0.0723839 0.881405
0 0.466137 0.522153 0.0741678 0.0738953 0.881245
2 0.150186 0.667781 0.0764426 0.0762156 0.880953
0 0.162069 0.0210761 0.0739119 0.0418709 0.880782
2 0.692127 0.447435 0.0756814 0.0756573 0.880657
2 0.924167 0.682073 0.0773994 0.0762442 0.880582
2 0.45227 0.345095 0.0766178 0.0758958 0.880473
0 0.19644 0.0265381 0.0739445 0.0529707 0.880059
1 0.611042 0.874476 0.0721367 0.0725761 0.879965
2 0.808665 0.47882 0.0739248 0.0741941 0.87995
2 0.524458 0.148928 0.0754871 0.0757411 0.879935
2 0.718569 0.03082 0.0752075 0.06127 0.879796
0 0.196995 0.0675238 0.0748608 0.0746917 0.87968
1 0.651256 0.882646 0.0752741 0.0748096 0.879342
1 0.604667 0.341591 0.0753006 0.0749884 0.879316
1 0.952378 0.0479296 0.0753559 0.0749189 0.878801
0 0.0211864 0.0671479 0.0421806 0.0735747 0.878687
2 0.947431 0.73338 0.0778496 0.0772963 0.878643
1 0.775675 0.515711 0.074819 0.0744388 0.878394
2 0.19756 0.33565 0.077428 0.0773125 0.878374
0 0.0869123 0.0254544 0.0745852 0.0509066 0.878253
1 0.905232 0.815109 0.0745594 0.0739845 0.87809
2 0.0319366 0.790691 0.0638732 0.0728261 0.877774
2 0.564011 0.83063 0.0735966 0.0734177 0.877501
2 0.292403 0.229857 0.076412 0.076403 0.877135
2 0.0878469 0.817839 0.0782329 0.077475 0.877094
1 0.880137 0.891246 0.0734095 0.0733145 0.877027
2 0.545571 0.965137 0.0728987 0.0695761 0.876978
2 0.894399 0.968122 0.0717592 0.0637562 0.876829
2 0.733548 0.330524 0.0748988 0.0746888 0.876332
2 0.235918 0.11135 0.0760204 0.075914 0.876291
2 0.852955 0.233809 0.0748615 0.0746957 0.876213
2 0.690343 0.352757 0.0751692 0.07475 0.875997
2 0.425615 0.155963 0.0766704 0.0760366 0.875952
2 0.768314 0.827078 0.0748769 0.074691 0.875522
2 0.901995 0.113231 0.0742878 0.0745553 0.874377
2 0.336844 0.223988 0.0755286 0.0752392 0.874303
2 0.386242 0.634134 0.0744581 0.0749914 0.873852
2 0.739368 0.222862 0.0756706 0.0760621 0.873779
2 0.843764 0.450882 0.0746708 0.0740147 0.873687
1 0.65653 0.0468423 0.0749788 0.0749673 0.873202
2 0.83049 0.928373 0.0744902 0.073712 0.872875
2 0.126239 0.966903 0.0749404 0.0661943 0.872683
2 0.38474 0.0334814 0.0731799 0.0669627 0.87241
2 0.250815 0.257965 0.0767974 0.077159 0.872043
2 0.969683 0.582357 0.060635 0.0759782 0.872026
0 0.775532 0.344863 0.0748525 0.0743677 0.871966
2 0.532071 0.105485 0.075529 0.0752403 0.871843
2 0.836175 0.56929 0.0765802 0.0761988 0.871807
0 0.974347 0.287244 0.0513063 0.0763263 0.871519
2 0.657908 0.428009 0.0755394 0.0749384 0.870866
0 0.9701 0.328809 0.0597993 0.0750414 0.870813
1 0.600855 0.801964 0.0741797 0.0732613 0.870577
0 0.0628253 0.849337 0.0782833 0.0776764 0.870225
2 0.0736872 0.395452 0.0742717 0.0740314 0.869974
2 0.136383 0.687764 0.0754821 0.075341 0.869212
1 0.10719 0.496457 0.0747158 0.0754054 0.868768
1 0.670146 0.949175 0.0739031 0.07341 0.868746
0 0.250866 0.397691 0.0761713 0.0751857 0.868371
2 0.413505 0.946597 0.0730746 0.0727131 0.868217
2 0.797608 0.647677 0.0750416 0.0750189 0.868177
1 0.0315514 0.027057 0.0631029 0.0541141 0.868172
1 0.717895 0.822513 0.07544 0.074888 0.86797
2 0.338217 0.248378 0.0745982 0.0748565 0.867652
1 0.968743 0.505326 0.0625135 0.0760997 0.867458
2 0.607531 0.0237489 0.0754887 0.0472996 0.867373
2 0.725657 0.60732 0.076059 0.0759176 0.86721
2 0.0325532 0.616992 0.0651064 0.0725817 0.867174
2 0.0845494 0.92198 0.0768748 0.0770798 0.866362
2 0.534949 0.578196 0.0749706 0.0747083 0.865778
2 0.41256 0.471115 0.0757113 0.0752733 0.865763
2 0.567908 0.843905 0.0734691 0.0723961 0.865634
2 0.150768 0.728184 0.0763333 0.0763025 0.865223
1 0.0528273 0.441942 0.0728895 0.07333 0.8651
2 0.252259 0.224442 0.0749949 0.0756917 0.864917
0 0.747019 0.179851 0.0748809 0.0750527 0.864653
2 0.335968 0.822263 0.074012 0.0734461 0.864642
1 0.63593 0.0388531 0.0760815 0.075356 0.864616
2 0.808924 0.700646 0.0779491 0.078529 0.864598
2 0.707989 0.0219567 0.0752031 0.043828 0.864588
2 0.929069 0.445448 0.0753342 0.0749456 0.863878
2 0.204621 0.676731 0.0762101 0.0763665 0.863811
2 0.936228 0.980628 0.0733652 0.0387434 0.863663
2 0.28688 0.889583 0.0753702 0.0751425 0.862913
1 0.540644 0.266388 0.0756495 0.0753636 0.862812
1 0.17921 0.969017 0.0741566 0.0619663 0.86231
2 0.417298 0.679797 0.0741223 0.0749847 0.86222
1 0.140485 0.382359 0.0749474 0.074858 0.861747
0 0.278828 0.580179 0.0754585 0.0756127 0.86133
0 0.303658 0.443048 0.0766642 0.0762417 0.861054
2 0.720336 0.454979 0.0757613 0.075234 0.8608
0 0.268833 0.629891 0.0751835 0.0748607 0.860731
0 0.0262415 0.661413 0.052483 0.0763212 0.860183
2 0.0584895 0.39855 0.0730245 0.0723681 0.86011
1 0.640539 0.715631 0.0751741 0.0750923 0.859789
0 0.405973 0.246642 0.0751274 0.0758512 0.859712
2 0.930923 0.924331 0.0735939 0.0736801 0.859396
2 0.0466815 0.295425 0.0730574 0.0738206 0.857222
2 0.961272 0.365533 0.0753334 0.0756587 0.857065
2 0.336225 0.945411 0.0734612 0.073325 0.856334
2 0.850412 0.523569 0.0770412 0.076581 0.856323
2 0.78052 0.637579 0.0745432 0.074279 0.856293
2 0.0861803 0.370111 0.0721396 0.0729899 0.856246
2 0.083762 0.584049 0.0757625 0.0759327 0.855752
0 0.429893 0.617877 0.0735563 0.0736513 0.855398
2 0.829475 0.157433 0.0755764 0.0750726 0.855267
0 0.189639 0.0331994 0.0746003 0.0657509 0.854797
0 0.0416346 0.810924 0.0766158 0.0763418 0.854184
1 0.784625 0.97761 0.0726445 0.0447798 0.853877
2 0.977275 0.268626 0.0454498 0.0761581 0.853562
2 0.687124 0.972767 0.071495 0.0541435 0.853369
1 0.0394481 0.321518 0.072488 0.0736146 0.852844
2 0.798493 0.485269 0.0742329 0.0741529 0.852713
2 0.441967 0.336612 0.0762935 0.0762794 0.852512
2 0.693063 0.471605 0.0759265 0.0763284 0.85247
2 0.564513 0.218788 0.0751341 0.0754175 0.852303
1 0.632657 0.885937 0.0737146 0.0733503 0.852165
1 0.737544 0.0960986 0.0762065 0.0758876 0.851986
1 0.913232 0.876387 0.0743742 0.073444 0.851714
2 0.410259 0.0700151 0.0749432 0.0746989 0.85158
2 0.965086 0.153922 0.0698277 0.0746299 0.851354
2 0.183245 0.316502 0.0754022 0.0750756 0.851235
2 0.466617 0.884072 0.0725386 0.072563 0.850776
2 0.294565 0.0919572 0.0745829 0.0750871 0.850426
2 0.47442 0.0304344 0.0749935 0.0608687 0.850404
2 0.491549 0.495409 0.0743513 0.074111 0.850063
2 0.789084 0.820307 0.0737316 0.0742547 0.84902
2 0.293291 0.972012 0.0741569 0.0554997 0.848944
0 0.626993 0.478297 0.0739326 0.0736549 0.84875
2 0.45388 0.580554 0.0746606 0.0749195 0.848241
1 0.740456 0.844305 0.0743921 0.0748623 0.847657
2 0.776817 0.467602 0.0761127 0.0757024 0.847193
0 0.10519 0.0700958 0.0727463 0.073008 0.847018
1 0.898242 0.06165 0.0754257 0.0752721 0.846873
2 0.112399 0.810064 0.0788939 0.0788528 0.846853
0 0.793363 0.252657 0.0742021 0.0741472 0.846633
2 0.754691 0.227679 0.0749176 0.07515 0.845403
2 0.79519 0.282818 0.0740038 0.0743628 0.845124
2 0.596755 0.184889 0.0765092 0.0768162 0.844668
1 0.0340932 0.372092 0.068035 0.0734022 0.844531
2 0.975033 0.385552 0.0499348 0.0758327 0.844516
0 0.226436 0.254646 0.07666 0.0764296 0.844276
2 0.863843 0.654649 0.0752769 0.0750959 0.844192
2 0.731936 0.268746 0.0754282 0.0748514 0.843863
0 0.817051 0.631267 0.0744651 0.0741967 0.843808
2 0.63418 0.128937 0.0766842 0.0762286 0.843573
2 0.597104 0.446416 0.0767471 0.0765821 0.843405
2 0.0902525 0.327366 0.0738283 0.0733003 0.84338
2 0.926027 0.667045 0.076656 0.0768293 0.84318
2 0.30701 0.0668506 0.0747883 0.0749027 0.842767
2 0.428811 0.700576 0.0739116 0.0742668 0.842576
2 0.170478 0.408093 0.075797 0.0759838 0.842043
2 0.606446 0.835622 0.0721563 0.0722504 0.841903
1 0.943908 0.802199 0.0765614 0.0764389 0.841389
2 0.977006 0.242508 0.04576 0.075389 0.841331
1 0.935704 0.769214 0.0773632 0.0765031 0.841202
2 0.612842 0.820697 0.0730967 0.0734566 0.841114
2 0.315821 0.973165 0.0737187 0.0535774 0.840601
0 0.24784 0.588277 0.0745205 0.0741117 0.839339
2 0.508794 0.963845 0.0700453 0.0698704 0.83844
0 0.0554928 0.0421982 0.0747956 0.0729583 0.837558
1 0.612124 0.928409 0.0725168 0.072468 0.837132
2 0.881448 0.949923 0.0723652 0.07131 0.836379
0 0.179439 0.17679 0.0748878 0.0744781 0.836188
2 0.118446 0.874785 0.0761299 0.0763668 0.835539
2 0.0840523 0.494655 0.0741939 0.0734329 0.835079
1 0.12048 0.744137 0.0754177 0.0761177 0.834904
2 0.392466 0.691467 0.0749473 0.0749752 0.834839
1 0.619015 0.533957 0.0741947 0.0739689 0.833765
2 0.941479 0.155383 0.0754883 0.07548 0.832326
0 0.016273 0.0265998 0.032546 0.0526569 0.83189
2 0.842261 0.607927 0.0763382 0.0755871 0.831565
2 0.681939 0.131386 0.0741894 0.0750348 0.831125
1 0.502733 0.22278 0.0757892 0.0757256 0.831066
0 0.191371 0.629012 0.0762449 0.076634 0.830162
1 0.344914 0.346607 0.0763379 0.076051 0.830056
2 0.0405887 0.467602 0.0726737 0.0726582 0.829775
1 0.130387 0.808729 0.0767283 0.0774745 0.828781
0 0.707217 0.310192 0.0751405 0.0751055 0.827297
2 0.870606 0.594776 0.0758822 0.0763536 0.82637
2 0.847878 0.674459 0.0787647 0.0786955 0.826201
2 0.848505 0.974341 0.071784 0.0513172 0.825204
1 0.760061 0.0936125 0.0782471 0.0770442 0.824735
2 0.193275 0.222744 0.075487 0.0751853 0.824512
2 0.980042 0.378725 0.0399162 0.0779447 0.822986
2 0.90575 0.0233663 0.0740196 0.0465111 0.822818
0 0.149481 0.118378 0.0738403 0.0737718 0.821789
2 0.345535 0.474013 0.0758572 0.0762356 0.821515
2 0.119946 0.703905 0.0758777 0.0763971 0.820752
0 0.337988 0.624641 0.0747838 0.0741751 0.820452
2 0.972527 0.743352 0.0545597 0.077375 0.819916
2 0.0217314 0.523142 0.0434629 0.0736288 0.819705
1 0.635771 0.553281 0.0747652 0.074449 0.818821
1 0.858252 0.764857 0.0751356 0.0759213 0.818659
2 0.0498508 0.228546 0.0724325 0.0732496 0.818332
0 0.330844 0.608574 0.0749867 0.0747228 0.817966
2 0.520482 0.411377 0.0764988 0.0769935 0.817818
2 0.974444 0.0989146 0.0510271 0.0740953 0.817349
2 0.267312 0.0896411 0.0759616 0.0760537 0.816777
2 0.0182083 0.95885 0.0364165 0.0737541 0.816655
2 0.354757 0.255018 0.0753696 0.0756094 0.816515
2 0.616768 0.430368 0.0753038 0.0752991 0.815001
2 0.168911 0.654111 0.0763806 0.0761324 0.81482
2 0.643566 0.975512 0.0727856 0.0484135 0.813935
0 0.0199691 0.797674 0.0399382 0.0740595 0.813277
0 0.735262 0.383162 0.0750609 0.0753505 0.813221
2 0.535703 0.981168 0.0715096 0.0376642 0.811399
1 0.720552 0.0598606 0.076482 0.0767811 0.811059
0 0.022323 0.809759 0.044646 0.0758741 0.809856
1 0.24178 0.910667 0.074418 0.0741648 0.809352
0 0.218685 0.46165 0.0763076 0.0769155 0.808515
2 0.355998 0.380476 0.0747198 0.0751238 0.806804
2 0.966005 0.951257 0.0679901 0.0717651 0.806537
2 0.546884 0.163091 0.0749876 0.0757898 0.805372
1 0.898163 0.842197 0.074287 0.073797 0.805268
0 0.131407 0.226878 0.0747587 0.0743894 0.805213
0 0.120306 0.065381 0.0737729 0.0742675 0.804401
1 0.660215 0.58483 0.0757587 0.0768324 0.804248
0 0.268886 0.0476008 0.074351 0.0729664 0.803438
0 0.292166 0.0238991 0.0744588 0.0476877 0.802586
2 0.824419 0.231133 0.0741425 0.073971 0.802537
0 0.125414 0.902014 0.0769919 0.0764946 0.801792
1 0.529223 0.212198 0.0748198 0.0745943 0.801597
0 0.175351 0.42187 0.0750682 0.0752089 0.80134
2 0.14967 0.698267 0.0766365 0.0771023 0.800632
2 0.601333 0.0813272 0.075775 0.0752336 0.800511
0 0.269363 0.337585 0.0764142 0.0768869 0.798914
2 0.28155 0.774741 0.0750927 0.0761507 0.797984
2 0.712925 0.587311 0.0768534 0.0765557 0.796813
2 0.380011 0.826232 0.0742501 0.074682 0.796006
2 0.0460066 0.399779 0.0727366 0.0732164 0.795709
2 0.204413 0.851859 0.0751666 0.0753983 0.79545
0 0.809965 0.622497 0.0740521 0.0741432 0.79528
2 0.0980259 0.973044 0.0773533 0.0537371 0.794758
2 0.907915 0.981477 0.0714172 0.0370461 0.794508
2 0.523814 0.955941 0.0714313 0.0724949 0.794492
2 0.171919 0.260951 0.0758058 0.076419 0.794437
1 0.363517 0.059828 0.0737474 0.074024 0.794325
2 0.888113 0.0274268 0.0744089 0.0546587 0.793204
2 0.795215 0.44553 0.0746077 0.0752397 0.790634
0 0.307652 0.61643 0.0753281 0.0755817 0.789103
2 0.0727262 0.252308 0.0735023 0.0746539 0.788175
2 0.483471 0.523682 0.0753878 0.0751428 0.787811
1 0.968182 0.910606 0.0636366 0.0737347 0.786388
2 0.181802 0.691202 0.077077 0.0775333 0.785486
1 0.792338 0.895069 0.074895 0.0748884 0.78528
2 0.343042 0.853117 0.0739376 0.0740093 0.784984
2 0.0758736 0.434295 0.0723168 0.0733387 0.784797
2 0.97952 0.670698 0.0405226 0.0775003 0.78436
2 0.386849 0.259806 0.0753595 0.0754861 0.784222
2 0.806637 0.451626 0.0759228 0.07561 0.78394
2 0.0291096 0.721987 0.0582192 0.0771135 0.783275
2 0.165379 0.921691 0.0754111 0.075053 0.782624
0 0.315074 0.0278161 0.0745631 0.0556322 0.780952
2 0.978381 0.695536 0.0424728 0.07258 0.779384
2 0.749212 0.6876 0.0762484 0.0765589 0.775704
2 0.301684 0.951729 0.0740403 0.0743183 0.775495
2 0.779817 0.839528 0.0745469 0.0744648 0.775354
2 0.900079 0.941688 0.0718014 0.071373 0.77364
0 0.347056 0.524697 0.0755985 0.0753787 0.772534
1 0.422511 0.974151 0.0737106 0.0516973 0.772189
2 0.869897 0.436757 0.0747021 0.0747893 0.77192
2 0.474165 0.904106 0.072247 0.0724024 0.770568
2 0.542888 0.432898 0.0772344 0.0768462 0.770415
2 0.725494 0.018883 0.0745384 0.037766 0.769609
2 0.768937 0.246299 0.0751533 0.0745333 0.768966
0 0.267875 0.209545 0.0760335 0.0763752 0.768188
1 0.339275 0.290533 0.0748328 0.0742422 0.766438
1 0.575367 0.278398 0.0765612 0.0763281 0.76572
2 0.135153 0.736623 0.0770995 0.0768718 0.765109
2 0.981562 0.0795976 0.0367142 0.0744528 0.765065
2 0.101509 0.91011 0.076826 0.0763556 0.76415
2 0.196922 0.129017 0.0746092 0.0749728 0.763841
0 0.0233407 0.645001 0.0466813 0.0752432 0.763257
2 0.943515 0.130461 0.0746853 0.0746344 0.763173
2 0.964891 0.130979 0.0702183 0.0749434 0.762994
2 0.857354 0.0489328 0.0759981 0.0756701 0.761452
2 0.0178862 0.127814 0.0357724 0.0743214 0.760519
2 0.0314036 0.269719 0.0628073 0.072934 0.760091
2 0.981547 0.321138 0.0369059 0.0761976 0.757489
2 0.764913 0.424255 0.0765085 0.0766613 0.756824
2 0.854177 0.8394 0.0741852 0.0738098 0.756285
1 0.746875 0.412194 0.074608 0.0745868 0.756182
1 0.879868 0.869091 0.0729843 0.073066 0.754998
2 0.677378 0.0251396 0.0744549 0.0502062 0.754404
1 0.488304 0.426459 0.0757625 0.0758654 0.751827
2 0.130274 0.408284 0.0761501 0.075899 0.751505
2 0.609811 0.960493 0.0709736 0.0722548 0.751237
1 0.500093 0.264656 0.0756435 0.0754435 0.750225
2 0.243984 0.236748 0.07569 0.075555 0.748881
2 0.815608 0.153643 0.0743212 0.0745288 0.74825
0 0.31136 0.228197 0.0762558 0.0757924 0.747048
0 0.846688 0.358859 0.0730461 0.0737627 0.746364
2 0.259 0.875336 0.0735509 0.0729343 0.74602
2 0.542479 0.840452 0.0733917 0.0726952 0.745001
2 0.379561 0.025612 0.0723432 0.0511516 0.744694
2 0.843581 0.30526 0.0746004 0.074171 0.744206
2 0.868029 0.0551872 0.075798 0.0752152 0.743724
2 0.466086 0.609994 0.0742352 0.0736645 0.742642
2 0.289028 0.791561 0.0746424 0.0744837 0.741713
1 0.0268199 0.342763 0.0532215 0.0734866 0.740754
1 0.980472 0.510605 0.0390563 0.0748604 0.74063
2 0.839131 0.214903 0.0736217 0.0733505 0.740296
0 0.448804 0.698149 0.0736268 0.0737192 0.739329
2 0.274193 0.863403 0.0733505 0.0735498 0.738729
2 0.749163 0.116268 0.0756687 0.0763209 0.738291
2 0.838598 0.691418 0.0802948 0.0795268 0.738
2 0.149047 0.806332 0.0784653 0.0773802 0.737834
2 0.717691 0.637351 0.0764366 0.0767744 0.736603
2 0.543391 0.644243 0.0743137 0.0756434 0.736382
0 0.0178885 0.0576865 0.0357771 0.073716 0.73637
0 0.0984587 0.597107 0.0757951 0.0754156 0.735884
2 0.712637 0.461712 0.0746342 0.0743604 0.735045
2 0.21335 0.858512 0.0746688 0.0751366 0.734973
2 0.0271104 0.292937 0.0538809 0.0730149 0.732862
1 0.825284 0.899733 0.0728708 0.0729567 0.731586
2 0.0525951 0.977652 0.0768154 0.0445976 0.73102
0 0.205552 0.590079 0.0758205 0.0758594 0.728481
0 0.263377 0.584409 0.0743213 0.0755201 0.727901
2 0.682499 0.621065 0.077131 0.0764506 0.727728
0 0.318243 0.472884 0.0756279 0.074908 0.725188
2 0.963439 0.692921 0.073123 0.0766569 0.724849
1 0.63654 0.753587 0.07372 0.0744123 0.723867
1 0.83802 0.788862 0.0737747 0.0755495 0.721698
2 0.881273 0.722161 0.0752861 0.0748787 0.721354
2 0.359491 0.816467 0.0731463 0.0728855 0.720211
1 0.982407 0.969144 0.0345791 0.0617128 0.718419
2 0.655041 0.465886 0.0754894 0.0755737 0.717966
2 0.0321031 0.760783 0.0642062 0.0750285 0.717663
2 0.919847 0.955754 0.0718534 0.0726364 0.7173
1 0.351389 0.0915331 0.0743023 0.0739217 0.715111
2 0.957543 0.900309 0.0741795 0.0731751 0.714337
2 0.165081 0.339075 0.076267 0.0762651 0.714222
0 0.860654 0.492328 0.0758865 0.0751573 0.713547
1 0.500093 0.87202 0.0723032 0.07241 0.7127
2 0.0220246 0.312526 0.0440491 0.0669897 0.710911
2 0.59016 0.478839 0.0740425 0.0738329 0.709473
2 0.26335 0.135641 0.0763564 0.076962 0.70922
1 0.619077 0.723781 0.0742407 0.0738466 0.70789
2 0.0961081 0.672893 0.0758782 0.0756818 0.707652
2 0.657005 0.142421 0.075917 0.0772988 0.706645
2 0.960826 0.68093 0.0769506 0.0756171 0.706397
1 0.323522 0.299608 0.0746161 0.0741868 0.706359
2 0.609399 0.978949 0.0698524 0.0421019 0.706109
1 0.618666 0.784714 0.0731005 0.0726437 0.704841
2 0.264063 0.563724 0.0751376 0.0750889 0.702089
2 0.193396 0.666935 0.0771072 0.0765772 0.70118
2 0.0746433 0.0776015 0.0748783 0.0743479 0.699297
2 0.883821 0.963694 0.071291 0.0702343 0.698872
1 0.340592 0.971722 0.0727406 0.0565556 0.696005
1 0.0203518 0.271938 0.0407036 0.0718132 0.695752
2 0.21148 0.059357 0.0744876 0.0756111 0.693249
2 0.0239371 0.887775 0.047871 0.0743238 0.69114
0 0.405515 0.219716 0.0755752 0.0756264 0.690915
2 0.66444 0.809626 0.0734491 0.0732 0.69061
0 0.0205376 0.587309 0.0410752 0.0703596 0.685299
2 0.444136 0.884813 0.0727575 0.0729324 0.684891
1 0.757479 0.868333 0.0734156 0.0742193 0.68467
2 0.949076 0.418826 0.0742569 0.0750801 0.684067
2 0.0385588 0.666981 0.0756512 0.077549 0.683957
2 0.407876 0.893394 0.0734879 0.0737724 0.683698
1 0.745177 0.595144 0.0759604 0.0756651 0.683508
2 0.61462 0.445559 0.0738351 0.0746864 0.683145
2 0.907363 0.670359 0.0752888 0.0750951 0.682544
2 0.62656 0.105595 0.0765556 0.0760697 0.681414
2 0.52352 0.5094 0.0759968 0.0756446 0.681369
2 0.644243 0.0249044 0.0740599 0.0497468 0.681346
2 0.550051 0.590047 0.0746138 0.0742847 0.681131
1 0.596194 0.549213 0.0736533 0.0729675 0.680304
2 0.664112 0.980589 0.0725074 0.0387264 0.676013
2 0.0328921 0.440168 0.0656087 0.0728821 0.674458
2 0.959834 0.332112 0.0724403 0.0759917 0.673047
0 0.416406 0.612217 0.07488 0.0749042 0.672858
1 0.797314 0.0708724 0.0741397 0.074761 0.671639
1 0.502728 0.316697 0.0750433 0.0747904 0.670619
2 0.69297 0.259375 0.073732 0.0738254 0.668833
2 0.516434 0.897546 0.0737682 0.0730917 0.666441
2 0.080388 0.767492 0.0761067 0.0755036 0.664426
1 0.666774 0.0803436 0.0748016 0.074701 0.664227
2 0.218576 0.80083 0.0745747 0.0750605 0.661992
2 0.621448 0.0186066 0.0730753 0.0372132 0.66079
2 0.465514 0.745772 0.075663 0.0754213 0.659884
2 0.0319608 0.305547 0.0639216 0.0726353 0.658746
2 0.867018 0.980924 0.0720484 0.0381516 0.65856
2 0.420655 0.797624 0.073352 0.0730065 0.656871
2 0.243715 0.607221 0.0756372 0.0744103 0.656268
2 0.519897 0.0299699 0.0716805 0.0599397 0.65459
0 0.630501 0.278466 0.0754159 0.0765931 0.653926
1 0.669635 0.965874 0.072628 0.0667526 0.653083
1 0.712499 0.919587 0.0726633 0.0734417 0.652756
2 0.679858 0.438625 0.07581 0.0765617 0.651449
2 0.855502 0.661016 0.0754059 0.0747417 0.651108
1 0.123161 0.366188 0.0741292 0.0741127 0.650187
2 0.355793 0.951496 0.0729937 0.0727392 0.64858
0 0.886968 0.405066 0.0750183 0.0756717 0.644804
2 0.819454 0.257041 0.0749775 0.0745516 0.642531
2 0.195187 0.408805 0.0762861 0.0758221 0.641907
2 0.252618 0.193281 0.0758879 0.0756319 0.638079
2 0.237238 0.887646 0.0739943 0.0738518 0.637871
2 0.708231 0.576006 0.0761606 0.0759116 0.636139
0 0.321167 0.593009 0.0741638 0.0741232 0.635718
1 0.511097 0.615677 0.0717905 0.0712254 0.634749
1 0.977153 0.804961 0.0450502 0.0713469 0.632218
2 0.285624 0.93412 0.0728719 0.0730087 0.627232
2 0.326586 0.932014 0.0739753 0.0734808 0.626582
2 0.856511 0.532307 0.0761696 0.0782801 0.624544
1 0.541445 0.379773 0.0754459 0.0755031 0.618156
1 0.957636 0.512136 0.0727371 0.0727247 0.611896
2 0.517339 0.635089 0.073423 0.0729311 0.611795
1 0.677991 0.0335948 0.0745905 0.0671896 0.61121
2 0.87561 0.702553 0.0779526 0.078091 0.610341
2 0.354458 0.981846 0.0729916 0.0363076 0.609653
0 0.483393 0.54475 0.0737558 0.0741889 0.609478
1 0.877286 0.783189 0.0752056 0.0745831 0.609199
1 0.863786 0.146602 0.0756662 0.0767617 0.60739
1 0.767186 0.568832 0.0742436 0.0746268 0.604536
2 0.405736 0.219985 0.0765565 0.0759396 0.601551
2 0.811009 0.805968 0.0738365 0.0740726 0.601472
2 0.571242 0.0348526 0.075528 0.0692649 0.601166
2 0.0258049 0.69378 0.0516099 0.0764447 0.60043
2 0.877864 0.384699 0.0741566 0.0722836 0.59794
2 0.95184 0.573939 0.0758816 0.0758695 0.597115
2 0.474984 0.29126 0.0750341 0.0748703 0.596525
1 0.899582 0.777448 0.0743278 0.0753754 0.594303
2 0.0306491 0.541311 0.0611044 0.0739838 0.586542
2 0.609375 0.213783 0.0750111 0.0769276 0.5859
2 0.476013 0.514465 0.0739193 0.0736471 0.58565
1 0.899004 0.348636 0.0741611 0.0743436 0.585499
2 0.578181 0.878636 0.0721634 0.0723728 0.585407
1 0.745059 0.973059 0.069651 0.0538826 0.58302
1 0.72805 0.957599 0.0729089 0.0722466 0.582797
0 0.392097 0.509759 0.0758082 0.0762287 0.582492
2 0.042215 0.417962 0.0731135 0.0729538 0.579601
2 0.504141 0.187407 0.0742687 0.0739153 0.57858
2 0.452551 0.0179438 0.0742359 0.0357864 0.578198
1 0.0407367 0.978863 0.0753032 0.0422747 0.577478
0 0.466209 0.610181 0.0737544 0.0735899 0.576003
2 0.0174197 0.777554 0.0348395 0.0748996 0.574988
2 0.0808637 0.717123 0.0746501 0.0743807 0.573543
2 0.966996 0.234137 0.0660078 0.0748644 0.57299
1 0.978487 0.837796 0.0430252 0.0761818 0.570966
1 0.223032 0.896686 0.0739872 0.0740894 0.57041
1 0.968557 0.0588194 0.0628865 0.0694708 0.570336
0 0.0807389 0.768282 0.0764539 0.077273 0.566629
1 0.261367 0.15994 0.0742318 0.0747318 0.563664
2 0.824143 0.379204 0.0740956 0.0735684 0.560585
2 0.0221692 0.0962916 0.0443384 0.0737753 0.560569
2 0.877478 0.621281 0.0758865 0.0765888 0.559345
2 0.973522 0.555661 0.0529552 0.0751324 0.559318
0 0.982544 0.736115 0.0347425 0.0769964 0.558352
0 0.0179851 0.677904 0.035857 0.0753759 0.557953
2 0.735859 0.382544 0.0748486 0.0748271 0.553645
2 0.981028 0.580329 0.0377007 0.0761448 0.553578
2 0.128866 0.212266 0.0739436 0.073501 0.553213
2 0.979552 0.756933 0.0402925 0.0724918 0.552531
2 0.668894 0.681829 0.0761599 0.0762583 0.550217
2 0.876608 0.0227805 0.0706718 0.0454681 0.549952
2 0.800834 0.963896 0.0714558 0.0700382 0.549356
0 0.140682 0.187898 0.0757443 0.0755402 0.547973
2 0.555544 0.972301 0.0718979 0.0553989 0.537328
2 0.330283 0.0203557 0.0719431 0.0407113 0.537285
1 0.382699 0.965688 0.0736602 0.068091 0.535855
2 0.201718 0.208551 0.0758657 0.0764297 0.532752
2 0.125711 0.0333858 0.0737387 0.06627 0.532668
2 0.351795 0.704265 0.075637 0.0746569 0.531322
2 0.794349 0.702282 0.0764082 0.0763072 0.530176
1 0.593781 0.534196 0.0730682 0.0729567 0.529607
0 0.504808 0.480675 0.0762088 0.0761141 0.528071
1 0.402669 0.403358 0.0749901 0.0748231 0.527268
2 0.494734 0.0563297 0.0755523 0.0759521 0.523956
1 0.57401 0.506867 0.0751001 0.0750333 0.51945
1 0.872638 0.83435 0.0734255 0.0734617 0.519057
2 0.442705 0.281161 0.0770105 0.0769258 0.514122
2 0.369625 0.672854 0.0750455 0.0749924 0.513521
1 0.187255 0.915484 0.0748738 0.0751102 0.512971
2 0.746009 0.962412 0.0718923 0.070813 0.512091
2 0.918581 0.72906 0.0750095 0.0741303 0.508532
2 0.456745 0.950191 0.0709431 0.0713007 0.508266
0 0.543944 0.0793781 0.0751903 0.0752144 0.506618
0 0.115729 0.422836 0.0749125 0.0745989 0.504452
1 0.810937 0.757266 0.0756248 0.0758877 0.503655
0 0.296399 0.504872 0.0733471 0.073735 0.503537
2 0.222922 0.249387 0.076216 0.0762197 0.502232
1 0.815053 0.952465 0.0728062 0.0727564 0.930145
0 0.598152 0.630521 0.0740521 0.0741186 0.929979
0 0.476392 0.600839 0.0739489 0.0745758 0.929442
0 0.123187 0.167666 0.0747368 0.0752843 0.928634
0 0.434846 0.0629416 0.0750991 0.0751665 0.927795
0 0.0814602 0.277331 0.0737438 0.0737696 0.926607
2 0.303303 0.604877 0.074735 0.0752247 0.926437
0 0.484619 0.674624 0.0745031 0.075032 0.925953
2 0.726295 0.218386 0.0755808 0.0751988 0.925014
0 0.129436 0.179179 0.0748081 0.0748636 0.924577
0 0.916374 0.426977 0.074424 0.0744999 0.924148
2 0.87918 0.512158 0.0764847 0.0766108 0.923241
2 0.501891 0.661209 0.07358 0.0730734 0.922773
0 0.512703 0.578104 0.0751695 0.0749646 0.922711
0 0.302429 0.583485 0.0748457 0.074568 0.922081
2 0.853905 0.510308 0.0774084 0.0765972 0.921657
0 0.926134 0.4591 0.0746122 0.0746787 0.921409
0 0.130053 0.304942 0.0759745 0.0753216 0.921204
0 0.479874 0.094265 0.075906 0.0753213 0.921155
2 0.68448 0.230805 0.0748973 0.0753486 0.920836
2 0.143934 0.543556 0.0764077 0.076243 0.920255
0 0.85437 0.280276 0.0751472 0.0753173 0.920253
0 0.260846 0.221108 0.0760226 0.0758854 0.920009
2 0.674831 0.417447 0.0760718 0.0757536 0.91953
0 0.269989 0.424808 0.0764315 0.0763829 0.91906
0 0.871638 0.453988 0.0749336 0.0746448 0.919035
2 0.47969 0.328632 0.07643 0.0759858 0.918818
0 0.568066 0.115749 0.0760939 0.0760027 0.918705
2 0.827956 0.481118 0.0754734 0.0751991 0.918618
2 0.799562 0.417418 0.0753047 0.075469 0.918388
2 0.926297 0.276165 0.0769964 0.076959 0.918379
2 0.912652 0.96696 0.0724812 0.0657658 0.917831
2 0.802083 0.431407 0.075828 0.0750267 0.917727
2 0.918923 0.108967 0.0746727 0.0743589 0.917133
2 0.717512 0.204115 0.0742611 0.0745178 0.916824
0 0.0449581 0.619166 0.0759592 0.0759918 0.916819
2 0.39319 0.450897 0.0757688 0.0758992 0.916745
0 0.0735948 0.943659 0.0778644 0.0763098 0.916681
2 0.913341 0.125121 0.0747421 0.0746073 0.916646
0 0.162373 0.0895 0.0755932 0.0752775 0.91642
0 0.103554 0.268331 0.0745503 0.0746357 0.916209
2 0.803363 0.338046 0.0747307 0.0749501 0.916202
2 0.516795 0.115673 0.075516 0.0753619 0.916062
1 0.376734 0.0929997 0.074448 0.0742664 0.915985
0 0.44527 0.244087 0.0764181 0.0757924 0.91565
0 0.17776 0.284143 0.0770328 0.0759114 0.915502
1 0.666234 0.870648 0.0746414 0.0744263 0.915469
2 0.205293 0.106452 0.0751262 0.0748073 0.91546
0 0.747754 0.319571 0.0747341 0.0748266 0.9153
2 0.5906 0.257456 0.0757956 0.0755445 0.915161
2 0.50759 0.365199 0.0745685 0.0742348 0.915039
2 0.768955 0.304686 0.0747228 0.0748825 0.914946
1 0.943962 0.0674871 0.0746014 0.0748012 0.91491
0 0.25325 0.29925 0.0764194 0.0762401 0.914707
2 0.542816 0.9131 0.0729485 0.0721375 0.914701
2 0.401929 0.0818805 0.0749118 0.0745459 0.914596
0 0.211512 0.30248 0.0772132 0.0760215 0.9145
2 0.440573 0.169445 0.0761404 0.0757 0.914172
1 0.224245 0.14581 0.0756783 0.0752732 0.914119
2 0.092048 0.451589 0.0746109 0.0740608 0.914093
0 0.710275 0.135237 0.0755734 0.0751833 0.913795
0 0.135025 0.424141 0.0757104 0.0759789 0.913773
2 0.618787 0.164683 0.0758368 0.075443 0.913717
0 0.327709 0.536061 0.0758677 0.0752632 0.913712
2 0.819945 0.396995 0.0744003 0.0741524 0.91338
2 0.627359 0.236695 0.0768782 0.0772747 0.913366
0 0.283311 0.165815 0.07528 0.0753336 0.913266
2 0.35295 0.691782 0.0755911 0.0753597 0.91325
2 0.548518 0.926606 0.0726425 0.0723412 0.913172
2 0.713774 0.179009 0.075775 0.0758779 0.913042
2 0.791278 0.270479 0.0745728 0.0742947 0.912996
2 0.47785 0.309239 0.0761111 0.0753073 0.912963
2 0.791688 0.237008 0.074673 0.0747389 0.912892
0 0.28451 0.0562392 0.074696 0.0745491 0.912697
0 0.94819 0.599291 0.0751465 0.0754499 0.912681
2 0.0604631 0.710961 0.0770363 0.0764919 0.912615
0 0.166507 0.382778 0.07636 0.0757373 0.912504
2 0.885824 0.61296 0.0776516 0.0773567 0.91237
0 0.297376 0.455502 0.0746641 0.0743816 0.912335
2 0.45822 0.0351948 0.0751907 0.0703896 0.912302
0 0.229619 0.22374 0.0758551 0.0762834 0.912213
0 0.36843 0.673014 0.0755403 0.0754871 0.912004
2 0.91294 0.139788 0.0747753 0.0750242 0.911987
2 0.966747 0.103513 0.0665068 0.0741283 0.911979
2 0.842937 0.959333 0.0731583 0.0724175 0.911975
0 0.034169 0.20215 0.068338 0.0738202 0.911967
1 0.350408 0.571635 0.0753234 0.0751506 0.911797
1 0.530799 0.358764 0.0759897 0.0755337 0.91176
0 0.0500326 0.144821 0.0740774 0.0746897 0.911757
2 0.190092 0.530712 0.0761066 0.0759285 0.911661
2 0.0633794 0.285956 0.0730477 0.0732323 0.911427
1 0.644777 0.666424 0.0756356 0.0757146 0.911258
2 0.587488 0.614745 0.0746307 0.0748508 0.911241
2 0.148502 0.421134 0.0759022 0.0761155 0.911103
2 0.171683 0.0460659 0.0747394 0.0751334 0.910958
0 0.0458087 0.795315 0.0758835 0.0760881 0.910872
0 0.0767783 0.0505621 0.0742436 0.0741153 0.910863
0 0.374957 0.474798 0.0761132 0.0756235 0.910735
0 0.186632 0.258852 0.0768609 0.076279 0.910707
0 0.395553 0.522537 0.0748367 0.0750092 0.910566
0 0.0979172 0.174422 0.0751884 0.0753572 0.910378
2 0.339933 0.676323 0.0754424 0.075741 0.910228
0 0.0410895 0.15685 0.0747601 0.0742356 0.910089
2 0.065944 0.573503 0.0753277 0.0753544 0.909955
0 0.0298896 0.942493 0.0596716 0.0754442 0.909821
0 0.613115 0.620358 0.0750985 0.0749846 0.909816
2 0.544495 0.657241 0.0739838 0.0737892 0.909707
0 0.339174 0.509463 0.076182 0.075872 0.90969
2 0.0293931 0.588063 0.0587317 0.0748077 0.909626
2 0.534288 0.677156 0.07358 0.0732464 0.909621
2 0.444491 0.870072 0.0741121 0.0740135 0.909414
2 0.367551 0.434154 0.075701 0.0749507 0.909375
0 0.0377906 0.856317 0.0738315 0.073852 0.909301
2 0.702753 0.2848 0.0752633 0.0748281 0.909295
2 0.0917864 0.471496 0.0745537 0.0741278 0.909284
0 0.105994 0.0329295 0.074987 0.0658589 0.909207
2 0.931059 0.308048 0.0763454 0.0759788 0.909149
2 0.51246 0.916318 0.0723639 0.0727823 0.909008
2 0.945634 0.3564 0.0753248 0.075405 0.908959
0 0.0349988 0.691351 0.0699977 0.0729523 0.908952
2 0.59616 0.095035 0.075374 0.0753131 0.908929
1 0.51454 0.331168 0.0753029 0.0752213 0.908889
2 0.528957 0.910526 0.0726662 0.0728802 0.908817
0 0.672232 0.250915 0.0761077 0.0761338 0.908759
0 0.108045 0.0554331 0.0753162 0.0750847 0.908725
2 0.663439 0.403267 0.0756227 0.0763016 0.908566
2 0.0682903 0.536332 0.0751363 0.0753526 0.908502
2 0.274958 0.553853 0.075313 0.0748824 0.908408
2 0.0904739 0.614445 0.076915 0.0766728 0.908348
2 0.259317 0.414336 0.076722 0.0767512 0.908228
0 0.283576 0.567671 0.0749602 0.0753992 0.908182
2 0.907595 0.499896 0.0759109 0.076717 0.908155
1 0.631808 0.801597 0.0736399 0.0735525 0.908074
2 0.959806 0.467274 0.0752506 0.0754072 0.907973
0 0.507347 0.543941 0.0737414 0.0740204 0.907886
2 0.625834 0.25116 0.0762716 0.0760049 0.907875
2 0.113939 0.593301 0.0760906 0.075923 0.907689
0 0.309845 0.453554 0.0763146 0.0758678 0.907514
0 0.335164 0.376161 0.0740062 0.0747017 0.907321
2 0.899442 0.141947 0.0754883 0.0756203 0.907278
2 0.693386 0.0754819 0.0750359 0.0751508 0.907244
2 0.379176 0.508264 0.0754745 0.0754955 0.907184
2 0.0531482 0.770356 0.0763247 0.075536 0.907098
1 0.584031 0.946729 0.0725222 0.0725857 0.906756
2 0.126821 0.331357 0.0744813 0.0744157 0.906736
2 0.74125 0.29805 0.0749662 0.0745852 0.906731
2 0.864048 0.247122 0.0754688 0.0753669 0.90667
2 0.943059 0.702042 0.0758701 0.0765446 0.90665
2 0.210493 0.51295 0.0776057 0.0774057 0.906648
0 0.177727 0.442423 0.0770689 0.0764841 0.906625
2 0.843979 0.645589 0.0751503 0.0752165 0.906617
0 0.201215 0.16482 0.0757707 0.0757494 0.906596
0 0.276616 0.321436 0.0758219 0.0748081 0.906517
2 0.931215 0.149402 0.0752296 0.0755657 0.906455
2 0.852532 0.94701 0.0727306 0.0721607 0.906428
0 0.836853 0.257916 0.074374 0.0745386 0.9064
0 0.812974 0.503184 0.0742836 0.0744571 0.906381
0 0.374032 0.557548 0.0754513 0.0754986 0.906379
2 0.246043 0.182962 0.0763899 0.0763154 0.906253
0 0.875048 0.39719 0.0744612 0.0748556 0.906185
0 0.299968 0.62762 0.0756085 0.0750916 0.906112
2 0.617113 0.188123 0.0779552 0.0774806 0.906069
0 0.322297 0.556932 0.0752158 0.0749329 0.906057
2 0.208766 0.118127 0.0742697 0.0740073 0.905958
2 0.531059 0.11948 0.0756586 0.0753419 0.905923
2 0.306304 0.20007 0.0758044 0.0762255 0.905865
2 0.42611 0.104529 0.0751408 0.0752549 0.905829
2 0.309724 0.0899694 0.0747508 0.0745358 0.905806
2 0.698966 0.205642 0.0748538 0.0750626 0.905794
0 0.214511 0.487199 0.0760595 0.0762385 0.905646
0 0.48862 0.563696 0.0749113 0.0755087 0.905633
2 0.902317 0.656853 0.0768543 0.0764779 0.905565
0 0.0896988 0.120866 0.075033 0.0746602 0.905554
0 0.219397 0.179257 0.0756742 0.0761736 0.90549
0 0.279082 0.468924 0.0754454 0.0755184 0.905337
2 0.609873 0.640409 0.0747425 0.0747452 0.90532
0 0.0382225 0.831737 0.075322 0.0758175 0.905311
2 0.455728 0.140715 0.0761549 0.0764513 0.905261
0 0.189663 0.465406 0.0781177 0.0776775 0.905235
2 0.442685 0.617002 0.0745357 0.0744267 0.905139
2 0.932552 0.102343 0.0741337 0.0744106 0.904918
2 0.930256 0.696246 0.0768715 0.0765224 0.904885
0 0.240252 0.525564 0.0754849 0.0757412 0.904854
2 0.594638 0.164069 0.0775354 0.0775696 0.904843
0 0.441856 0.515008 0.0748175 0.0744814 0.904761
2 0.399381 0.0532374 0.0744677 0.0747626 0.904562
0 0.0698582 0.179259 0.0738942 0.0738773 0.904414
2 0.910405 0.402411 0.0737412 0.0739588 0.904289
2 0.59466 0.0659884 0.0757944 0.0762165 0.904257
0 0.0330876 0.127812 0.0661751 0.0747111 0.903989
1 0.393106 0.796548 0.0747752 0.0747519 0.903983
0 0.0393887 0.0599198 0.0752669 0.0747284 0.903831
2 0.728225 0.394619 0.0759369 0.0754206 0.903777
0 0.243438 0.478757 0.0748877 0.0748688 0.903418
1 0.127363 0.844509 0.0763505 0.0759403 0.903365
0 0.0555597 0.529807 0.0740703 0.0735823 0.903361
0 0.233973 0.420767 0.0758353 0.075927 0.903314
0 0.715566 0.383737 0.075495 0.0747927 0.903283
0 0.253078 0.345197 0.0767713 0.0763525 0.903236
2 0.873047 0.265133 0.0758118 0.0757103 0.903233
2 0.55992 0.0516081 0.0760565 0.0753924 0.903122
2 0.590859 0.666246 0.0741759 0.0738041 0.902965
0 0.213396 0.199872 0.0758976 0.0758066 0.902963
1 0.572972 0.358317 0.075939 0.0754856 0.902882
2 0.608209 0.117704 0.076945 0.0767645 0.902816
0 0.367687 0.638024 0.0748138 0.0746379 0.902769
0 0.152236 0.0700253 0.0756979 0.075156 0.902711
2 0.429541 0.130575 0.0753007 0.0750878 0.902672
0 0.722047 0.244076 0.0755636 0.0757196 0.902668
0 0.269597 0.0600062 0.074607 0.0740204 0.90261
2 0.679483 0.28647 0.0755947 0.0754122 0.902559
2 0.854586 0.391412 0.0739973 0.0737453 0.902444
0 0.288874 0.416096 0.0760144 0.0761684 0.902433
2 0.685509 0.399144 0.0751609 0.0748902 0.902413
2 0.602701 0.142249 0.0781498 0.0770542 0.9024
2 0.402708 0.631695 0.0738425 0.0739172 0.902309
2 0.801982 0.321295 0.074899 0.0742604 0.902285
2 0.371237 0.0368885 0.0741063 0.0731095 0.902237
0 0.0376528 0.710211 0.0753055 0.0776278 0.902208
2 0.912036 0.613114 0.0769699 0.0766712 0.902119
2 0.829836 0.353753 0.074444 0.0743437 0.901918
2 0.449261 0.224542 0.0766998 0.076433 0.901789
2 0.0946663 0.299911 0.074506 0.0745533 0.901781
2 0.956678 0.670251 0.0776493 0.0770414 0.901638
2 0.488706 0.925897 0.0718349 0.0716322 0.901637
2 0.087141 0.424884 0.0738754 0.0742185 0.901602
0 0.425226 0.648877 0.0748763 0.074356 0.901583
2 0.846974 0.41419 0.0742252 0.0745519 0.901489
0 0.863938 0.315252 0.0755016 0.0750484 0.901465
1 0.680528 0.775037 0.0756693 0.0760471 0.901411
2 0.655082 0.644539 0.0766657 0.0761909 0.901399
0 0.69904 0.319003 0.0753414 0.0752685 0.90137
2 0.234992 0.383153 0.0759006 0.0757159 0.901351
1 0.333615 0.136629 0.0742671 0.0743308 0.901215
0 0.265686 0.258419 0.0772347 0.0763662 0.901044
2 0.303251 0.653858 0.0757347 0.0758921 0.901005
2 0.893935 0.42136 0.0752342 0.0743105 0.900925
2 0.559407 0.952867 0.0717775 0.0722244 0.900925
1 0.581346 0.411801 0.0759494 0.0762999 0.900907
0 0.365305 0.26363 0.075727 0.076389 0.900888
0 0.220737 0.270784 0.0759744 0.0764647 0.900731
2 0.760766 0.339691 0.0740253 0.0738503 0.900716
2 0.446191 0.64423 0.0743551 0.0751612 0.900621
2 0.084648 0.508078 0.0730815 0.0742244 0.900568
2 0.941566 0.899443 0.0742622 0.0740356 0.900496
2 0.872115 0.942141 0.0720203 0.0723099 0.900073
2 0.448074 0.0813401 0.0755444 0.0754243 0.899971
0 0.139174 0.0353878 0.0741976 0.0700163 0.899951
2 0.472246 0.576281 0.0750301 0.0749891 0.89987
0 0.3742 0.605425 0.0751643 0.0751356 0.899718
2 0.423536 0.958023 0.0731558 0.0736362 0.899702
0 0.255575 0.371462 0.0755816 0.0750597 0.899701
2 0.683631 0.156419 0.0759497 0.0758734 0.899619
2 0.203083 0.361627 0.0755908 0.0754562 0.899605
0 0.172894 0.0742966 0.0752131 0.0747695 0.899501
0 0.197305 0.087761 0.0749906 0.074745 0.899477
2 0.14022 0.520754 0.0774919 0.0764175 0.899418
1 0.183746 0.945593 0.0761355 0.0763367 0.899404
2 0.928046 0.403683 0.0750992 0.075003 0.898989
0 0.293695 0.488808 0.0750502 0.0749775 0.898972
2 0.481109 0.0371522 0.0764378 0.0737313 0.898964
1 0.0493045 0.749623 0.0760275 0.0765282 0.898842
1 0.948896 0.850211 0.0751225 0.0751156 0.898758
2 0.89245 0.132257 0.0756588 0.0758562 0.898729
2 0.301027 0.902929 0.0736964 0.0740404 0.898594
1 0.646867 0.843712 0.0736437 0.0736311 0.898548
0 0.312761 0.486812 0.0753202 0.0747763 0.898455
1 0.555945 0.245251 0.0757406 0.0753279 0.898359
1 0.703429 0.799485 0.0756105 0.0750591 0.898312
2 0.167398 0.218898 0.0760119 0.0760813 0.89827
0 0.0470713 0.0910701 0.0753513 0.0755652 0.898183
2 0.0661982 0.263627 0.0735114 0.0734433 0.898177
0 0.0834447 0.0895434 0.0750576 0.0747015 0.898119
2 0.128404 0.259434 0.0758391 0.0757142 0.898101
1 0.549167 0.613504 0.0733231 0.0735538 0.898004
2 0.697921 0.334493 0.0761435 0.0756731 0.897959
0 0.454361 0.533335 0.0745987 0.0743692 0.897919
1 0.506864 0.675861 0.0740751 0.074136 0.897917
1 0.669201 0.914024 0.0746804 0.0740192 0.897847
2 0.482413 0.692622 0.0753042 0.0755222 0.897833
2 0.358562 0.849149 0.073448 0.073847 0.897769
2 0.722547 0.428858 0.0761196 0.0764411 0.897602
0 0.193009 0.174809 0.075016 0.07553 0.897489
2 0.771992 0.665626 0.0751677 0.0745993 0.897415
2 0.429347 0.498057 0.075275 0.0749352 0.897289
0 0.356106 0.536662 0.0766765 0.0761862 0.897214
2 0.974226 0.468264 0.0515478 0.0716878 0.897163
2 0.406652 0.18633 0.0759279 0.0763039 0.897148
0 0.2 0.494989 0.0771123 0.0766637 0.896938
0 0.47424 0.555832 0.0740495 0.0744684 0.896839
2 0.91905 0.978365 0.0721348 0.0432703 0.896794
2 0.964781 0.295115 0.0704384 0.075932 0.896667
2 0.543637 0.941319 0.0735219 0.0730957 0.896493
2 0.326511 0.954198 0.0735176 0.0743679 0.89648
1 0.648338 0.53639 0.0753017 0.074857 0.896259
2 0.164622 0.624854 0.0765343 0.0768005 0.896227
2 0.871511 0.0356802 0.0752623 0.0713604 0.896199
0 0.0832905 0.103793 0.0755617 0.0749791 0.895709
2 0.922845 0.0905103 0.0744061 0.0740781 0.895534
2 0.296707 0.352809 0.0747157 0.0751606 0.89544
0 0.114514 0.892701 0.0763503 0.0757698 0.895425
2 0.627803 0.310593 0.0758254 0.0752041 0.8953
2 0.695196 0.245564 0.0753473 0.0752691 0.895293
2 0.074172 0.30707 0.0741711 0.0747121 0.895286
0 0.62818 0.296797 0.076019 0.0757678 0.894924
2 0.0794638 0.229209 0.0735021 0.0730186 0.89475
1 0.662105 0.556087 0.0761206 0.075568 0.894747
2 0.758924 0.395136 0.0763857 0.0759356 0.89473
2 0.88842 0.243309 0.0754667 0.0748978 0.894655
2 0.45697 0.895139 0.0728594 0.0728542 0.894625
2 0.0330922 0.558081 0.0661836 0.0718954 0.894436
0 0.190196 0.597389 0.0761401 0.0762131 0.894409
0 0.110098 0.943405 0.0774078 0.0764215 0.894407
2 0.359354 0.47705 0.0757688 0.0762917 0.894263
2 0.346935 0.496066 0.0760808 0.0760395 0.894125
2 0.34362 0.956884 0.074105 0.0744244 0.893892
2 0.431179 0.549942 0.0737105 0.074053 0.893743
2 0.767529 0.283862 0.0749609 0.0742915 0.893703
1 0.618968 0.671252 0.0748905 0.074652 0.893587
0 0.927879 0.368062 0.0752178 0.075477 0.893546
2 0.732575 0.0324133 0.0758372 0.0647076 0.893348
2 0.499671 0.598464 0.0737764 0.0741729 0.893004
2 0.943568 0.965344 0.0732853 0.0684452 0.892941
2 0.507285 0.504974 0.0756203 0.0755369 0.892925
1 0.853893 0.909449 0.0737736 0.0738808 0.892842
2 0.142499 0.168971 0.0760321 0.0755821 0.892804
2 0.957839 0.410011 0.0759762 0.0754844 0.89278
0 0.0413074 0.174531 0.0746565 0.0738435 0.892697
1 0.71351 0.74515 0.0759666 0.0754868 0.892612
2 0.0709508 0.734651 0.0764052 0.076355 0.89256
1 0.739479 0.496562 0.0770947 0.0766956 0.892542
2 0.776988 0.277055 0.0733891 0.0742825 0.892474
2 0.344295 0.435074 0.0760726 0.0763931 0.892433
1 0.626045 0.570744 0.0745268 0.0746332 0.892327
0 0.0526161 0.119281 0.07479 0.0743305 0.892251
1 0.0554018 0.346937 0.0734663 0.0730701 0.892187
2 0.735264 0.130887 0.0762392 0.0756299 0.89212
0 0.970463 0.427187 0.0590749 0.074282 0.892021
2 0.143834 0.869281 0.0750809 0.074946 0.891947
1 0.591396 0.68842 0.074378 0.0735535 0.89173
2 0.575442 0.179722 0.0767955 0.0759682 0.891452
2 0.95368 0.119119 0.0746078 0.0746669 0.891168
1 0.101071 0.523571 0.0751085 0.0752865 0.891086
2 0.81528 0.272635 0.0741766 0.0743575 0.890986
1 0.546555 0.342405 0.0758348 0.0751459 0.890909
1 0.0301172 0.397641 0.0602344 0.0734627 0.890715
2 0.953472 0.147553 0.0752926 0.075102 0.890625
1 0.622788 0.393277 0.0760036 0.0765094 0.890624
2 0.416838 0.518957 0.074332 0.0744143 0.890184
2 0.958857 0.708443 0.0771116 0.0766077 0.890172
1 0.83103 0.099789 0.0762592 0.0769367 0.890153
2 0.287574 0.0351015 0.0742903 0.0700245 0.889988
2 0.319389 0.635504 0.0759078 0.0758558 0.889749
0 0.777954 0.362768 0.0748684 0.0743954 0.889723
1 0.645153 0.369709 0.076313 0.0761204 0.88969
2 0.15438 0.23584 0.0745084 0.0745687 0.889635
2 0.420644 0.0287532 0.0745687 0.0570831 0.889514
2 0.517507 0.656617 0.0737298 0.0737659 0.889492
1 0.74089 0.546007 0.0753969 0.0747664 0.889378
2 0.270272 0.649896 0.0756652 0.0755522 0.889195
2 0.771514 0.623984 0.0744273 0.0752026 0.889172
2 0.578439 0.455338 0.0760731 0.0755014 0.889157
2 0.606797 0.0478007 0.075666 0.0761907 0.889132
1 0.925936 0.828576 0.0757179 0.0755336 0.888841
2 0.855594 0.967224 0.0727306 0.0655529 0.888803
2 0.559031 0.898222 0.0713919 0.0719383 0.888775
0 0.40541 0.58074 0.0736489 0.0740963 0.888648
2 0.898821 0.630447 0.0772667 0.0763966 0.888595
1 0.592842 0.882762 0.0732458 0.0733274 0.888451
1 0.722757 0.523426 0.076076 0.0759998 0.888359
0 0.84441 0.436066 0.074741 0.0745531 0.888191
1 0.603156 0.380481 0.077058 0.0773594 0.888084
2 0.355936 0.0370013 0.0740657 0.0729261 0.887859
0 0.280978 0.594673 0.0755062 0.0753427 0.887793
2 0.754338 0.383398 0.0745122 0.0743046 0.887778
2 0.0302944 0.842585 0.0605888 0.0765671 0.887737
2 0.142126 0.781023 0.0769135 0.0768175 0.887635
2 0.0557901 0.383406 0.0738837 0.0739335 0.887623
2 0.0513337 0.24931 0.0728936 0.0729332 0.887621
1 0.65236 0.739223 0.0746406 0.0740908 0.887462
1 0.331617 0.323062 0.0758551 0.0753682 0.887342
1 0.203439 0.55686 0.0758103 0.0750332 0.886878
1 0.388144 0.705675 0.0754514 0.0749704 0.886799
2 0.375144 0.207479 0.0749657 0.0752858 0.88667
0 0.244144 0.237113 0.0748599 0.0744302 0.886636
2 0.718754 0.347754 0.0755681 0.0756651 0.886391
0 0.823627 0.641651 0.0743078 0.0748227 0.886238
2 0.915876 0.268187 0.0763752 0.0760451 0.886012
2 0.500888 0.151439 0.0753327 0.0757752 0.885975
2 0.955095 0.971779 0.0744053 0.0563675 0.885894
1 0.779502 0.0434958 0.0746543 0.0748043 0.885431
2 0.363002 0.189207 0.0750135 0.0753501 0.885321
2 0.23284 0.0624872 0.0759669 0.0757765 0.885206
2 0.488983 0.612217 0.073294 0.0729795 0.885123
1 0.590286 0.74932 0.0745503 0.0735523 0.885072
0 0.0590513 0.0259668 0.0728545 0.0512274 0.884791
1 0.79672 0.546201 0.0755688 0.0751275 0.884573
0 0.23245 0.351719 0.0762154 0.0761133 0.884453
0 0.274115 0.407499 0.0752216 0.0753306 0.884371
1 0.691854 0.0564477 0.0762504 0.0757954 0.884158
1 0.313806 0.728788 0.0764063 0.0762819 0.883446
2 0.162404 0.591758 0.0766404 0.0769997 0.883343
0 0.0969865 0.0776786 0.0741878 0.0742509 0.883287
1 0.424163 0.844666 0.0728352 0.073011 0.883021
2 0.288773 0.872774 0.0754607 0.0752018 0.882962
2 0.795058 0.38384 0.0749428 0.0754991 0.882769
2 0.237871 0.320488 0.0769374 0.0767055 0.88263
2 0.467407 0.910861 0.0717592 0.0714031 0.882451
2 0.619818 0.0566589 0.076619 0.0768492 0.882275
1 0.792642 0.0322208 0.0762663 0.0643573 0.882191
1 0.360617 0.300832 0.0753771 0.0757298 0.882043
2 0.59558 0.827662 0.0731331 0.0726879 0.881992
2 0.33339 0.210542 0.0744904 0.0742621 0.881977
1 0.634816 0.932974 0.072921 0.0735695 0.881749
2 0.0285374 0.422443 0.0568867 0.0721316 0.881722
2 0.533847 0.920863 0.0720991 0.0723839 0.881405
0 0.466137 0.522153 0.0741678 0.0738953 0.881245
2 0.150186 0.667781 0.0764426 0.0762156 0.880953
0 0.162069 0.0210761 0.0739119 0.0418709 0.880782
2 0.692127 0.447435 0.0756814 0.0756573 0.880657
2 0.924167 0.682073 0.0773994 0.0762442 0.880582
2 0.45227 0.345095 0.0766178 0.0758958 0.880473
0 0.19644 0.0265381 0.0739445 0.0529707 0.880059
1 0.611042 0.874476 0.0721367 0.0725761 0.879965
2 0.808665 0.47882 0.0739248 0.0741941 0.87995
2 0.524458 0.148928 0.0754871 0.0757411 0.879935
2 0.718569 0.03082 0.0752075 0.06127 0.879796
0 0.196995 0.0675238 0.0748608 0.0746917 0.87968
1 0.651256 0.882646 0.0752741 0.0748096 0.879342
1 0.604667 0.341591 0.0753006 0.0749884 0.879316
1 0.952378 0.0479296 0.0753559 0.0749189 0.878801
0 0.0211864 0.0671479 0.0421806 0.0735747 0.878687
2 0.947431 0.73338 0.0778496 0.0772963 0.878643
1 0.775675 0.515711 0.074819 0.0744388 0.878394
2 0.19756 0.33565 0.077428 0.0773125 0.878374
0 0.0869123 0.0254544 0.0745852 0.0509066 0.878253
1 0.905232 0.815109 0.0745594 0.0739845 0.87809
2 0.0319366 0.790691 0.0638732 0.0728261 0.877774
2 0.564011 0.83063 0.0735966 0.0734177 0.877501
2 0.292403 0.229857 0.076412 0.076403 0.877135
2 0.0878469 0.817839 0.0782329 0.077475 0.877094
1 0.880137 0.891246 0.0734095 0.0733145 0.877027
2 0.545571 0.965137 0.0728987 0.0695761 0.876978
2 0.894399 0.968122 0.0717592 0.0637562 0.876829
2 0.733548 0.330524 0.0748988 0.0746888 0.876332
2 0.235918 0.11135 0.0760204 0.075914 0.876291
2 0.852955 0.233809 0.0748615 0.0746957 0.876213
2 0.690343 0.352757 0.0751692 0.07475 0.875997
2 0.425615 0.155963 0.0766704 0.0760366 0.875952
2 0.768314 0.827078 0.0748769 0.074691 0.875522
2 0.901995 0.113231 0.0742878 0.0745553 0.874377
2 0.336844 0.223988 0.0755286 0.0752392 0.874303
2 0.386242 0.634134 0.0744581 0.0749914 0.873852
2 0.739368 0.222862 0.0756706 0.0760621 0.873779
2 0.843764 0.450882 0.0746708 0.0740147 0.873687
1 0.65653 0.0468423 0.0749788 0.0749673 0.873202
2 0.83049 0.928373 0.0744902 0.073712 0.872875
2 0.126239 0.966903 0.0749404 0.0661943 0.872683
2 0.38474 0.0334814 0.0731799 0.0669627 0.87241
2 0.250815 0.257965 0.0767974 0.077159 0.872043
2 0.969683 0.582357 0.060635 0.0759782 0.872026
0 0.775532 0.344863 0.0748525 0.0743677 0.871966
2 0.532071 0.105485 0.075529 0.0752403 0.871843
2 0.836175 0.56929 0.0765802 0.0761988 0.871807
0 0.974347 0.287244 0.0513063 0.0763263 0.871519
2 0.657908 0.428009 0.0755394 0.0749384 0.870866
0 0.9701 0.328809 0.0597993 0.0750414 0.870813
1 0.600855 0.801964 0.0741797 0.0732613 0.870577
0 0.0628253 0.849337 0.0782833 0.0776764 0.870225
2 0.0736872 0.395452 0.0742717 0.0740314 0.869974
2 0.136383 0.687764 0.0754821 0.075341 0.869212
1 0.10719 0.496457 0.0747158 0.0754054 0.868768
1 0.670146 0.949175 0.0739031 0.07341 0.868746
0 0.250866 0.397691 0.0761713 0.0751857 0.868371
2 0.413505 0.946597 0.0730746 0.0727131 0.868217
2 0.797608 0.647677 0.0750416 0.0750189 0.868177
1 0.0315514 0.027057 0.0631029 0.0541141 0.868172
1 0.717895 0.822513 0.07544 0.074888 0.86797
2 0.338217 0.248378 0.0745982 0.0748565 0.867652
1 0.968743 0.505326 0.0625135 0.0760997 0.867458
2 0.607531 0.0237489 0.0754887 0.0472996 0.867373
2 0.725657 0.60732 0.076059 0.0759176 0.86721
2 0.0325532 0.616992 0.0651064 0.0725817 0.867174
2 0.0845494 0.92198 0.0768748 0.0770798 0.866362
2 0.534949 0.578196 0.0749706 0.0747083 0.865778
2 0.41256 0.471115 0.0757113 0.0752733 0.865763
2 0.567908 0.843905 0.0734691 0.0723961 0.865634
2 0.150768 0.728184 0.0763333 0.0763025 0.865223
1 0.0528273 0.441942 0.0728895 0.07333 0.8651
2 0.252259 0.224442 0.0749949 0.0756917 0.864917
0 0.747019 0.179851 0.0748809 0.0750527 0.864653
2 0.335968 0.822263 0.074012 0.0734461 0.864642
1 0.63593 0.0388531 0.0760815 0.075356 0.864616
2 0.808924 0.700646 0.0779491 0.078529 0.864598
2 0.707989 0.0219567 0.0752031 0.043828 0.864588
2 0.929069 0.445448 0.0753342 0.0749456 0.863878
2 0.204621 0.676731 0.0762101 0.0763665 0.863811
2 0.936228 0.980628 0.0733652 0.0387434 0.863663
2 0.28688 0.889583 0.0753702 0.0751425 0.862913
1 0.540644 0.266388 0.0756495 0.0753636 0.862812
1 0.17921 0.969017 0.0741566 0.0619663 0.86231
2 0.417298 0.679797 0.0741223 0.0749847 0.86222
1 0.140485 0.382359 0.0749474 0.074858 0.861747
0 0.278828 0.580179 0.0754585 0.0756127 0.86133
0 0.303658 0.443048 0.0766642 0.0762417 0.861054
2 0.720336 0.454979 0.0757613 0.075234 0.8608
0 0.268833 0.629891 0.0751835 0.0748607 0.860731
0 0.0262415 0.661413 0.052483 0.0763212 0.860183
2 0.0584895 0.39855 0.0730245 0.0723681 0.86011
1 0.640539 0.715631 0.0751741 0.0750923 0.859789
0 0.405973 0.246642 0.0751274 0.0758512 0.859712
2 0.930923 0.924331 0.0735939 0.0736801 0.859396
2 0.0466815 0.295425 0.0730574 0.0738206 0.857222
2 0.961272 0.365533 0.0753334 0.0756587 0.857065
2 0.336225 0.945411 0.0734612 0.073325 0.856334
2 0.850412 0.523569 0.0770412 0.076581 0.856323
2 0.78052 0.637579 0.0745432 0.074279 0.856293
2 0.0861803 0.370111 0.0721396 0.0729899 0.856246
2 0.083762 0.584049 0.0757625 0.0759327 0.855752
0 0.429893 0.617877 0.0735563 0.0736513 0.855398
2 0.829475 0.157433 0.0755764 0.0750726 0.855267
0 0.189639 0.0331994 0.0746003 0.0657509 0.854797
0 0.0416346 0.810924 0.0766158 0.0763418 0.854184
1 0.784625 0.97761 0.0726445 0.0447798 0.853877
2 0.977275 0.268626 0.0454498 0.0761581 0.853562
2 0.687124 0.972767 0.071495 0.0541435 0.853369
1 0.0394481 0.321518 0.072488 0.0736146 0.852844
2 0.798493 0.485269 0.0742329 0.0741529 0.852713
2 0.441967 0.336612 0.0762935 0.0762794 0.852512
2 0.693063 0.471605 0.0759265 0.0763284 0.85247
2 0.564513 0.218788 0.0751341 0.0754175 0.852303
1 0.632657 0.885937 0.0737146 0.0733503 0.852165
1 0.737544 0.0960986 0.0762065 0.0758876 0.851986
1 0.913232 0.876387 0.0743742 0.073444 0.851714
2 0.410259 0.0700151 0.0749432 0.0746989 0.85158
2 0.965086 0.153922 0.0698277 0.0746299 0.851354
2 0.183245 0.316502 0.0754022 0.0750756 0.851235
2 0.466617 0.884072 0.0725386 0.072563 0.850776
2 0.294565 0.0919572 0.0745829 0.0750871 0.850426
2 0.47442 0.0304344 0.0749935 0.0608687 0.850404
2 0.491549 0.495409 0.0743513 0.074111 0.850063
2 0.789084 0.820307 0.0737316 0.0742547 0.84902
2 0.293291 0.972012 0.0741569 0.0554997 0.848944
0 0.626993 0.478297 0.0739326 0.0736549 0.84875
2 0.45388 0.580554 0.0746606 0.0749195 0.848241
1 0.740456 0.844305 0.0743921 0.0748623 0.847657
2 0.776817 0.467602 0.0761127 0.0757024 0.847193
0 0.10519 0.0700958 0.0727463 0.073008 0.847018
1 0.898242 0.06165 0.0754257 0.0752721 0.846873
2 0.112399 0.810064 0.0788939 0.0788528 0.846853
0 0.793363 0.252657 0.0742021 0.0741472 0.846633
2 0.754691 0.227679 0.0749176 0.07515 0.845403
2 0.79519 0.282818 0.0740038 0.0743628 0.845124
2 0.596755 0.184889 0.0765092 0.0768162 0.844668
1 0.0340932 0.372092 0.068035 0.0734022 0.844531
2 0.975033 0.385552 0.0499348 0.0758327 0.844516
0 0.226436 0.254646 0.07666 0.0764296 0.844276
2 0.863843 0.654649 0.0752769 0.0750959 0.844192
2 0.731936 0.268746 0.0754282 0.0748514 0.843863
0 0.817051 0.631267 0.0744651 0.0741967 0.843808
2 0.63418 0.128937 0.0766842 0.0762286 0.843573
2 0.597104 0.446416 0.0767471 0.0765821 0.843405
2 0.0902525 0.327366 0.0738283 0.0733003 0.84338
2 0.926027 0.667045 0.076656 0.0768293 0.84318
2 0.30701 0.0668506 0.0747883 0.0749027 0.842767
2 0.428811 0.700576 0.0739116 0.0742668 0.842576
2 0.170478 0.408093 0.075797 0.0759838 0.842043
2 0.606446 0.835622 0.0721563 0.0722504 0.841903
1 0.943908 0.802199 0.0765614 0.0764389 0.841389
2 0.977006 0.242508 0.04576 0.075389 0.841331
1 0.935704 0.769214 0.0773632 0.0765031 0.841202
2 0.612842 0.820697 0.0730967 0.0734566 0.841114
2 0.315821 0.973165 0.0737187 0.0535774 0.840601
0 0.24784 0.588277 0.0745205 0.0741117 0.839339
2 0.508794 0.963845 0.0700453 0.0698704 0.83844
0 0.0554928 0.0421982 0.0747956 0.0729583 0.837558
1 0.612124 0.928409 0.0725168 0.072468 0.837132
2 0.881448 0.949923 0.0723652 0.07131 0.836379
0 0.179439 0.17679 0.0748878 0.0744781 0.836188
2 0.118446 0.874785 0.0761299 0.0763668 0.835539
2 0.0840523 0.494655 0.0741939 0.0734329 0.835079
1 0.12048 0.744137 0.0754177 0.0761177 0.834904
2 0.392466 0.691467 0.0749473 0.0749752 0.834839
1 0.619015 0.533957 0.0741947 0.0739689 0.833765
2 0.941479 0.155383 0.0754883 0.07548 0.832326
0 0.016273 0.0265998 0.032546 0.0526569 0.83189
2 0.842261 0.607927 0.0763382 0.0755871 0.831565
2 0.681939 0.131386 0.0741894 0.0750348 0.831125
1 0.502733 0.22278 0.0757892 0.0757256 0.831066
0 0.191371 0.629012 0.0762449 0.076634 0.830162
1 0.344914 0.346607 0.0763379 0.076051 0.830056
2 0.0405887 0.467602 0.0726737 0.0726582 0.829775
1 0.130387 0.808729 0.0767283 0.0774745 0.828781
0 0.707217 0.310192 0.0751405 0.0751055 0.827297
2 0.870606 0.594776 0.0758822 0.0763536 0.82637
2 0.847878 0.674459 0.0787647 0.0786955 0.826201
2 0.848505 0.974341 0.071784 0.0513172 0.825204
1 0.760061 0.0936125 0.0782471 0.0770442 0.824735
2 0.193275 0.222744 0.075487 0.0751853 0.824512
2 0.980042 0.378725 0.0399162 0.0779447 0.822986
2 0.90575 0.0233663 0.0740196 0.0465111 0.822818
0 0.149481 0.118378 0.0738403 0.0737718 0.821789
2 0.345535 0.474013 0.0758572 0.0762356 0.821515
2 0.119946 0.703905 0.0758777 0.0763971 0.820752
0 0.337988 0.624641 0.0747838 0.0741751 0.820452
2 0.972527 0.743352 0.0545597 0.077375 0.819916
2 0.0217314 0.523142 0.0434629 0.0736288 0.819705
1 0.635771 0.553281 0.0747652 0.074449 0.818821
1 0.858252 0.764857 0.0751356 0.0759213 0.818659
2 0.0498508 0.228546 0.0724325 0.0732496 0.818332
0 0.330844 0.608574 0.0749867 0.0747228 0.817966
2 0.520482 0.411377 0.0764988 0.0769935 0.817818
2 0.974444 0.0989146 0.0510271 0.0740953 0.817349
2 0.267312 0.0896411 0.0759616 0.0760537 0.816777
2 0.0182083 0.95885 0.0364165 0.0737541 0.816655
2 0.354757 0.255018 0.0753696 0.0756094 0.816515
2 0.616768 0.430368 0.0753038 0.0752991 0.815001
2 0.168911 0.654111 0.0763806 0.0761324 0.81482
2 0.643566 0.975512 0.0727856 0.0484135 0.813935
0 0.0199691 0.797674 0.0399382 0.0740595 0.813277
0 0.735262 0.383162 0.0750609 0.0753505 0.813221
2 0.535703 0.981168 0.0715096 0.0376642 0.811399
1 0.720552 0.0598606 0.076482 0.0767811 0.811059
0 0.022323 0.809759 0.044646 0.0758741 0.809856
1 0.24178 0.910667 0.074418 0.0741648 0.809352
0 0.218685 0.46165 0.0763076 0.0769155 0.808515
2 0.355998 0.380476 0.0747198 0.0751238 0.806804
2 0.966005 0.951257 0.0679901 0.0717651 0.806537
2 0.546884 0.163091 0.0749876 0.0757898 0.805372
1 0.898163 0.842197 0.074287 0.073797 0.805268
0 0.131407 0.226878 0.0747587 0.0743894 0.805213
0 0.120306 0.065381 0.0737729 0.0742675 0.804401
1 0.660215 0.58483 0.0757587 0.0768324 0.804248
0 0.268886 0.0476008 0.074351 0.0729664 0.803438
0 0.292166 0.0238991 0.0744588 0.0476877 0.802586
2 0.824419 0.231133 0.0741425 0.073971 0.802537
0 0.125414 0.902014 0.0769919 0.0764946 0.801792
1 0.529223 0.212198 0.0748198 0.0745943 0.801597
0 0.175351 0.42187 0.0750682 0.0752089 0.80134
2 0.14967 0.698267 0.0766365 0.0771023 0.800632
2 0.601333 0.0813272 0.075775 0.0752336 0.800511
0 0.269363 0.337585 0.0764142 0.0768869 0.798914
2 0.28155 0.774741 0.0750927 0.0761507 0.797984
2 0.712925 0.587311 0.0768534 0.0765557 0.796813
2 0.380011 0.826232 0.0742501 0.074682 0.796006
2 0.0460066 0.399779 0.0727366 0.0732164 0.795709
2 0.204413 0.851859 0.0751666 0.0753983 0.79545
0 0.809965 0.622497 0.0740521 0.0741432 0.79528
2 0.0980259 0.973044 0.0773533 0.0537371 0.794758
2 0.907915 0.981477 0.0714172 0.0370461 0.794508
2 0.523814 0.955941 0.0714313 0.0724949 0.794492
2 0.171919 0.260951 0.0758058 0.076419 0.794437
1 0.363517 0.059828 0.0737474 0.074024 0.794325
2 0.888113 0.0274268 0.0744089 0.0546587 0.793204
2 0.795215 0.44553 0.0746077 0.0752397 0.790634
0 0.307652 0.61643 0.0753281 0.0755817 0.789103
2 0.0727262 0.252308 0.0735023 0.0746539 0.788175
2 0.483471 0.523682 0.0753878 0.0751428 0.787811
1 0.968182 0.910606 0.0636366 0.0737347 0.786388
2 0.181802 0.691202 0.077077 0.0775333 0.785486
1 0.792338 0.895069 0.074895 0.0748884 0.78528
2 0.343042 0.853117 0.0739376 0.0740093 0.784984
2 0.0758736 0.434295 0.0723168 0.0733387 0.784797
2 0.97952 0.670698 0.0405226 0.0775003 0.78436
2 0.386849 0.259806 0.0753595 0.0754861 0.784222
2 0.806637 0.451626 0.0759228 0.07561 0.78394
2 0.0291096 0.721987 0.0582192 0.0771135 0.783275
2 0.165379 0.921691 0.0754111 0.075053 0.782624
0 0.315074 0.0278161 0.0745631 0.0556322 0.780952
2 0.978381 0.695536 0.0424728 0.07258 0.779384
2 0.749212 0.6876 0.0762484 0.0765589 0.775704
2 0.301684 0.951729 0.0740403 0.0743183 0.775495
2 0.779817 0.839528 0.0745469 0.0744648 0.775354
2 0.900079 0.941688 0.0718014 0.071373 0.77364
0 0.347056 0.524697 0.0755985 0.0753787 0.772534
1 0.422511 0.974151 0.0737106 0.0516973 0.772189
2 0.869897 0.436757 0.0747021 0.0747893 0.77192
2 0.474165 0.904106 0.072247 0.0724024 0.770568
2 0.542888 0.432898 0.0772344 0.0768462 0.770415
2 0.725494 0.018883 0.0745384 0.037766 0.769609
2 0.768937 0.246299 0.0751533 0.0745333 0.768966
0 0.267875 0.209545 0.0760335 0.0763752 0.768188
1 0.339275 0.290533 0.0748328 0.0742422 0.766438
1 0.575367 0.278398 0.0765612 0.0763281 0.76572
2 0.135153 0.736623 0.0770995 0.0768718 0.765109
2 0.981562 0.0795976 0.0367142 0.0744528 0.765065
2 0.101509 0.91011 0.076826 0.0763556 0.76415
2 0.196922 0.129017 0.0746092 0.0749728 0.763841
0 0.0233407 0.645001 0.0466813 0.0752432 0.763257
2 0.943515 0.130461 0.0746853 0.0746344 0.763173
2 0.964891 0.130979 0.0702183 0.0749434 0.762994
2 0.857354 0.0489328 0.0759981 0.0756701 0.761452
2 0.0178862 0.127814 0.0357724 0.0743214 0.760519
2 0.0314036 0.269719 0.0628073 0.072934 0.760091
2 0.981547 0.321138 0.0369059 0.0761976 0.757489
2 0.764913 0.424255 0.0765085 0.0766613 0.756824
2 0.854177 0.8394 0.0741852 0.0738098 0.756285
1 0.746875 0.412194 0.074608 0.0745868 0.756182
1 0.879868 0.869091 0.0729843 0.073066 0.754998
2 0.677378 0.0251396 0.0744549 0.0502062 0.754404
1 0.488304 0.426459 0.0757625 0.0758654 0.751827
2 0.130274 0.408284 0.0761501 0.075899 0.751505
2 0.609811 0.960493 0.0709736 0.0722548 0.751237
1 0.500093 0.264656 0.0756435 0.0754435 0.750225
2 0.243984 0.236748 0.07569 0.075555 0.748881
2 0.815608 0.153643 0.0743212 0.0745288 0.74825
0 0.31136 0.228197 0.0762558 0.0757924 0.747048
0 0.846688 0.358859 0.0730461 0.0737627 0.746364
2 0.259 0.875336 0.0735509 0.0729343 0.74602
2 0.542479 0.840452 0.0733917 0.0726952 0.745001
2 0.379561 0.025612 0.0723432 0.0511516 0.744694
2 0.843581 0.30526 0.0746004 0.074171 0.744206
2 0.868029 0.0551872 0.075798 0.0752152 0.743724
2 0.466086 0.609994 0.0742352 0.0736645 0.742642
2 0.289028 0.791561 0.0746424 0.0744837 0.741713
1 0.0268199 0.342763 0.0532215 0.0734866 0.740754
1 0.980472 0.510605 0.0390563 0.0748604 0.74063
2 0.839131 0.214903 0.0736217 0.0733505 0.740296
0 0.448804 0.698149 0.0736268 0.0737192 0.739329
2 0.274193 0.863403 0.0733505 0.0735498 0.738729
2 0.749163 0.116268 0.0756687 0.0763209 0.738291
2 0.838598 0.691418 0.0802948 0.0795268 0.738
2 0.149047 0.806332 0.0784653 0.0773802 0.737834
2 0.717691 0.637351 0.0764366 0.0767744 0.736603
2 0.543391 0.644243 0.0743137 0.0756434 0.736382
0 0.0178885 0.0576865 0.0357771 0.073716 0.73637
0 0.0984587 0.597107 0.0757951 0.0754156 0.735884
2 0.712637 0.461712 0.0746342 0.0743604 0.735045
2 0.21335 0.858512 0.0746688 0.0751366 0.734973
2 0.0271104 0.292937 0.0538809 0.0730149 0.732862
1 0.825284 0.899733 0.0728708 0.0729567 0.731586
2 0.0525951 0.977652 0.0768154 0.0445976 0.73102
0 0.205552 0.590079 0.0758205 0.0758594 0.728481
0 0.263377 0.584409 0.0743213 0.0755201 0.727901
2 0.682499 0.621065 0.077131 0.0764506 0.727728
0 0.318243 0.472884 0.0756279 0.074908 0.725188
2 0.963439 0.692921 0.073123 0.0766569 0.724849
1 0.63654 0.753587 0.07372 0.0744123 0.723867
1 0.83802 0.788862 0.0737747 0.0755495 0.721698
2 0.881273 0.722161 0.0752861 0.0748787 0.721354
2 0.359491 0.816467 0.0731463 0.0728855 0.720211
1 0.982407 0.969144 0.0345791 0.0617128 0.718419
2 0.655041 0.465886 0.0754894 0.0755737 0.717966
2 0.0321031 0.760783 0.0642062 0.0750285 0.717663
2 0.919847 0.955754 0.0718534 0.0726364 0.7173
1 0.351389 0.0915331 0.0743023 0.0739217 0.715111
2 0.957543 0.900309 0.0741795 0.0731751 0.714337
2 0.165081 0.339075 0.076267 0.0762651 0.714222
0 0.860654 0.492328 0.0758865 0.0751573 0.713547
1 0.500093 0.87202 0.0723032 0.07241 0.7127
2 0.0220246 0.312526 0.0440491 0.0669897 0.710911
2 0.59016 0.478839 0.0740425 0.0738329 0.709473
2 0.26335 0.135641 0.0763564 0.076962 0.70922
1 0.619077 0.723781 0.0742407 0.0738466 0.70789
2 0.0961081 0.672893 0.0758782 0.0756818 0.707652
2 0.657005 0.142421 0.075917 0.0772988 0.706645
2 0.960826 0.68093 0.0769506 0.0756171 0.706397
1 0.323522 0.299608 0.0746161 0.0741868 0.706359
2 0.609399 0.978949 0.0698524 0.0421019 0.706109
1 0.618666 0.784714 0.0731005 0.0726437 0.704841
2 0.264063 0.563724 0.0751376 0.0750889 0.702089
2 0.193396 0.666935 0.0771072 0.0765772 0.70118
2 0.0746433 0.0776015 0.0748783 0.0743479 0.699297
2 0.883821 0.963694 0.071291 0.0702343 0.698872
1 0.340592 0.971722 0.0727406 0.0565556 0.696005
1 0.0203518 0.271938 0.0407036 0.0718132 0.695752
2 0.21148 0.059357 0.0744876 0.0756111 0.693249
2 0.0239371 0.887775 0.047871 0.0743238 0.69114
0 0.405515 0.219716 0.0755752 0.0756264 0.690915
2 0.66444 0.809626 0.0734491 0.0732 0.69061
0 0.0205376 0.587309 0.0410752 0.0703596 0.685299
2 0.444136 0.884813 0.0727575 0.0729324 0.684891
1 0.757479 0.868333 0.0734156 0.0742193 0.68467
2 0.949076 0.418826 0.0742569 0.0750801 0.684067
2 0.0385588 0.666981 0.0756512 0.077549 0.683957
2 0.407876 0.893394 0.0734879 0.0737724 0.683698
1 0.745177 0.595144 0.0759604 0.0756651 0.683508
2 0.61462 0.445559 0.0738351 0.0746864 0.683145
2 0.907363 0.670359 0.0752888 0.0750951 0.682544
2 0.62656 0.105595 0.0765556 0.0760697 0.681414
2 0.52352 0.5094 0.0759968 0.0756446 0.681369
2 0.644243 0.0249044 0.0740599 0.0497468 0.681346
2 0.550051 0.590047 0.0746138 0.0742847 0.681131
1 0.596194 0.549213 0.0736533 0.0729675 0.680304
2 0.664112 0.980589 0.0725074 0.0387264 0.676013
2 0.0328921 0.440168 0.0656087 0.0728821 0.674458
2 0.959834 0.332112 0.0724403 0.0759917 0.673047
0 0.416406 0.612217 0.07488 0.0749042 0.672858
1 0.797314 0.0708724 0.0741397 0.074761 0.671639
1 0.502728 0.316697 0.0750433 0.0747904 0.670619
2 0.69297 0.259375 0.073732 0.0738254 0.668833
2 0.516434 0.897546 0.0737682 0.0730917 0.666441
2 0.080388 0.767492 0.0761067 0.0755036 0.664426
1 0.666774 0.0803436 0.0748016 0.074701 0.664227
2 0.218576 0.80083 0.0745747 0.0750605 0.661992
2 0.621448 0.0186066 0.0730753 0.0372132 0.66079
2 0.465514 0.745772 0.075663 0.0754213 0.659884
2 0.0319608 0.305547 0.0639216 0.0726353 0.658746
2 0.867018 0.980924 0.0720484 0.0381516 0.65856
2 0.420655 0.797624 0.073352 0.0730065 0.656871
2 0.243715 0.607221 0.0756372 0.0744103 0.656268
2 0.519897 0.0299699 0.0716805 0.0599397 0.65459
0 0.630501 0.278466 0.0754159 0.0765931 0.653926
1 0.669635 0.965874 0.072628 0.0667526 0.653083
1 0.712499 0.919587 0.0726633 0.0734417 0.652756
2 0.679858 0.438625 0.07581 0.0765617 0.651449
2 0.855502 0.661016 0.0754059 0.0747417 0.651108
1 0.123161 0.366188 0.0741292 0.0741127 0.650187
2 0.355793 0.951496 0.0729937 0.0727392 0.64858
0 0.886968 0.405066 0.0750183 0.0756717 0.644804
2 0.819454 0.257041 0.0749775 0.0745516 0.642531
2 0.195187 0.408805 0.0762861 0.0758221 0.641907
2 0.252618 0.193281 0.0758879 0.0756319 0.638079
2 0.237238 0.887646 0.0739943 0.0738518 0.637871
2 0.708231 0.576006 0.0761606 0.0759116 0.636139
0 0.321167 0.593009 0.0741638 0.0741232 0.635718
1 0.511097 0.615677 0.0717905 0.0712254 0.634749
1 0.977153 0.804961 0.0450502 0.0713469 0.632218
2 0.285624 0.93412 0.0728719 0.0730087 0.627232
2 0.326586 0.932014 0.0739753 0.0734808 0.626582
2 0.856511 0.532307 0.0761696 0.0782801 0.624544
1 0.541445 0.379773 0.0754459 0.0755031 0.618156
1 0.957636 0.512136 0.0727371 0.0727247 0.611896
2 0.517339 0.635089 0.073423 0.0729311 0.611795
1 0.677991 0.0335948 0.0745905 0.0671896 0.61121
2 0.87561 0.702553 0.0779526 0.078091 0.610341
2 0.354458 0.981846 0.0729916 0.0363076 0.609653
0 0.483393 0.54475 0.0737558 0.0741889 0.609478
1 0.877286 0.783189 0.0752056 0.0745831 0.609199
1 0.863786 0.146602 0.0756662 0.0767617 0.60739
1 0.767186 0.568832 0.0742436 0.0746268 0.604536
2 0.405736 0.219985 0.0765565 0.0759396 0.601551
2 0.811009 0.805968 0.0738365 0.0740726 0.601472
2 0.571242 0.0348526 0.075528 0.0692649 0.601166
2 0.0258049 0.69378 0.0516099 0.0764447 0.60043
2 0.877864 0.384699 0.0741566 0.0722836 0.59794
2 0.95184 0.573939 0.0758816 0.0758695 0.597115
2 0.474984 0.29126 0.0750341 0.0748703 0.596525
1 0.899582 0.777448 0.0743278 0.0753754 0.594303
2 0.0306491 0.541311 0.0611044 0.0739838 0.586542
2 0.609375 0.213783 0.0750111 0.0769276 0.5859
2 0.476013 0.514465 0.0739193 0.0736471 0.58565
1 0.899004 0.348636 0.0741611 0.0743436 0.585499
2 0.578181 0.878636 0.0721634 0.0723728 0.585407
1 0.745059 0.973059 0.069651 0.0538826 0.58302
1 0.72805 0.957599 0.0729089 0.0722466 0.582797
0 0.392097 0.509759 0.0758082 0.0762287 0.582492
2 0.042215 0.417962 0.0731135 0.0729538 0.579601
2 0.504141 0.187407 0.0742687 0.0739153 0.57858
2 0.452551 0.0179438 0.0742359 0.0357864 0.578198
1 0.0407367 0.978863 0.0753032 0.0422747 0.577478
0 0.466209 0.610181 0.0737544 0.0735899 0.576003
2 0.0174197 0.777554 0.0348395 0.0748996 0.574988
2 0.0808637 0.717123 0.0746501 0.0743807 0.573543
2 0.966996 0.234137 0.0660078 0.0748644 0.57299
1 0.978487 0.837796 0.0430252 0.0761818 0.570966
1 0.223032 0.896686 0.0739872 0.0740894 0.57041
1 0.968557 0.0588194 0.0628865 0.0694708 0.570336
0 0.0807389 0.768282 0.0764539 0.077273 0.566629
1 0.261367 0.15994 0.0742318 0.0747318 0.563664
2 0.824143 0.379204 0.0740956 0.0735684 0.560585
2 0.0221692 0.0962916 0.0443384 0.0737753 0.560569
2 0.877478 0.621281 0.0758865 0.0765888 0.559345
2 0.973522 0.555661 0.0529552 0.0751324 0.559318
0 0.982544 0.736115 0.0347425 0.0769964 0.558352
0 0.0179851 0.677904 0.035857 0.0753759 0.557953
2 0.735859 0.382544 0.0748486 0.0748271 0.553645
2 0.981028 0.580329 0.0377007 0.0761448 0.553578
2 0.128866 0.212266 0.0739436 0.073501 0.553213
2 0.979552 0.756933 0.0402925 0.0724918 0.552531
2 0.668894 0.681829 0.0761599 0.0762583 0.550217
2 0.876608 0.0227805 0.0706718 0.0454681 0.549952
2 0.800834 0.963896 0.0714558 0.0700382 0.549356
0 0.140682 0.187898 0.0757443 0.0755402 0.547973
2 0.555544 0.972301 0.0718979 0.0553989 0.537328
2 0.330283 0.0203557 0.0719431 0.0407113 0.537285
1 0.382699 0.965688 0.0736602 0.068091 0.535855
2 0.201718 0.208551 0.0758657 0.0764297 0.532752
2 0.125711 0.0333858 0.0737387 0.06627 0.532668
2 0.351795 0.704265 0.075637 0.0746569 0.531322
2 0.794349 0.702282 0.0764082 0.0763072 0.530176
1 0.593781 0.534196 0.0730682 0.0729567 0.529607
0 0.504808 0.480675 0.0762088 0.0761141 0.528071
1 0.402669 0.403358 0.0749901 0.0748231 0.527268
2 0.494734 0.0563297 0.0755523 0.0759521 0.523956
1 0.57401 0.506867 0.0751001 0.0750333 0.51945
1 0.872638 0.83435 0.0734255 0.0734617 0.519057
2 0.442705 0.281161 0.0770105 0.0769258 0.514122
2 0.369625 0.672854 0.0750455 0.0749924 0.513521
1 0.187255 0.915484 0.0748738 0.0751102 0.512971
2 0.746009 0.962412 0.0718923 0.070813 0.512091
2 0.918581 0.72906 0.0750095 0.0741303 0.508532
2 0.456745 0.950191 0.0709431 0.0713007 0.508266
0 0.543944 0.0793781 0.0751903 0.0752144 0.506618
0 0.115729 0.422836 0.0749125 0.0745989 0.504452
1 0.810937 0.757266 0.0756248 0.0758877 0.503655
0 0.296399 0.504872 0.0733471 0.073735 0.503537
2 0.222922 0.249387 0.076216 0.0762197 0.502232
