1 0.600418 0.278638 0.0686615 0.0695907 0.933229
0 0.340202 0.683283 0.0721685 0.0728327 0.926854
2 0.646649 0.274957 0.0703459 0.0700572 0.923254
0 0.829305 0.0421835 0.0718031 0.0707559 0.923152
0 0.266293 0.556794 0.068921 0.0687195 0.921321
2 0.129143 0.522016 0.0693142 0.0692826 0.921285
0 0.259997 0.628646 0.0686698 0.0692947 0.921153
2 0.952178 0.0573063 0.0749943 0.0742006 0.921117
0 0.124931 0.569034 0.0678954 0.0694668 0.920809
2 0.689267 0.864469 0.0794251 0.07934 0.920587
2 0.0916045 0.678251 0.070486 0.0697903 0.920407
0 0.0515048 0.693789 0.0691497 0.0698776 0.920401
0 0.235354 0.868368 0.0736004 0.0735195 0.920373
0 0.549081 0.298716 0.0692458 0.0692597 0.920256
0 0.431639 0.483384 0.0698613 0.0698511 0.919326
0 0.614942 0.67599 0.0751078 0.0746522 0.917836
2 0.843008 0.501315 0.0747391 0.0737829 0.917682
0 0.246852 0.577376 0.0680222 0.0677677 0.917032
0 0.77497 0.420357 0.0729937 0.0738025 0.91698
0 0.871427 0.627067 0.0762421 0.0762545 0.916705
0 0.880477 0.332041 0.0741421 0.0741105 0.91628
0 0.0881911 0.689615 0.0700295 0.0704557 0.915832
0 0.856617 0.488392 0.0733566 0.0729504 0.91556
0 0.518617 0.17528 0.0703953 0.0695086 0.9155
2 0.534131 0.20554 0.0705238 0.0711803 0.915321
0 0.57363 0.830358 0.0768284 0.0765413 0.915137
0 0.810492 0.389678 0.0726025 0.0720612 0.915065
2 0.668825 0.279742 0.0708075 0.0705462 0.915054
1 0.673027 0.251073 0.0708599 0.0710831 0.914156
0 0.796354 0.479988 0.0739096 0.0736088 0.913818
0 0.761796 0.416893 0.0718369 0.0719822 0.913773
0 0.958265 0.149498 0.0759756 0.0751274 0.913631
0 0.0361605 0.853162 0.072321 0.0743763 0.91351
0 0.0655995 0.585366 0.0694451 0.0695065 0.913421
0 0.343603 0.493609 0.0690305 0.0686657 0.913161
0 0.306155 0.530131 0.0694356 0.0692236 0.913001
0 0.299045 0.639552 0.0701011 0.0698444 0.912341
0 0.553919 0.72377 0.075284 0.0748327 0.911961
0 0.167649 0.669736 0.0701331 0.0702536 0.911759
0 0.965343 0.049539 0.0691002 0.0732005 0.911135
2 0.872123 0.347659 0.0736465 0.0737856 0.910962
0 0.957438 0.198389 0.0754417 0.0748769 0.910912
2 0.324534 0.691448 0.073025 0.0727794 0.910891
2 0.694851 0.843762 0.0773313 0.0776516 0.910886
0 0.852102 0.378377 0.0737755 0.0735325 0.910811
0 0.505679 0.27005 0.0706691 0.0700225 0.910583
0 0.390656 0.444423 0.0685247 0.0688423 0.910412
0 0.368131 0.629493 0.0725243 0.0715345 0.910297
0 0.709707 0.297252 0.0699122 0.0696419 0.910096
2 0.41544 0.715411 0.0736069 0.0736214 0.909833
2 0.549125 0.894079 0.0773731 0.0768597 0.909556
2 0.222396 0.832003 0.0718044 0.0718769 0.909556
0 0.132328 0.579807 0.0692526 0.0690119 0.909552
0 0.943276 0.10292 0.0743378 0.0733881 0.90943
2 0.697771 0.656022 0.074764 0.0747148 0.909111
2 0.959414 0.132246 0.0745853 0.0750358 0.908811
0 0.418463 0.927477 0.0772795 0.0777527 0.908696
0 0.506056 0.30618 0.0710871 0.0703669 0.908435
0 0.0259624 0.485206 0.0519247 0.0695071 0.908205
0 0.03696 0.703311 0.0713342 0.0710234 0.908095
0 0.378455 0.658755 0.0725499 0.072171 0.907776
0 0.26048 0.743866 0.0732466 0.0734746 0.907741
0 0.932157 0.87705 0.0821518 0.0830162 0.907732
0 0.0436893 0.508893 0.0696123 0.0692402 0.907569
0 0.145417 0.603665 0.0691967 0.0692501 0.907369
0 0.269672 0.584485 0.0689917 0.0682842 0.906981
0 0.731884 0.82756 0.0785558 0.0789854 0.906907
0 0.208598 0.615426 0.0675679 0.0671146 0.90681
0 0.496348 0.690527 0.074506 0.0744547 0.906701
0 0.947512 0.487848 0.0772976 0.0776838 0.906616
0 0.96646 0.0994876 0.0669884 0.0745224 0.906559
0 0.856037 0.732791 0.0773781 0.0775627 0.906344
0 0.845654 0.66464 0.0758373 0.0760386 0.905736
2 0.399245 0.70616 0.0729562 0.0730999 0.905592
0 0.379622 0.747365 0.0745357 0.0730221 0.905571
0 0.462314 0.731102 0.074515 0.0745867 0.905498
0 0.520743 0.905865 0.0767462 0.076302 0.905344
0 0.703392 0.492999 0.0734385 0.0732079 0.905295
0 0.917078 0.55726 0.07722 0.077358 0.905189
0 0.709886 0.366753 0.071282 0.0715365 0.905189
1 0.481431 0.312259 0.0709881 0.0697216 0.905043
0 0.674496 0.377484 0.0710794 0.0714623 0.904996
0 0.65204 0.340279 0.0711791 0.0710599 0.904948
0 0.210089 0.583395 0.0674174 0.0679681 0.904943
0 0.629318 0.352106 0.0716005 0.0704737 0.904916
0 0.433586 0.422714 0.0687521 0.0683501 0.904827
0 0.539776 0.161996 0.0706432 0.0702973 0.904745
1 0.195226 0.537727 0.0683476 0.0675951 0.904479
0 0.732126 0.403184 0.0727918 0.0721531 0.904429
0 0.922325 0.300412 0.0756775 0.0757514 0.904293
2 0.697092 0.357471 0.0711987 0.0711534 0.904159
2 0.560541 0.208967 0.0701344 0.0713682 0.904088
0 0.286311 0.716954 0.0726058 0.0726028 0.904079
0 0.406319 0.769488 0.0752075 0.0751726 0.904062
0 0.185802 0.824714 0.0721424 0.0720294 0.904061
2 0.961632 0.488203 0.0758883 0.0781708 0.904017
0 0.35314 0.593933 0.0702167 0.0697012 0.903998
2 0.500833 0.25408 0.0695642 0.0707413 0.903613
0 0.028413 0.546164 0.0566838 0.068553 0.903281
1 0.105215 0.18615 0.0696367 0.0687769 0.903228
2 0.504874 0.240154 0.0706406 0.0696159 0.903104
2 0.43273 0.030857 0.0701965 0.061415 0.903004
0 0.637376 0.177144 0.0707256 0.0708918 0.902868
0 0.373691 0.685892 0.0725494 0.0729666 0.902827
1 0.360391 0.129764 0.0669086 0.0669397 0.902756
2 0.155238 0.794657 0.0706484 0.0707352 0.902718
2 0.43531 0.440757 0.0691502 0.0685671 0.902662
0 0.292178 0.666297 0.0722516 0.0716225 0.902521
0 0.502439 0.422459 0.0697382 0.0701287 0.902437
0 0.0356768 0.371811 0.0685043 0.0692415 0.902321
2 0.369084 0.877063 0.0767575 0.0770285 0.90228
0 0.962501 0.696074 0.0749976 0.0773125 0.902236
0 0.449813 0.0530306 0.070789 0.0709769 0.902203
2 0.880091 0.406669 0.0750919 0.0745381 0.902191
0 0.523686 0.589438 0.0747255 0.0740659 0.902121
1 0.806584 0.303368 0.0721098 0.0714524 0.901896
0 0.133564 0.648246 0.0703111 0.0687885 0.901891
0 0.536136 0.358147 0.0687093 0.0697648 0.901731
0 0.390903 0.479174 0.0696072 0.069022 0.901678
0 0.0249084 0.362866 0.0498168 0.0673682 0.901661
2 0.878649 0.367403 0.07535 0.0756686 0.901613
1 0.473214 0.377549 0.069274 0.069382 0.901419
2 0.0581636 0.435441 0.0692597 0.0684273 0.901007
2 0.595386 0.364422 0.0698572 0.0698085 0.900995
2 0.506466 0.223732 0.0708265 0.070389 0.900765
1 0.879102 0.27372 0.073959 0.0738973 0.900715
0 0.706627 0.320496 0.0715218 0.0714086 0.900672
0 0.0788922 0.437376 0.0694878 0.0691895 0.900444
0 0.191676 0.46771 0.0685129 0.0680927 0.90038
0 0.407578 0.126905 0.0695013 0.0688048 0.900346
1 0.446613 0.392078 0.0692873 0.0700019 0.900345
0 0.250565 0.532636 0.0673535 0.0677595 0.900206
0 0.863971 0.442399 0.0740461 0.0742409 0.900189
0 0.0569547 0.677984 0.0700451 0.0692066 0.899987
2 0.910357 0.534503 0.0776052 0.0772875 0.899763
0 0.397777 0.734563 0.0737873 0.0732916 0.899747
0 0.534295 0.405399 0.0703169 0.0701347 0.899584
0 0.561441 0.456201 0.0708364 0.0719931 0.899337
1 0.329504 0.105482 0.0669118 0.0664784 0.899264
2 0.0322096 0.596124 0.0644191 0.0691271 0.899249
0 0.833333 0.965453 0.0784115 0.0690949 0.899172
0 0.400548 0.894083 0.0777247 0.0762398 0.899062
2 0.321069 0.509766 0.0691214 0.0695819 0.899037
0 0.274323 0.803458 0.0725005 0.0728136 0.899032
0 0.301461 0.807302 0.0738925 0.0741257 0.89903
1 0.561903 0.250687 0.0686426 0.0689184 0.898674
0 0.156955 0.561396 0.0685449 0.0670796 0.898629
2 0.47765 0.448141 0.0702291 0.0695717 0.898549
2 0.90752 0.603442 0.0770325 0.0774873 0.89841
0 0.966399 0.441377 0.0672018 0.0752504 0.898051
2 0.546251 0.381854 0.0697338 0.0698662 0.897896
0 0.106443 0.618194 0.0694297 0.0691063 0.897829
0 0.363616 0.481519 0.0673386 0.068356 0.897809
2 0.154154 0.616957 0.0680291 0.0675226 0.897743
0 0.572102 0.389363 0.0706865 0.0704457 0.897553
1 0.901622 0.18235 0.0744619 0.0743158 0.897465
2 0.942137 0.580557 0.0770004 0.0769398 0.897386
2 0.941373 0.558539 0.0771212 0.076649 0.897286
0 0.739269 0.922043 0.0810165 0.0800751 0.897144
0 0.627576 0.65792 0.0748127 0.0744546 0.897031
1 0.855162 0.2599 0.0731184 0.0729737 0.896849
0 0.613621 0.290668 0.0702609 0.0705466 0.896822
0 0.910871 0.470058 0.0751762 0.0744751 0.89668
0 0.889438 0.612538 0.0774748 0.0766478 0.89667
0 0.26013 0.593034 0.0678368 0.0685596 0.896422
0 0.0289879 0.868407 0.0579758 0.0739948 0.896357
2 0.257754 0.844203 0.0741915 0.0743649 0.896336
0 0.192433 0.627697 0.0700425 0.0688757 0.89628
0 0.775036 0.449066 0.0737739 0.0730637 0.896263
2 0.929292 0.208615 0.0744146 0.0743812 0.896215
1 0.802151 0.182244 0.0716625 0.0722768 0.896195
0 0.247416 0.829674 0.0728806 0.0729389 0.896172
1 0.916995 0.407831 0.0748631 0.0747574 0.896162
0 0.0668609 0.570678 0.0696011 0.0695026 0.895795
1 0.0977267 0.0616337 0.0691242 0.0691079 0.89578
0 0.673563 0.401942 0.0717637 0.0722594 0.895766
1 0.302933 0.192283 0.0695109 0.0697173 0.89555
0 0.197759 0.834092 0.073082 0.0726738 0.89543
0 0.28594 0.58334 0.068251 0.0681242 0.895265
0 0.660968 0.398443 0.0731147 0.0729247 0.895143
0 0.101739 0.805233 0.072072 0.0725351 0.895092
0 0.0218981 0.555088 0.0437962 0.0692249 0.895032
0 0.162399 0.505481 0.0682941 0.0691823 0.894915
2 0.0321937 0.493382 0.063935 0.066696 0.894889
2 0.52182 0.20343 0.069924 0.0709156 0.894852
0 0.301522 0.688989 0.0722274 0.0721128 0.894838
2 0.669775 0.420103 0.0730043 0.0730271 0.894818
0 0.36492 0.0848118 0.067902 0.0675839 0.894601
0 0.455606 0.497019 0.0715115 0.0700451 0.89456
0 0.771371 0.534359 0.0758375 0.0758636 0.894509
1 0.454948 0.236135 0.0702191 0.0699439 0.894438
2 0.667524 0.319789 0.0712518 0.0707858 0.893945
0 0.290599 0.535862 0.0685286 0.0688695 0.893905
0 0.232349 0.758485 0.0725899 0.0718544 0.893901
0 0.770811 0.947021 0.080097 0.0801361 0.89379
1 0.444717 0.371298 0.0696986 0.069897 0.893235
0 0.719887 0.420868 0.0719097 0.0716174 0.893033
1 0.128566 0.387104 0.0690892 0.0687253 0.89297
0 0.16665 0.536778 0.0688578 0.0680111 0.892819
1 0.898916 0.105509 0.0724293 0.072666 0.892806
0 0.421075 0.774218 0.076075 0.0758423 0.892749
2 0.15141 0.687591 0.0694538 0.0694586 0.892586
0 0.543766 0.717586 0.0754376 0.0749352 0.892573
0 0.904781 0.753003 0.0773863 0.07843 0.892508
2 0.226999 0.818733 0.0713415 0.0727043 0.892414
0 0.69423 0.470944 0.0729382 0.0724558 0.892285
0 0.579852 0.427263 0.0714384 0.0705782 0.892168
0 0.522589 0.467383 0.0700748 0.0704338 0.892151
1 0.298936 0.421 0.0672675 0.0681852 0.891954
1 0.17696 0.176695 0.0680277 0.0678772 0.891568
2 0.121237 0.199482 0.0693533 0.0687964 0.891308
0 0.82129 0.362287 0.0725967 0.0717799 0.891258
0 0.210938 0.0477513 0.0659101 0.0667979 0.890891
0 0.967123 0.462675 0.0657534 0.0757387 0.890851
2 0.67913 0.884107 0.0792244 0.0787678 0.890738
1 0.153445 0.396619 0.0693771 0.0697998 0.890602
2 0.258261 0.780833 0.0725846 0.0725747 0.890535
2 0.53037 0.449176 0.0694304 0.0698708 0.890531
0 0.966673 0.587881 0.0666531 0.0770538 0.890505
2 0.807753 0.957778 0.0789413 0.0778738 0.890483
0 0.945203 0.472123 0.0755821 0.0750964 0.890328
2 0.589034 0.256906 0.0695727 0.070539 0.890291
2 0.406253 0.421719 0.069188 0.0689368 0.890134
0 0.676587 0.564268 0.0752335 0.0750181 0.889976
0 0.159736 0.751364 0.0716949 0.0717558 0.889915
0 0.717534 0.449821 0.0731353 0.0730775 0.889911
2 0.399409 0.0711447 0.0682613 0.0693586 0.889846
1 0.472725 0.191231 0.0690035 0.0688206 0.88978
1 0.816233 0.0355552 0.0719074 0.0699861 0.889604
0 0.968888 0.635121 0.0620529 0.0765372 0.889373
0 0.27368 0.0318491 0.0663059 0.0636982 0.889177
2 0.51969 0.342073 0.0706296 0.0704815 0.889104
0 0.284251 0.513827 0.067592 0.0675068 0.889077
0 0.944964 0.96467 0.0814247 0.0706598 0.888867
2 0.853286 0.350254 0.0734566 0.0732068 0.888701
0 0.749831 0.437417 0.0716848 0.0723964 0.888571
1 0.286426 0.422638 0.0670687 0.0679093 0.888379
0 0.726505 0.777376 0.0786762 0.0779271 0.888257
2 0.690191 0.645196 0.0757958 0.0753225 0.887813
1 0.306521 0.0640615 0.0650497 0.0649982 0.887805
1 0.21103 0.52296 0.0676817 0.0680733 0.887739
1 0.854504 0.109962 0.0722904 0.0722358 0.887718
0 0.40864 0.0448885 0.0714893 0.0717767 0.887593
2 0.568293 0.26957 0.068955 0.0685165 0.887588
2 0.0601064 0.557392 0.0696419 0.0699484 0.887554
1 0.77959 0.313683 0.0701786 0.0696289 0.887521
1 0.805193 0.329256 0.0720518 0.072046 0.887464
2 0.775598 0.487548 0.0731663 0.0724274 0.887303
2 0.767954 0.652565 0.0763877 0.0761902 0.886948
0 0.486965 0.487169 0.0721635 0.0725406 0.886888
1 0.411061 0.269105 0.0706217 0.0710521 0.886872
1 0.716996 0.247799 0.0705526 0.0696609 0.886607
2 0.109864 0.669967 0.0690993 0.0691309 0.886559
2 0.974151 0.527184 0.0510746 0.0765909 0.88645
0 0.712759 0.627594 0.0747766 0.0749199 0.886418
1 0.872353 0.0613829 0.070826 0.0707639 0.886083
0 0.815602 0.514356 0.0746824 0.0746559 0.886059
1 0.200984 0.189384 0.0681423 0.067792 0.88587
1 0.861673 0.147293 0.0729038 0.0732765 0.885824
2 0.278458 0.702659 0.073179 0.072201 0.885752
1 0.823748 0.0746291 0.0698936 0.0704006 0.88565
2 0.86894 0.502149 0.0755249 0.0749765 0.885409
0 0.1556 0.659726 0.0684398 0.0682779 0.885401
1 0.159454 0.379286 0.0692854 0.0701736 0.885167
0 0.359027 0.686155 0.0728727 0.0729542 0.885167
2 0.497167 0.365837 0.0692074 0.0685505 0.885012
0 0.737221 0.446362 0.0726482 0.0727957 0.884897
2 0.0526588 0.443366 0.0686952 0.0692598 0.884745
0 0.782864 0.37672 0.0715883 0.0714599 0.884643
2 0.256765 0.764884 0.0716629 0.0716885 0.884634
0 0.965444 0.0625464 0.0684521 0.073165 0.884435
2 0.580087 0.372506 0.0708013 0.0696187 0.88443
2 0.86931 0.429392 0.0745888 0.0745255 0.883941
2 0.371552 0.503671 0.0688807 0.0685731 0.883504
2 0.428472 0.0611628 0.0690985 0.0686154 0.883011
1 0.410772 0.241273 0.0711191 0.0710774 0.882777
2 0.655918 0.164517 0.0722483 0.0712043 0.882776
0 0.962756 0.507154 0.0731022 0.0759716 0.882678
2 0.72989 0.119021 0.0744664 0.0741245 0.882505
2 0.392096 0.511982 0.0693441 0.0689079 0.882279
2 0.432189 0.717707 0.0745308 0.0737169 0.882138
1 0.434721 0.18624 0.0697819 0.0695216 0.881981
0 0.368821 0.527884 0.0702361 0.06968 0.881961
1 0.6671 0.263284 0.0711988 0.0700588 0.881936
2 0.390577 0.107911 0.0693006 0.069139 0.88175
1 0.294283 0.163949 0.0679775 0.0677838 0.881632
2 0.161445 0.698121 0.0716554 0.0718358 0.881621
0 0.435878 0.470147 0.0684732 0.0693337 0.881043
1 0.30516 0.449444 0.0680482 0.0671671 0.880964
2 0.780475 0.967114 0.0774231 0.0657718 0.880916
1 0.0287476 0.292105 0.0571394 0.0692262 0.880798
0 0.178932 0.506245 0.0684353 0.0690426 0.880747
2 0.860855 0.333462 0.0730019 0.0730548 0.88028
0 0.554924 0.429329 0.0706682 0.0704016 0.880261
2 0.800659 0.656172 0.0759783 0.0759177 0.879985
2 0.865801 0.359715 0.0741577 0.0745257 0.879888
1 0.0872034 0.233806 0.0681519 0.0692849 0.879396
2 0.79078 0.510217 0.0747828 0.0747726 0.879385
0 0.708576 0.436359 0.0718386 0.0713522 0.879316
1 0.231801 0.188209 0.0676935 0.0675606 0.879278
2 0.327285 0.497806 0.0679058 0.0682329 0.879228
1 0.0452642 0.289989 0.0695668 0.0687849 0.879186
2 0.488511 0.174986 0.0688872 0.0691417 0.879101
1 0.087522 0.275095 0.0677165 0.068062 0.879047
0 0.932118 0.837397 0.0812017 0.0820217 0.87904
1 0.184196 0.136062 0.0684595 0.0683186 0.878475
1 0.43617 0.293983 0.0697769 0.0693025 0.87821
0 0.0198322 0.582323 0.0396644 0.0690773 0.878161
1 0.963658 0.252424 0.0726831 0.0755355 0.878066
0 0.364574 0.557246 0.0709223 0.0714842 0.877987
2 0.198284 0.796406 0.0709502 0.0712744 0.877975
1 0.295965 0.0555944 0.0662788 0.066196 0.877889
2 0.180533 0.785023 0.0706057 0.0707836 0.877837
2 0.922767 0.58047 0.077367 0.0772121 0.877722
0 0.515537 0.133175 0.0713007 0.0713993 0.877642
0 0.739373 0.130825 0.073406 0.0728731 0.877453
2 0.434797 0.967424 0.0773145 0.0651513 0.877327
1 0.743057 0.252521 0.0723162 0.0711738 0.877312
0 0.21638 0.594762 0.0680293 0.0681631 0.877057
1 0.0857299 0.254213 0.0687407 0.0688391 0.87705
1 0.277702 0.0690317 0.0655535 0.0649748 0.876904
1 0.454355 0.311648 0.0705867 0.0691139 0.876622
2 0.894126 0.503705 0.0754139 0.0757229 0.876547
0 0.0382181 0.96604 0.0734863 0.0679192 0.876325
1 0.126129 0.359499 0.0676418 0.0680451 0.876276
2 0.412267 0.701037 0.0734074 0.0730944 0.875821
2 0.846741 0.0566421 0.0703133 0.0708832 0.875652
1 0.376054 0.182174 0.0685407 0.0692106 0.875297
1 0.283654 0.187149 0.0680444 0.0675559 0.875228
1 0.292459 0.138814 0.0667376 0.0668391 0.875117
2 0.873575 0.724926 0.0780323 0.0773565 0.875034
1 0.884141 0.0560948 0.0715923 0.0720768 0.875026
1 0.461852 0.461938 0.0704769 0.0707836 0.874851
1 0.344657 0.395205 0.0681573 0.0680921 0.874264
0 0.129655 0.602196 0.0698869 0.0690876 0.874228
1 0.850138 0.0954518 0.0707268 0.0714876 0.874067
0 0.940681 0.454538 0.0756336 0.0758747 0.87402
0 0.418439 0.49935 0.0712543 0.069854 0.873609
2 0.472874 0.439135 0.0691419 0.0687216 0.873477
1 0.177273 0.406674 0.0687261 0.0688529 0.87326
2 0.879565 0.47419 0.0750927 0.0747461 0.872828
1 0.102189 0.148265 0.0690729 0.0690007 0.872397
0 0.0387983 0.526856 0.0688213 0.0687397 0.872111
1 0.212174 0.206291 0.0680902 0.0690609 0.87204
1 0.170163 0.447012 0.0675288 0.0682126 0.871553
0 0.155577 0.542088 0.0692447 0.0687564 0.8713
0 0.374115 0.545434 0.0702448 0.0709049 0.8713
0 0.13355 0.812989 0.0721335 0.0710354 0.870999
1 0.228713 0.172732 0.0684442 0.0679283 0.870374
1 0.569599 0.301823 0.0699638 0.0683217 0.869993
2 0.715504 0.650828 0.0744369 0.0744167 0.86995
0 0.131633 0.0286535 0.0703197 0.0569417 0.869418
1 0.273633 0.163269 0.0680154 0.0686927 0.869281
1 0.0319911 0.0354557 0.0639822 0.0680791 0.869227
2 0.563568 0.0356058 0.0748599 0.0712117 0.868505
1 0.479391 0.331687 0.0700512 0.0703582 0.868286
0 0.97871 0.0564468 0.0425808 0.0738399 0.86825
2 0.20366 0.778908 0.0720151 0.0715597 0.868197
0 0.644977 0.580599 0.0765421 0.0760801 0.867407
0 0.974149 0.661746 0.0515913 0.0779922 0.867275
2 0.647454 0.886247 0.078793 0.079137 0.867075
0 0.711377 0.782444 0.0788486 0.0773775 0.866746
0 0.451836 0.759063 0.0750217 0.0750246 0.866325
1 0.732542 0.216464 0.0707817 0.0701726 0.866106
2 0.790132 0.190197 0.072003 0.0714395 0.865755
1 0.0761676 0.123106 0.0699942 0.0698661 0.865664
2 0.682286 0.432926 0.0733925 0.0734555 0.865087
1 0.459145 0.30151 0.0706413 0.0699065 0.864922
0 0.227281 0.584437 0.0677261 0.0690205 0.864333
1 0.270702 0.470423 0.0679645 0.0679075 0.864138
0 0.646659 0.862533 0.0773796 0.0769314 0.863711
1 0.753964 0.206926 0.0716276 0.0715001 0.863025
1 0.0237198 0.398903 0.0473924 0.0685397 0.862625
0 0.707785 0.419715 0.0720495 0.0719007 0.862601
1 0.154624 0.157809 0.0690826 0.0690033 0.862456
1 0.150695 0.182734 0.0682811 0.0674238 0.862382
1 0.209033 0.163203 0.0677912 0.0678168 0.861229
2 0.519213 0.652881 0.0754074 0.07563 0.861176
0 0.865188 0.378082 0.0740986 0.0748944 0.860614
1 0.40755 0.348705 0.0699199 0.0688438 0.860356
2 0.0973622 0.656698 0.0688163 0.0687222 0.860191
0 0.363935 0.668563 0.0716484 0.071262 0.859928
0 0.894942 0.789814 0.0790087 0.0795016 0.859918
0 0.0289013 0.0203442 0.0567488 0.0406884 0.859228
2 0.397762 0.0943465 0.0688603 0.0694937 0.859213
0 0.267295 0.975047 0.0777003 0.0499053 0.858475
1 0.0826224 0.0715793 0.0697797 0.070205 0.858443
1 0.0989569 0.263538 0.0688294 0.0691701 0.858337
1 0.430461 0.317258 0.0706399 0.07017 0.858251
1 0.901479 0.365084 0.0743736 0.0740813 0.858155
0 0.680696 0.744216 0.0766632 0.0769498 0.858142
2 0.387818 0.87229 0.0768971 0.0774294 0.857854
2 0.202345 0.817453 0.0721209 0.0723982 0.85784
0 0.0215257 0.953771 0.0430515 0.075185 0.857387
1 0.214536 0.391181 0.0683924 0.0687756 0.857304
0 0.978695 0.294994 0.0423279 0.0752535 0.85722
1 0.109275 0.286321 0.0686769 0.0681885 0.857084
2 0.512128 0.665983 0.0753571 0.0756168 0.856862
2 0.248266 0.562666 0.0673221 0.0670263 0.856466
0 0.715928 0.485574 0.0733247 0.0731461 0.856444
2 0.268951 0.792005 0.0729943 0.0730089 0.856355
0 0.196754 0.0219643 0.0686047 0.0439287 0.855786
1 0.315305 0.386304 0.0679759 0.0674364 0.855748
1 0.90578 0.120983 0.0727364 0.0727728 0.854273
0 0.807037 0.37292 0.0719608 0.0711987 0.85399
1 0.0923255 0.0919524 0.0686338 0.0683773 0.853587
2 0.237437 0.633268 0.0699668 0.0707645 0.853222
0 0.399582 0.759455 0.0744517 0.0740938 0.852662
2 0.817732 0.965017 0.0773794 0.0695595 0.852485
0 0.64852 0.648215 0.0745928 0.0739863 0.852166
0 0.848591 0.64062 0.0761936 0.0757577 0.852107
1 0.838807 0.295615 0.072772 0.0726196 0.85196
2 0.404698 0.917858 0.0765376 0.0767262 0.851824
2 0.659582 0.77159 0.076249 0.0764246 0.851768
1 0.779321 0.153287 0.0716768 0.0714505 0.851535
2 0.940785 0.823148 0.0850533 0.0853682 0.850972
2 0.0222857 0.512304 0.0445714 0.0692831 0.850883
2 0.124299 0.800122 0.0709085 0.0711443 0.850088
1 0.24077 0.219217 0.0681814 0.0697813 0.849883
0 0.184217 0.025547 0.0678578 0.0507169 0.849776
2 0.785152 0.406383 0.0720232 0.0729671 0.849072
0 0.866629 0.477758 0.0738876 0.0746339 0.848338
2 0.963947 0.566858 0.0721051 0.0775223 0.846905
2 0.531532 0.0409986 0.0734676 0.0732738 0.846041
1 0.374521 0.324326 0.0677706 0.0676287 0.845312
2 0.793434 0.971547 0.0774187 0.0568296 0.844199
1 0.0281009 0.418596 0.0560807 0.0677585 0.8429
2 0.636499 0.667155 0.0754641 0.0746161 0.842899
0 0.765714 0.439791 0.0728638 0.0730196 0.84282
0 0.17179 0.819389 0.0712415 0.0711728 0.842591
1 0.14756 0.369994 0.0690995 0.0704394 0.842214
1 0.34846 0.364115 0.0660206 0.0662841 0.842139
2 0.242714 0.851644 0.072716 0.0727119 0.842115
1 0.736972 0.296955 0.0708494 0.0708154 0.839734
2 0.708279 0.473494 0.0730722 0.0723412 0.839213
2 0.807673 0.356226 0.0724224 0.0722211 0.838934
0 0.18308 0.595583 0.0688355 0.0683884 0.83886
0 0.330641 0.594323 0.0697921 0.0707588 0.838837
2 0.760566 0.163546 0.0727589 0.0726565 0.837564
2 0.784261 0.651443 0.0759903 0.0758486 0.836186
1 0.0310705 0.166368 0.062141 0.0680981 0.836051
2 0.296187 0.506109 0.0679867 0.0682579 0.835974
1 0.155665 0.143325 0.0694994 0.0693803 0.835855
1 0.0637392 0.143669 0.0690122 0.0699301 0.835463
2 0.81346 0.199583 0.0728701 0.072995 0.835256
1 0.186283 0.0966145 0.0680477 0.0681637 0.835106
0 0.588816 0.296146 0.0693409 0.0710112 0.835074
2 0.71856 0.468525 0.0730806 0.0727428 0.835036
1 0.399345 0.218366 0.0703653 0.0712984 0.832826
0 0.248214 0.0178316 0.0671368 0.035007 0.832536
2 0.589952 0.0450098 0.0763331 0.0753983 0.83243
1 0.914882 0.392416 0.0758213 0.0753299 0.831377
0 0.419293 0.436049 0.0683433 0.0680717 0.831188
1 0.357565 0.201002 0.0703688 0.0701331 0.830564
1 0.862633 0.127108 0.0727924 0.0731581 0.82961
1 0.969441 0.0276769 0.0606468 0.0552998 0.829215
2 0.906032 0.270954 0.0754433 0.0749689 0.828892
0 0.0653261 0.600721 0.0688111 0.0673759 0.827942
0 0.283169 0.614886 0.0697247 0.0690182 0.827864
0 0.722337 0.177625 0.0723316 0.0718321 0.826471
2 0.487386 0.438397 0.0689698 0.0686327 0.825984
2 0.107549 0.209914 0.0694435 0.068685 0.825837
1 0.0266105 0.131273 0.053221 0.069685 0.824843
0 0.857023 0.468405 0.0739696 0.073896 0.823488
1 0.213154 0.130528 0.0672206 0.0683427 0.823317
0 0.595734 0.690538 0.0749542 0.0746038 0.822402
0 0.273559 0.541304 0.0681293 0.0673416 0.822235
1 0.114253 0.0938669 0.0694815 0.0696072 0.821866
2 0.407743 0.796161 0.0753677 0.0754259 0.821414
2 0.43612 0.735307 0.074632 0.074365 0.820697
0 0.131014 0.54988 0.0696099 0.0686276 0.82068
2 0.534144 0.428583 0.0704111 0.070615 0.820494
2 0.257046 0.546002 0.0679484 0.067156 0.820167
0 0.582278 0.227338 0.0707867 0.0702827 0.819873
2 0.707187 0.582671 0.0770397 0.0762083 0.819759
0 0.776298 0.393931 0.0706511 0.0709819 0.819541
1 0.218318 0.231878 0.0688665 0.0694218 0.819133
1 0.146018 0.1269 0.068702 0.0689239 0.818672
0 0.665615 0.55672 0.0754318 0.0754015 0.81846
2 0.52634 0.30704 0.0692589 0.0684867 0.818226
2 0.893059 0.717764 0.0774902 0.0768229 0.81789
0 0.485619 0.932773 0.077759 0.0773949 0.817566
0 0.229763 0.0247994 0.0657797 0.0490544 0.81742
1 0.260538 0.236504 0.0679554 0.0677963 0.816427
0 0.688543 0.7681 0.0761417 0.0759617 0.81637
1 0.0476646 0.162255 0.0690091 0.0682206 0.816022
2 0.818364 0.975828 0.0772869 0.0483442 0.815797
1 0.744622 0.271606 0.06987 0.069973 0.814413
0 0.578909 0.411427 0.0706507 0.0698578 0.814325
2 0.171043 0.587172 0.0688 0.0676233 0.813914
2 0.717538 0.595763 0.0773504 0.0775166 0.813696
0 0.0586836 0.715594 0.0726209 0.0723156 0.8116
1 0.0367888 0.250555 0.0680612 0.0678883 0.810692
0 0.979533 0.687281 0.040654 0.0776777 0.809653
0 0.656996 0.577747 0.0759007 0.0754942 0.808767
0 0.271583 0.0165322 0.0660626 0.0330644 0.808562
1 0.177338 0.37197 0.0668939 0.0669353 0.80798
0 0.279584 0.526961 0.069562 0.0678118 0.807136
2 0.510085 0.455286 0.070466 0.0715437 0.806543
0 0.306858 0.612653 0.0689862 0.0690141 0.806068
2 0.0602477 0.0482248 0.0691249 0.0692354 0.805645
1 0.978685 0.0962741 0.0426298 0.0756643 0.805629
0 0.220173 0.628635 0.0694609 0.068647 0.805126
2 0.545916 0.0439626 0.0738529 0.07333 0.804876
2 0.232218 0.573627 0.0678166 0.0681358 0.804229
2 0.507204 0.176607 0.0693746 0.0687656 0.803677
0 0.931568 0.971386 0.0812256 0.0569794 0.801848
2 0.034112 0.482605 0.0659042 0.0678162 0.801508
1 0.0503887 0.101516 0.0686565 0.068252 0.801333
0 0.675088 0.229772 0.070373 0.0713647 0.801175
1 0.0177061 0.28372 0.0354122 0.0657466 0.799638
1 0.220918 0.152331 0.0682307 0.0678666 0.799558
2 0.829114 0.190437 0.0742749 0.0731979 0.799122
0 0.960707 0.958772 0.0782146 0.0790363 0.798352
2 0.362865 0.896551 0.0769711 0.076556 0.797712
0 0.31694 0.604437 0.0694182 0.0701983 0.796949
1 0.353633 0.218443 0.0688866 0.0683736 0.796673
1 0.970079 0.355471 0.059842 0.0753774 0.796494
2 0.856752 0.405603 0.0738508 0.0739983 0.795538
1 0.220749 0.0816987 0.0656128 0.0655061 0.794645
0 0.405254 0.0190505 0.07098 0.0377084 0.794183
2 0.434336 0.497598 0.0707372 0.0700817 0.793253
2 0.616907 0.880058 0.0788765 0.0785091 0.792238
2 0.735693 0.656731 0.0736004 0.0754999 0.791167
0 0.446076 0.72337 0.0736618 0.0737579 0.790381
2 0.312514 0.594025 0.0687003 0.0701084 0.788996
2 0.692344 0.369584 0.0702148 0.0702118 0.787212
1 0.0983505 0.307753 0.0682896 0.0695419 0.786815
0 0.583142 0.351569 0.0700819 0.0693922 0.786628
0 0.178425 0.683073 0.0709638 0.0711155 0.785687
2 0.980646 0.0270275 0.0385151 0.0534845 0.785276
1 0.971225 0.287152 0.0571547 0.0740518 0.784588
2 0.173374 0.720808 0.0729127 0.0734075 0.784233
0 0.13943 0.62759 0.0689937 0.0691134 0.784157
2 0.172709 0.694609 0.0700832 0.0694368 0.784157
0 0.234645 0.625953 0.068956 0.0681419 0.783479
0 0.407051 0.7447 0.0744247 0.0738752 0.782921
1 0.938458 0.019567 0.0726997 0.0391339 0.781702
1 0.933665 0.343757 0.0751225 0.0751613 0.781063
1 0.199265 0.567252 0.068003 0.0685043 0.780456
1 0.121415 0.312223 0.0675897 0.0670098 0.77966
0 0.286258 0.684121 0.0714702 0.0721844 0.778874
0 0.30409 0.625965 0.0700945 0.0702213 0.777623
1 0.459964 0.211653 0.0707485 0.0712166 0.777189
2 0.141207 0.785523 0.0718512 0.0718952 0.77567
0 0.0573633 0.666101 0.0689554 0.070199 0.774709
1 0.236721 0.387989 0.0684223 0.0681077 0.773101
2 0.937069 0.201393 0.0734348 0.0739301 0.771226
1 0.976956 0.130459 0.0460871 0.073643 0.767549
2 0.286462 0.788516 0.0723335 0.0719835 0.766462
2 0.0872263 0.410116 0.0679538 0.0680799 0.764101
0 0.78675 0.406398 0.0710486 0.0716383 0.763908
1 0.293477 0.112293 0.0671824 0.0663749 0.763621
2 0.557214 0.0205073 0.0727953 0.0410145 0.76239
2 0.979933 0.152799 0.0388302 0.0748679 0.761987
1 0.211005 0.34245 0.0670191 0.0678886 0.76097
1 0.967877 0.0166745 0.0625099 0.033349 0.76011
1 0.0439355 0.121569 0.0702423 0.0693856 0.75944
1 0.454978 0.413838 0.0696781 0.0683981 0.758932
2 0.0550832 0.33709 0.0710545 0.0699716 0.758672
2 0.0217704 0.635843 0.0431885 0.0699498 0.757604
2 0.498577 0.477362 0.0707054 0.0706139 0.751346
1 0.189704 0.269539 0.0674037 0.0677371 0.75094
0 0.271071 0.75526 0.0732745 0.0734939 0.749429
1 0.974124 0.412998 0.0517513 0.0713919 0.748707
0 0.383381 0.67683 0.073159 0.0724106 0.747209
2 0.905173 0.443418 0.0752256 0.0758213 0.746416
1 0.0821841 0.608286 0.0689718 0.0682179 0.74559
2 0.654324 0.325454 0.0703257 0.0695832 0.744524
0 0.306995 0.551548 0.0691656 0.067206 0.742885
0 0.545846 0.847468 0.076695 0.0772089 0.741817
2 0.610379 0.343234 0.06963 0.0714065 0.741345
0 0.834534 0.661573 0.0758164 0.0762211 0.740714
2 0.218498 0.862747 0.0730951 0.0730124 0.740324
2 0.592637 0.0219303 0.0730574 0.0438607 0.739364
2 0.0273195 0.0701114 0.0546389 0.0657611 0.73902
2 0.444823 0.751571 0.075037 0.0746279 0.737622
2 0.340857 0.670502 0.0723531 0.0725086 0.737475
1 0.322132 0.179007 0.0692519 0.0690041 0.735746
1 0.892876 0.0839945 0.0723846 0.0722231 0.732756
1 0.439657 0.342965 0.0698323 0.0698739 0.731194
1 0.817654 0.26164 0.0722036 0.0716517 0.725298
1 0.0215409 0.257297 0.0430818 0.0684196 0.724435
1 0.970173 0.313965 0.0596539 0.0726381 0.723372
2 0.882707 0.384309 0.0757004 0.0756204 0.722364
2 0.0664238 0.0643298 0.0694274 0.0683285 0.722306
1 0.156505 0.210543 0.0669163 0.0668516 0.720158
2 0.492031 0.387008 0.0697086 0.0683899 0.717108
1 0.154434 0.106614 0.0694441 0.0695757 0.716857
1 0.229507 0.443518 0.0676309 0.0680368 0.71493
1 0.163337 0.0183051 0.0686726 0.0366102 0.711343
0 0.482832 0.692831 0.0736483 0.073909 0.710567
0 0.974029 0.0737733 0.0519422 0.0745134 0.710558
1 0.777963 0.102073 0.074848 0.0731917 0.709053
2 0.548217 0.0257319 0.0713083 0.051462 0.708983
0 0.312271 0.817235 0.0737862 0.0745031 0.708428
1 0.0806566 0.218187 0.0693062 0.0691087 0.707902
2 0.347695 0.0217115 0.0700669 0.043423 0.706972
2 0.353368 0.464541 0.0677223 0.0675037 0.705208
2 0.515394 0.785616 0.0792661 0.0784924 0.704818
1 0.194705 0.0887006 0.0681719 0.0681006 0.701525
2 0.959348 0.17708 0.0750986 0.0757232 0.699859
2 0.978009 0.444544 0.0439826 0.0746597 0.699344
1 0.811191 0.124637 0.0704873 0.0701193 0.699103
0 0.297119 0.829678 0.0748148 0.0751171 0.698795
2 0.0241086 0.694273 0.0482172 0.070067 0.698412
1 0.26508 0.387067 0.0666462 0.0671117 0.696633
1 0.0190244 0.440828 0.0380488 0.0684791 0.69435
1 0.0164637 0.158306 0.0329273 0.0697347 0.69359
1 0.125632 0.184811 0.0677458 0.0686541 0.692329
1 0.225839 0.314563 0.0676351 0.0678534 0.691313
2 0.410232 0.0998827 0.0696514 0.0691334 0.689478
0 0.264822 0.509445 0.0660268 0.0664082 0.688296
2 0.423978 0.706109 0.0737565 0.0733209 0.687413
0 0.499495 0.477214 0.0716018 0.0713819 0.681616
2 0.97592 0.0731714 0.0481602 0.0696054 0.680105
2 0.613568 0.185685 0.0712812 0.0708257 0.679426
2 0.186715 0.579218 0.0673423 0.0682959 0.676701
2 0.0644186 0.0176604 0.0694944 0.035261 0.676596
2 0.742561 0.647868 0.0753185 0.0745121 0.67634
2 0.24613 0.626493 0.0694388 0.0686117 0.676103
1 0.87123 0.259243 0.0728668 0.0732329 0.675084
2 0.588216 0.295282 0.0696251 0.0691699 0.674309
1 0.0218304 0.17527 0.0434375 0.0669271 0.670944
1 0.167618 0.249775 0.0676096 0.0681343 0.670683
0 0.0229556 0.709799 0.0459113 0.0664491 0.662553
2 0.316904 0.604232 0.070155 0.0702808 0.66247
1 0.180873 0.206608 0.0668839 0.0662416 0.662403
2 0.850287 0.0175991 0.0700344 0.0351982 0.660252
1 0.163022 0.357964 0.0660082 0.0663892 0.657715
1 0.0177923 0.235685 0.0355846 0.0662283 0.656247
1 0.798094 0.13544 0.0709612 0.0705421 0.655777
1 0.063885 0.19888 0.0685407 0.0686751 0.654763
1 0.957435 0.278241 0.0766449 0.0762882 0.654449
0 0.979398 0.0422611 0.0412041 0.071713 0.653758
1 0.294048 0.460992 0.0689554 0.0676348 0.653256
1 0.459564 0.133254 0.0701849 0.070422 0.65247
2 0.487667 0.487631 0.0712065 0.0705099 0.651011
1 0.157956 0.0908015 0.0692735 0.0689722 0.648299
1 0.0363689 0.215837 0.0676613 0.067936 0.647866
1 0.983218 0.370846 0.0335634 0.0752552 0.647793
1 0.204778 0.296955 0.0672407 0.0672144 0.647684
0 0.95774 0.467974 0.0749348 0.0755277 0.643242
2 0.795556 0.213931 0.0726025 0.0730097 0.641928
2 0.0270993 0.610322 0.0540059 0.069084 0.641481
0 0.979654 0.641506 0.0406921 0.0778192 0.639303
1 0.834512 0.140514 0.0724405 0.072132 0.635011
1 0.0273979 0.106858 0.0544155 0.0671618 0.634097
1 0.881977 0.384772 0.0755163 0.0752575 0.633448
0 0.426949 0.116011 0.0689176 0.0694541 0.63262
2 0.618491 0.353914 0.0714294 0.0707327 0.632373
2 0.693316 0.680629 0.0780256 0.0769072 0.632247
2 0.638474 0.332654 0.0694576 0.0694005 0.631316
2 0.677028 0.0585562 0.0813382 0.080183 0.63034
1 0.671034 0.209139 0.0711062 0.0704318 0.63033
2 0.476158 0.499657 0.0724355 0.0718023 0.629868
1 0.677251 0.335252 0.0703799 0.0699551 0.628927
2 0.0186897 0.663881 0.0373794 0.064828 0.627533
0 0.521465 0.639894 0.0737564 0.0737782 0.625287
2 0.916621 0.981012 0.081176 0.0376202 0.624148
0 0.149459 0.552486 0.0678369 0.0676396 0.619769
1 0.492405 0.215805 0.0682671 0.0688905 0.61966
1 0.882856 0.167395 0.0744442 0.0746243 0.618857
2 0.723099 0.813695 0.0789181 0.0785183 0.618772
2 0.782569 0.376403 0.0703137 0.0709244 0.617784
0 0.0292716 0.687501 0.0585432 0.0691959 0.614469
0 0.34582 0.576105 0.0709227 0.0701992 0.606493
1 0.264095 0.408505 0.067896 0.0686899 0.600812
0 0.723465 0.812763 0.078935 0.0786879 0.599648
2 0.908616 0.0483818 0.0736828 0.0735491 0.598762
1 0.109297 0.319588 0.0685863 0.0686115 0.593859
0 0.336611 0.85674 0.0780286 0.079631 0.591619
0 0.47995 0.15398 0.0687174 0.0694848 0.58935
2 0.219587 0.628729 0.0694465 0.069166 0.589033
0 0.0219519 0.0176388 0.0437782 0.03507 0.586252
2 0.601528 0.97919 0.0780121 0.0416027 0.582111
1 0.0299344 0.259542 0.0598688 0.0683784 0.581938
2 0.0448401 0.584546 0.0709153 0.0699218 0.576682
2 0.170363 0.819865 0.0707143 0.0716687 0.573877
2 0.0775607 0.665152 0.0695975 0.0691205 0.571924
2 0.97978 0.612086 0.0404396 0.0779613 0.571898
2 0.528292 0.075048 0.0741323 0.0746902 0.565427
2 0.60456 0.225926 0.0705545 0.0696613 0.557433
2 0.174334 0.0232018 0.0686627 0.0459765 0.557009
2 0.363542 0.525719 0.0695918 0.0688444 0.552608
1 0.124431 0.0120716 0.0686807 0.0241433 0.550795
0 0.757208 0.459716 0.0729262 0.0727314 0.550676
2 0.980943 0.555627 0.0379074 0.0762617 0.548509
0 0.834037 0.36463 0.072304 0.0723507 0.547611
1 0.957529 0.420929 0.0739204 0.0747095 0.545582
0 0.565624 0.423295 0.070642 0.0694343 0.543558
0 0.355726 0.649112 0.0708313 0.0709774 0.541134
1 0.0718127 0.112073 0.0699694 0.0688267 0.539637
1 0.294364 0.351859 0.067137 0.0663776 0.539551
0 0.864145 0.0284265 0.0710106 0.056831 0.538972
2 0.535885 0.765676 0.0791754 0.0779227 0.537662
0 0.926048 0.462093 0.0764883 0.0762973 0.535532
2 0.0341989 0.656069 0.0662786 0.0691627 0.534944
2 0.607746 0.0204062 0.071476 0.0407933 0.533904
2 0.896035 0.766532 0.0791336 0.0789186 0.533486
0 0.838185 0.385025 0.0730186 0.0736087 0.532548
2 0.543929 0.468598 0.0720331 0.0715067 0.531644
1 0.54285 0.333702 0.0693506 0.0692971 0.529473
2 0.749324 0.122765 0.0732412 0.0739566 0.529374
2 0.709802 0.640296 0.0747563 0.0749907 0.529028
1 0.983774 0.265465 0.0324514 0.0761053 0.528955
0 0.174431 0.0232601 0.0666285 0.0459224 0.526873
2 0.320916 0.491511 0.0669128 0.0673153 0.524158
1 0.386884 0.380181 0.0676216 0.067988 0.522752
1 0.970644 0.190268 0.0587126 0.0744878 0.522063
2 0.822411 0.951701 0.0776352 0.0775238 0.520274
1 0.94912 0.370586 0.0761166 0.076247 0.513836
1 0.213815 0.33262 0.0680317 0.0691507 0.513082
1 0.235315 0.109248 0.0664629 0.0654693 0.512921
1 0.763271 0.302555 0.070078 0.0704925 0.510599
0 0.719874 0.468372 0.0718255 0.0719775 0.509065
0 0.287327 0.789062 0.0737101 0.073218 0.505531
0 0.15204 0.646884 0.0690352 0.0694868 0.501034
