0 0.544689 0.584506 0.0729106 0.0721174 0.929646
0 0.153099 0.85401 0.0754881 0.0748718 0.928917
0 0.407513 0.917068 0.072756 0.0727924 0.926202
0 0.0857566 0.498741 0.0766388 0.0766327 0.924669
0 0.404296 0.892436 0.0729182 0.0731663 0.924664
0 0.558007 0.842045 0.0726991 0.0724716 0.922902
2 0.0381968 0.404433 0.0763936 0.0773529 0.922331
1 0.420439 0.423925 0.0756336 0.0752997 0.920685
0 0.0269871 0.558129 0.053608 0.0755898 0.920602
2 0.362717 0.496983 0.0734065 0.0736609 0.920195
0 0.345592 0.942094 0.0734831 0.0733173 0.919876
2 0.474424 0.379452 0.0769224 0.0760211 0.919804
0 0.305492 0.796672 0.0728395 0.0729361 0.919763
2 0.053073 0.415637 0.0769015 0.0775129 0.919746
2 0.469294 0.268964 0.0764256 0.076798 0.919542
0 0.535575 0.637512 0.0727217 0.0724051 0.919525
0 0.188919 0.849731 0.0745066 0.0744225 0.919313
0 0.920827 0.660983 0.073572 0.0730933 0.919307
0 0.149214 0.838015 0.0746196 0.0752079 0.91912
0 0.397839 0.86009 0.0715656 0.0716322 0.918482
0 0.426778 0.810825 0.0713069 0.0716154 0.91839
0 0.67251 0.656106 0.0736234 0.0740971 0.917882
0 0.514952 0.497286 0.0740002 0.0741356 0.917629
0 0.0922762 0.577016 0.0759071 0.076561 0.917423
0 0.237584 0.875054 0.0725953 0.0730387 0.917389
0 0.027685 0.540097 0.0550055 0.0762544 0.917114
0 0.0671605 0.644752 0.0753247 0.0749969 0.916873
0 0.503983 0.856775 0.0719374 0.0720119 0.916811
2 0.170847 0.846192 0.0745459 0.0750742 0.916653
0 0.680406 0.820498 0.0733311 0.0738342 0.91653
2 0.19123 0.795727 0.0748626 0.0749487 0.916452
0 0.681168 0.693782 0.0744476 0.0741097 0.916165
2 0.942154 0.950239 0.0734692 0.0737734 0.916058
0 0.606237 0.921662 0.0741272 0.0734947 0.915955
0 0.862859 0.864913 0.0740128 0.074242 0.915826
0 0.265125 0.459459 0.0760073 0.0760843 0.915783
0 0.200152 0.643939 0.0755748 0.0753708 0.915771
0 0.367999 0.890757 0.0733436 0.0726397 0.91569
0 0.503354 0.621231 0.0738552 0.0727763 0.91556
0 0.0551804 0.581012 0.0751179 0.0750799 0.915551
0 0.0807699 0.432401 0.0763061 0.0761698 0.915004
0 0.924655 0.952736 0.0742947 0.0745853 0.914647
0 0.637559 0.892554 0.0733538 0.0730766 0.914496
0 0.141777 0.608376 0.075895 0.0756214 0.914468
0 0.261401 0.616613 0.0752549 0.0751164 0.914436
2 0.552614 0.500238 0.0744636 0.0740806 0.914411
1 0.11592 0.902999 0.0755951 0.0749085 0.914333
0 0.913826 0.9282 0.0740871 0.0739395 0.914082
0 0.358909 0.292741 0.0782083 0.0773288 0.913936
0 0.194026 0.867247 0.0739119 0.0734818 0.913857
0 0.859421 0.829109 0.073735 0.0739742 0.913845
0 0.538667 0.869782 0.0718534 0.0726706 0.913787
2 0.315597 0.771228 0.0719627 0.0728518 0.913512
0 0.274305 0.621055 0.0750526 0.0748594 0.913349
0 0.208733 0.520082 0.0770437 0.075763 0.913238
0 0.438765 0.379383 0.0754274 0.075794 0.913059
0 0.0558572 0.470796 0.0772674 0.0778893 0.913059
0 0.902366 0.820856 0.0748055 0.0741472 0.912745
0 0.376115 0.507314 0.0730485 0.0737642 0.91257
0 0.273264 0.478318 0.077214 0.0765158 0.912388
2 0.243422 0.438169 0.076958 0.0781014 0.91217
0 0.87757 0.751207 0.0732693 0.073114 0.911937
0 0.251146 0.53817 0.0765612 0.0761505 0.911855
0 0.901853 0.899164 0.074214 0.0737413 0.911814
0 0.372641 0.751501 0.0720787 0.0727205 0.911729
0 0.37892 0.637487 0.0734438 0.07288 0.911493
0 0.324663 0.603025 0.0740012 0.0739374 0.911471
2 0.435716 0.0786106 0.078131 0.0782742 0.911101
0 0.33958 0.870912 0.0729131 0.0733406 0.911042
0 0.554413 0.869091 0.0731665 0.0739986 0.910981
2 0.248453 0.480693 0.0773925 0.0765001 0.910886
0 0.64459 0.788651 0.0745501 0.0745112 0.910879
0 0.0658507 0.70703 0.0759224 0.0750816 0.910827
0 0.0926267 0.617224 0.0761522 0.0755188 0.910773
2 0.468354 0.239119 0.0770588 0.0768626 0.910761
2 0.0731619 0.56739 0.0757438 0.0753984 0.910715
0 0.478486 0.508876 0.0735884 0.0733667 0.910647
0 0.338704 0.499514 0.0734221 0.0738935 0.910609
0 0.34955 0.852431 0.0726093 0.0723063 0.910572
0 0.2663 0.692923 0.075165 0.0742559 0.910446
0 0.123903 0.516067 0.077161 0.0771214 0.910371
0 0.420144 0.397012 0.0756108 0.0754227 0.910352
2 0.381328 0.821164 0.0720507 0.0720636 0.910128
0 0.0325323 0.470112 0.0650645 0.0766899 0.910047
0 0.195227 0.693287 0.0751655 0.0748322 0.910044
2 0.525863 0.331834 0.0767884 0.0761148 0.909955
0 0.608479 0.906886 0.0730019 0.0735992 0.909944
0 0.590562 0.669269 0.0730224 0.0726886 0.909836
2 0.499646 0.602263 0.073066 0.0734714 0.909646
0 0.235766 0.587536 0.0770209 0.0763702 0.909625
0 0.469984 0.67578 0.0734569 0.0733086 0.909546
0 0.137928 0.65597 0.0766742 0.0759742 0.909543
0 0.40165 0.706093 0.0737946 0.0737127 0.909362
0 0.48409 0.826109 0.0714312 0.0710969 0.909322
0 0.640451 0.27309 0.0746206 0.0739002 0.909303
0 0.871144 0.882963 0.0742334 0.0745321 0.909209
0 0.325966 0.894734 0.0738978 0.0741671 0.909062
0 0.168509 0.864002 0.0749633 0.0747292 0.908703
2 0.268341 0.532857 0.076277 0.0761804 0.908597
2 0.382437 0.536003 0.0727381 0.0726195 0.908516
0 0.868158 0.922306 0.0745558 0.0742971 0.908505
0 0.0861669 0.541336 0.0762506 0.0760105 0.908483
0 0.269141 0.803277 0.0742467 0.0733788 0.908134
2 0.395666 0.129457 0.0771711 0.0771467 0.908117
2 0.536899 0.706945 0.0724033 0.073358 0.908075
0 0.220236 0.505111 0.0768311 0.0765752 0.90805
2 0.225163 0.531602 0.0753901 0.0755529 0.907901
0 0.524705 0.8957 0.0718275 0.0721752 0.907821
0 0.652594 0.73161 0.0743035 0.0744402 0.907674
0 0.358473 0.808632 0.0719908 0.0728937 0.907646
0 0.499629 0.289324 0.078153 0.0786693 0.907603
0 0.512298 0.48133 0.0749161 0.0748339 0.907577
2 0.898363 0.949028 0.0744041 0.0746309 0.907382
2 0.50631 0.543747 0.0735073 0.0737713 0.907265
0 0.371838 0.148234 0.0783955 0.0781566 0.907186
0 0.273024 0.781171 0.073781 0.0740716 0.906977
0 0.178696 0.543056 0.0771067 0.077055 0.906967
0 0.477604 0.253802 0.0766285 0.0768202 0.90692
1 0.106056 0.105851 0.0779908 0.0779278 0.906828
2 0.906629 0.610645 0.0745693 0.0741692 0.906754
0 0.837709 0.875087 0.0744919 0.074192 0.906304
0 0.556319 0.659038 0.0728558 0.0724728 0.906245
0 0.13794 0.517689 0.0767819 0.0766533 0.905867
0 0.0674659 0.599719 0.0757735 0.0760262 0.905413
0 0.459346 0.717006 0.0732826 0.0737754 0.905393
2 0.211205 0.657623 0.0757429 0.0749264 0.905106
0 0.578188 0.851896 0.0737115 0.0733192 0.905078
0 0.493372 0.870896 0.0713076 0.0717899 0.905057
0 0.587265 0.651367 0.0717257 0.0713453 0.904687
0 0.346699 0.679783 0.0742662 0.0745396 0.904666
0 0.0472601 0.13609 0.0791156 0.0791971 0.904559
2 0.425512 0.0929065 0.0783982 0.0773503 0.904212
2 0.440034 0.0560062 0.0786593 0.0765832 0.90413
2 0.0524612 0.392334 0.0780387 0.0770913 0.904025
0 0.143024 0.533453 0.0762477 0.0762258 0.904019
0 0.472559 0.0355631 0.0773707 0.070968 0.903982
0 0.540185 0.668933 0.0724074 0.0727077 0.903879
2 0.412762 0.463569 0.0747606 0.0749938 0.903693
2 0.0342032 0.421081 0.0684063 0.0763596 0.903653
0 0.385338 0.321652 0.0778682 0.0770137 0.903551
0 0.405435 0.0456442 0.0777886 0.0781329 0.903537
1 0.0949446 0.12092 0.0785414 0.0782984 0.903363
2 0.532391 0.565323 0.07344 0.0732105 0.903357
0 0.306013 0.503079 0.074892 0.0749547 0.903056
0 0.0617567 0.54112 0.0745461 0.0748412 0.902983
0 0.289666 0.645931 0.0745671 0.0743198 0.902861
2 0.500543 0.463277 0.0743645 0.0739225 0.902847
1 0.75793 0.475969 0.0743468 0.074697 0.902835
1 0.807349 0.874714 0.0740156 0.0737179 0.902694
2 0.890315 0.804011 0.0739511 0.0747023 0.902432
0 0.82823 0.808792 0.0744228 0.0737398 0.902319
0 0.33962 0.913065 0.0744679 0.0739473 0.902306
1 0.159033 0.492062 0.0764277 0.076093 0.902108
0 0.286895 0.562241 0.073788 0.0740044 0.902042
0 0.0403743 0.60133 0.0757506 0.0749888 0.901927
0 0.72561 0.72406 0.0730135 0.0729675 0.901872
0 0.0623269 0.162355 0.0781865 0.0779741 0.901865
0 0.963913 0.844185 0.0714468 0.074971 0.901821
2 0.403402 0.142105 0.0762818 0.0759291 0.901772
2 0.0454309 0.550655 0.0758917 0.0755187 0.901649
0 0.145912 0.640533 0.076891 0.0766468 0.901547
1 0.190503 0.481674 0.0768863 0.0763608 0.901514
2 0.924902 0.835267 0.0738487 0.073761 0.901492
0 0.25311 0.502623 0.0765317 0.0768021 0.90146
0 0.628469 0.771314 0.0752903 0.0753894 0.901336
0 0.929526 0.970696 0.0745907 0.0586078 0.901272
0 0.334779 0.0373015 0.0763024 0.0743763 0.901248
0 0.64178 0.744341 0.0743242 0.0738876 0.901244
1 0.324499 0.821479 0.0715603 0.0724388 0.901203
0 0.181814 0.589017 0.076192 0.0772638 0.901141
2 0.0278106 0.577274 0.0552615 0.0744015 0.901114
2 0.685083 0.798979 0.0728617 0.073589 0.901112
0 0.437452 0.544182 0.0731113 0.0735258 0.901024
2 0.492617 0.550823 0.0738405 0.0727268 0.900778
0 0.0335414 0.523154 0.0670828 0.0760212 0.900712
1 0.11875 0.476882 0.0762627 0.076284 0.900636
0 0.164252 0.64106 0.0771649 0.0761908 0.900614
1 0.798245 0.915725 0.0739709 0.0745201 0.900604
2 0.511879 0.517115 0.0734224 0.0736932 0.900171
1 0.219317 0.892698 0.0734439 0.0732136 0.900095
0 0.0419085 0.503023 0.0774711 0.076832 0.900072
2 0.536235 0.757752 0.0744503 0.074703 0.900042
2 0.439126 0.712837 0.0740866 0.0737415 0.899892
0 0.330551 0.623332 0.0745197 0.0739079 0.899646
2 0.393383 0.479473 0.074114 0.0739557 0.899337
0 0.886876 0.678438 0.0739826 0.0736441 0.899328
0 0.358327 0.786458 0.0718396 0.0718351 0.899231
0 0.4663 0.484824 0.0727295 0.072473 0.899228
1 0.939075 0.707965 0.0730503 0.0730297 0.899224
2 0.47226 0.762859 0.0726727 0.0729314 0.898867
1 0.61064 0.45972 0.0747029 0.0751148 0.898857
2 0.213781 0.623891 0.0750482 0.0747416 0.89862
2 0.608286 0.746461 0.0747604 0.0744369 0.898596
0 0.139187 0.591641 0.0765989 0.0759406 0.898516
2 0.722149 0.636437 0.0753565 0.075313 0.898405
0 0.232242 0.857036 0.0739014 0.0739285 0.898041
0 0.438815 0.257095 0.0770744 0.076187 0.897931
2 0.127887 0.868381 0.0740677 0.073719 0.897801
1 0.0778169 0.08822 0.0786874 0.0783934 0.897572
1 0.622467 0.43346 0.0743478 0.0743537 0.897499
1 0.780692 0.787686 0.0725776 0.072348 0.89745
0 0.515873 0.605411 0.073391 0.0737256 0.897434
2 0.858083 0.911581 0.0749649 0.0746254 0.897428
1 0.660675 0.943974 0.0736473 0.0738211 0.897306
2 0.543155 0.721485 0.0740743 0.0737419 0.897163
2 0.237134 0.793016 0.0729412 0.0736065 0.897116
1 0.0801664 0.340368 0.0769363 0.0775775 0.89707
0 0.078592 0.589961 0.0754865 0.0761936 0.896778
0 0.959181 0.944328 0.0733341 0.07379 0.896686
0 0.29453 0.676864 0.0743117 0.0744768 0.89655
0 0.0629938 0.624825 0.0759681 0.0758677 0.896469
0 0.165832 0.532053 0.077558 0.0767502 0.896042
0 0.394318 0.795028 0.0725553 0.0726618 0.896009
1 0.0678126 0.0680759 0.0780483 0.0786743 0.89598
1 0.342728 0.46608 0.0740745 0.0737816 0.895685
1 0.157303 0.907959 0.0730363 0.0729275 0.895597
1 0.428328 0.932773 0.0731786 0.0736818 0.895249
1 0.165147 0.936213 0.0722259 0.0716576 0.89524
1 0.0367129 0.221984 0.0724131 0.0750646 0.894818
1 0.0322669 0.153464 0.0645201 0.0785445 0.894701
1 0.0848536 0.396226 0.0766305 0.0763266 0.894539
2 0.496626 0.728306 0.0711575 0.0719452 0.894391
0 0.0924941 0.319949 0.077449 0.0773623 0.894294
0 0.478744 0.865854 0.0716826 0.0712948 0.89429
2 0.0366838 0.75625 0.0733676 0.0767282 0.894229
1 0.609665 0.526877 0.0737698 0.0746435 0.894222
1 0.109683 0.394948 0.0765551 0.0760063 0.894143
0 0.0464405 0.688214 0.0738083 0.0740604 0.894096
1 0.584144 0.55886 0.0726532 0.073287 0.893936
1 0.117404 0.152262 0.078461 0.0786096 0.89389
0 0.320324 0.731888 0.0740952 0.073942 0.893844
2 0.6042 0.822317 0.0747215 0.0745207 0.893676
0 0.20645 0.698822 0.0749581 0.0751143 0.893634
1 0.313416 0.0820636 0.0781098 0.0773534 0.89357
0 0.0218187 0.50592 0.0436375 0.0764776 0.893466
2 0.880385 0.85898 0.0749922 0.0749189 0.893235
2 0.429246 0.524961 0.0723785 0.0727143 0.893141
1 0.103062 0.419605 0.0753093 0.0755076 0.893099
2 0.503712 0.354153 0.0766068 0.0761211 0.892938
2 0.650901 0.860959 0.0731197 0.0728519 0.892762
1 0.60028 0.407242 0.0740678 0.0740623 0.892514
0 0.32676 0.635737 0.0748086 0.0747819 0.892445
0 0.044609 0.725787 0.0758287 0.0754893 0.892345
2 0.419407 0.574713 0.0747637 0.0738481 0.892233
2 0.470948 0.343491 0.0765148 0.0765446 0.892193
0 0.0206632 0.482641 0.0413264 0.0758351 0.892137
0 0.152064 0.800406 0.0742233 0.0743389 0.892084
1 0.588343 0.598368 0.071489 0.0716537 0.892006
0 0.390263 0.842538 0.0711971 0.0719154 0.891806
1 0.67961 0.851854 0.0742338 0.0734589 0.891776
0 0.215323 0.583587 0.076738 0.0766201 0.891552
2 0.432887 0.036684 0.0771103 0.073368 0.891388
2 0.429111 0.55718 0.0741117 0.0744323 0.891075
2 0.29863 0.471951 0.0758818 0.0753614 0.891009
0 0.896458 0.966185 0.0736073 0.0676293 0.890971
2 0.443054 0.475311 0.0737175 0.0732605 0.890876
0 0.82638 0.953602 0.0752245 0.0758417 0.890717
1 0.798167 0.852189 0.0740101 0.0741257 0.890687
2 0.619143 0.794432 0.0747524 0.0750315 0.890482
1 0.627441 0.545852 0.0736559 0.0735762 0.890433
0 0.565865 0.787651 0.0730759 0.0728371 0.890365
0 0.335778 0.776555 0.0725437 0.0725143 0.890042
0 0.958898 0.916368 0.0733368 0.0731359 0.890025
2 0.355109 0.593105 0.0729677 0.0727009 0.889529
1 0.120565 0.166474 0.077953 0.0773797 0.889428
0 0.433669 0.666545 0.0738508 0.0738724 0.889412
2 0.489039 0.300765 0.0770067 0.0766376 0.889241
1 0.740122 0.485438 0.0738459 0.0740769 0.889235
0 0.0245262 0.686629 0.0490523 0.0743709 0.88923
2 0.619115 0.869507 0.0731398 0.0734455 0.889183
0 0.180647 0.652366 0.0753167 0.0755957 0.889118
0 0.461464 0.506217 0.0727036 0.0732615 0.889055
1 0.271348 0.0357887 0.0754976 0.0715773 0.888891
2 0.963744 0.875834 0.0725124 0.0751293 0.888891
1 0.0603247 0.945978 0.0746701 0.0750958 0.888866
0 0.423488 0.736881 0.0729734 0.0724205 0.888555
0 0.389611 0.886234 0.072893 0.072735 0.887984
0 0.11534 0.596428 0.0758195 0.0753408 0.887782
1 0.739949 0.452927 0.0739777 0.0741282 0.887629
0 0.257372 0.676872 0.074391 0.0740123 0.887579
0 0.3987 0.809713 0.0715751 0.0711855 0.887517
1 0.778993 0.883993 0.0738441 0.0741415 0.88727
1 0.458831 0.902751 0.072335 0.0711435 0.887173
2 0.381096 0.353621 0.0774086 0.0774886 0.887137
0 0.899908 0.355502 0.0750101 0.0748571 0.887116
0 0.250251 0.741153 0.0737923 0.074308 0.886863
0 0.0381894 0.656444 0.0747827 0.0744452 0.886618
1 0.598753 0.440302 0.0744158 0.0746128 0.886479
2 0.70236 0.757934 0.0736217 0.0741522 0.886339
2 0.864322 0.617939 0.0742149 0.0742888 0.886178
1 0.0451418 0.295962 0.0763277 0.0763255 0.885992
1 0.0674303 0.360289 0.0754052 0.0770317 0.885805
0 0.964146 0.903845 0.071707 0.0742714 0.885764
0 0.454664 0.681466 0.0740921 0.0739612 0.885717
0 0.87601 0.943235 0.0747063 0.0744904 0.884953
0 0.418181 0.891665 0.0720607 0.0720947 0.884611
2 0.578896 0.75288 0.0746747 0.0741833 0.884385
2 0.500775 0.581733 0.0734645 0.0732688 0.884355
0 0.094734 0.301462 0.0780581 0.0787655 0.884322
1 0.170278 0.403645 0.0758021 0.0763972 0.88421
1 0.755523 0.936466 0.0722267 0.072216 0.884047
0 0.507827 0.867632 0.0718458 0.0718552 0.884004
1 0.694309 0.928946 0.0743099 0.0740807 0.883862
1 0.305451 0.925626 0.0742497 0.0742067 0.88345
2 0.624528 0.919255 0.0743757 0.0742289 0.883394
1 0.802032 0.781261 0.0740707 0.0739902 0.883349
2 0.373378 0.592003 0.0735965 0.0740403 0.88328
1 0.197805 0.816386 0.0744302 0.0735548 0.883084
2 0.476959 0.292761 0.0778725 0.0779799 0.882819
2 0.715335 0.787289 0.0728943 0.0725199 0.882587
2 0.83568 0.619168 0.0751291 0.0751932 0.882571
2 0.54293 0.485715 0.075396 0.0747051 0.882488
1 0.334695 0.176772 0.0782116 0.0784993 0.882234
0 0.835809 0.57954 0.0738063 0.0744431 0.881768
2 0.108799 0.923085 0.0756082 0.0756432 0.881647
1 0.59488 0.569716 0.0733292 0.073056 0.881595
2 0.514917 0.705055 0.0734867 0.0733217 0.881482
2 0.320983 0.0265068 0.0755869 0.0528542 0.881386
1 0.031992 0.101328 0.063984 0.0750797 0.880767
0 0.358993 0.746102 0.0726213 0.0732569 0.880501
0 0.157947 0.114625 0.078352 0.0782755 0.880196
1 0.298277 0.146357 0.0763367 0.076371 0.879796
0 0.396659 0.874273 0.0727894 0.0711044 0.879604
1 0.782979 0.762345 0.0739837 0.0736628 0.879577
0 0.291181 0.73268 0.0741371 0.0746733 0.879541
2 0.724667 0.794014 0.0726721 0.0734684 0.879491
2 0.449067 0.394446 0.0758969 0.0756626 0.879418
2 0.903055 0.631966 0.072953 0.0736965 0.879303
0 0.871874 0.956644 0.0748827 0.0749481 0.879269
0 0.585459 0.816681 0.0738348 0.0733084 0.879107
1 0.149957 0.19175 0.0773352 0.0767212 0.87901
2 0.928356 0.615211 0.0726795 0.0724009 0.878588
1 0.859797 0.708428 0.0735542 0.0735426 0.878577
0 0.902565 0.869806 0.0734791 0.0734024 0.878518
2 0.529181 0.828268 0.0722012 0.0715687 0.878466
0 0.621511 0.710993 0.0729822 0.07276 0.878354
1 0.322831 0.198461 0.0785393 0.0783058 0.877826
2 0.324609 0.706109 0.0744463 0.0742079 0.877756
1 0.801836 0.81297 0.0729483 0.0725115 0.877618
1 0.718608 0.817093 0.0728233 0.07262 0.877611
2 0.0628165 0.43307 0.0771618 0.0765222 0.877603
1 0.273165 0.219606 0.077663 0.0775218 0.877513
2 0.522484 0.570456 0.0726899 0.0738026 0.87731
2 0.0263844 0.617416 0.052698 0.0749046 0.876929
1 0.189647 0.0296715 0.0776963 0.0592015 0.876845
1 0.0605388 0.182582 0.0772499 0.0767542 0.87681
1 0.173131 0.19931 0.0768326 0.0765225 0.876616
1 0.619926 0.492344 0.0746954 0.0746042 0.876378
2 0.476639 0.804001 0.0711792 0.071636 0.876151
0 0.0250468 0.526029 0.0500936 0.0757519 0.876097
2 0.402658 0.357714 0.0778078 0.0771986 0.875931
2 0.313827 0.718673 0.074192 0.0743615 0.875881
0 0.40266 0.203758 0.0772097 0.0774952 0.875773
2 0.827009 0.664353 0.0740334 0.0736395 0.875138
0 0.33908 0.76385 0.0724361 0.0724239 0.874882
1 0.603084 0.5434 0.0730127 0.0733135 0.874807
1 0.77296 0.831241 0.0737711 0.0744904 0.874644
1 0.399809 0.967743 0.0726931 0.0645136 0.873932
2 0.380084 0.602091 0.0739421 0.073721 0.873928
0 0.119407 0.976537 0.0747869 0.0469265 0.873738
0 0.0456788 0.565633 0.0761134 0.0753754 0.873728
1 0.029259 0.11302 0.0585181 0.0732615 0.873595
1 0.0405647 0.918391 0.0749261 0.0751316 0.873402
1 0.673887 0.885934 0.0734342 0.0725142 0.873084
2 0.635566 0.320779 0.0738653 0.0744135 0.87285
2 0.0919204 0.74139 0.0767013 0.0766029 0.872695
1 0.76456 0.918444 0.0741668 0.0745249 0.872648
0 0.371879 0.721623 0.073427 0.07337 0.872642
1 0.753556 0.40106 0.0739882 0.073501 0.872445
2 0.45822 0.331103 0.0773408 0.0774245 0.87197
1 0.759913 0.528148 0.076058 0.0760807 0.871826
2 0.307565 0.813662 0.0719735 0.0717907 0.871725
1 0.690871 0.517981 0.0741137 0.0750408 0.87167
1 0.0358366 0.942759 0.0716731 0.07509 0.871339
0 0.307221 0.602047 0.0740278 0.0730463 0.871235
1 0.679596 0.429285 0.0737505 0.0741891 0.870481
1 0.313743 0.118673 0.0769196 0.07696 0.870298
0 0.609166 0.878027 0.0727119 0.0721767 0.870255
2 0.442936 0.215518 0.0762489 0.0773272 0.87023
1 0.424491 0.962762 0.0726966 0.0717541 0.870058
1 0.22253 0.921034 0.0734979 0.073576 0.86969
0 0.844805 0.977255 0.0758598 0.0454905 0.869361
2 0.310104 0.892447 0.0735416 0.0746494 0.868965
1 0.77016 0.414231 0.0742631 0.0741837 0.868626
2 0.414994 0.218198 0.0769832 0.0768078 0.868605
1 0.691562 0.456957 0.0750299 0.074532 0.868328
1 0.10623 0.468216 0.0766458 0.076828 0.868183
0 0.651733 0.806861 0.0735601 0.0743006 0.868177
0 0.0426142 0.631216 0.0759195 0.0750845 0.867878
1 0.740335 0.912508 0.0732069 0.0723848 0.867776
0 0.337793 0.840458 0.0716332 0.0710066 0.867584
0 0.206598 0.841073 0.0752097 0.0740837 0.867539
2 0.493661 0.364489 0.0756096 0.0761263 0.866938
2 0.143621 0.254517 0.077863 0.0782471 0.866858
0 0.458092 0.820907 0.0716133 0.0703216 0.86669
2 0.434029 0.68661 0.0747789 0.0740465 0.866423
1 0.276579 0.931785 0.0736004 0.0741703 0.866116
0 0.294102 0.59597 0.0742376 0.0740871 0.865824
0 0.166812 0.595452 0.0760361 0.0764624 0.865051
1 0.521626 0.428716 0.075482 0.0754725 0.86434
1 0.56194 0.609493 0.0719579 0.0719147 0.864152
2 0.294847 0.622605 0.0743979 0.0748434 0.863965
1 0.455122 0.929376 0.071903 0.0714516 0.863737
0 0.844844 0.754481 0.0749195 0.0745998 0.863163
1 0.281433 0.808795 0.0731582 0.0733555 0.862949
0 0.0889129 0.721824 0.0759553 0.0764437 0.862853
0 0.336746 0.727762 0.0743461 0.0741577 0.862752
1 0.69951 0.486418 0.074015 0.0739738 0.86236
2 0.422039 0.826668 0.0702347 0.0708583 0.861579
0 0.0274564 0.459054 0.0549128 0.0779681 0.86087
0 0.0207406 0.648963 0.0414812 0.0733414 0.860766
2 0.293558 0.757332 0.07334 0.0727135 0.860708
2 0.699246 0.858267 0.0739319 0.0743116 0.860498
0 0.625826 0.742569 0.0738461 0.0741371 0.860326
2 0.106229 0.854272 0.0751182 0.0759052 0.860202
2 0.124787 0.253993 0.0778991 0.0779943 0.859655
1 0.67663 0.493135 0.0742777 0.0743143 0.859162
1 0.953703 0.481659 0.0750435 0.0746949 0.859133
2 0.884081 0.646892 0.0721518 0.073514 0.858875
0 0.0236951 0.711514 0.0473901 0.074975 0.858654
0 0.458789 0.522379 0.0722916 0.0725548 0.858582
0 0.177715 0.629737 0.0753742 0.0757174 0.857374
0 0.833001 0.968919 0.0756153 0.0621626 0.856592
1 0.650551 0.47361 0.074749 0.0745697 0.8561
2 0.41488 0.651852 0.0747903 0.0747034 0.855604
1 0.689313 0.546867 0.0745632 0.0749583 0.855058
0 0.644274 0.697391 0.0725946 0.0729876 0.854798
1 0.932843 0.488996 0.0751522 0.074909 0.854231
0 0.117111 0.582669 0.0759176 0.0754596 0.854221
0 0.0223218 0.660247 0.0446435 0.0735222 0.853816
1 0.556934 0.347999 0.0760344 0.0757871 0.85322
2 0.940381 0.637385 0.0733837 0.0732958 0.853209
1 0.556101 0.324042 0.0758256 0.0759041 0.852872
1 0.888612 0.0467417 0.0754841 0.0758325 0.852678
0 0.367272 0.87039 0.073154 0.0729748 0.852371
1 0.552119 0.964089 0.0726803 0.0702881 0.852261
0 0.344913 0.705643 0.0744334 0.073955 0.85189
2 0.794328 0.570762 0.0750473 0.0750669 0.851399
2 0.394822 0.517371 0.072629 0.0727175 0.851367
2 0.53414 0.840693 0.0719327 0.0713213 0.851236
2 0.318679 0.58121 0.0735185 0.0744778 0.851115
1 0.570671 0.429995 0.0754002 0.0750111 0.850914
2 0.91949 0.765595 0.0748602 0.0745329 0.850659
1 0.246971 0.0350905 0.0752408 0.070181 0.850459
1 0.275062 0.0854631 0.0767264 0.0762923 0.850369
0 0.287432 0.539301 0.0747631 0.0748142 0.850166
2 0.833951 0.681463 0.0755066 0.0752804 0.849986
1 0.245847 0.942561 0.0726533 0.0727758 0.849779
1 0.662993 0.5188 0.0739742 0.0744631 0.849305
0 0.887174 0.831245 0.0748898 0.0746921 0.8489
1 0.562368 0.59097 0.0722556 0.0728126 0.847671
1 0.0719593 0.185408 0.0771926 0.0779487 0.847561
0 0.0995256 0.693236 0.0751337 0.0742755 0.846551
1 0.955921 0.643418 0.0742737 0.0745506 0.84611
1 0.228779 0.404755 0.0771566 0.0782014 0.845926
1 0.244189 0.901271 0.073402 0.0730343 0.845074
1 0.252759 0.0600357 0.0748214 0.0748727 0.844765
2 0.31444 0.622888 0.0749844 0.0749053 0.844517
0 0.3564 0.697047 0.0731634 0.0730937 0.844485
1 0.146149 0.969091 0.0738131 0.0618175 0.844121
1 0.931308 0.587434 0.0737232 0.0729726 0.843833
2 0.109739 0.234659 0.0782979 0.0781899 0.843325
1 0.687264 0.412398 0.0742965 0.0745402 0.842525
1 0.960499 0.413506 0.0741749 0.0742962 0.841839
2 0.138042 0.834366 0.0748926 0.0749735 0.841742
1 0.743054 0.772647 0.0728135 0.0724577 0.841677
2 0.264449 0.448781 0.0770167 0.0764065 0.84084
1 0.711003 0.922525 0.0732208 0.0737375 0.840399
2 0.0962569 0.977554 0.0765359 0.0448057 0.839996
2 0.206869 0.736607 0.0737768 0.0736708 0.839925
2 0.574441 0.93196 0.0735341 0.0738626 0.839913
1 0.924667 0.544527 0.0757635 0.0751121 0.839597
0 0.304141 0.739743 0.0729926 0.0725512 0.839314
2 0.039185 0.776633 0.0768078 0.0780085 0.839046
1 0.203916 0.206557 0.0758457 0.076123 0.838443
2 0.832333 0.646282 0.075658 0.0746618 0.837904
0 0.263583 0.755273 0.0740402 0.0734432 0.837777
1 0.290872 0.0978123 0.0770916 0.076856 0.837609
0 0.484341 0.527453 0.0741642 0.0738147 0.837147
1 0.285991 0.0740563 0.0763014 0.0762656 0.836412
1 0.755352 0.74612 0.0739466 0.0732407 0.835866
2 0.22122 0.642895 0.0758511 0.0750062 0.835714
0 0.38614 0.867692 0.0716804 0.0713613 0.835049
1 0.374845 0.957862 0.0725831 0.0729584 0.834577
0 0.0200076 0.25577 0.0400152 0.0769879 0.83309
2 0.308111 0.0192735 0.0745597 0.0385471 0.831422
1 0.707764 0.307423 0.0744411 0.0744021 0.831119
2 0.431522 0.337094 0.0766056 0.077173 0.829999
1 0.262582 0.0791996 0.0767014 0.0768288 0.829594
0 0.224793 0.479966 0.076395 0.0769594 0.829529
1 0.796965 0.378891 0.0747362 0.0750367 0.829521
0 0.762314 0.690457 0.0732697 0.0729557 0.829418
0 0.385225 0.718735 0.0740016 0.0743555 0.828928
2 0.0742154 0.831323 0.076183 0.0755804 0.828854
2 0.127524 0.821172 0.0744271 0.0745127 0.827515
2 0.519921 0.37417 0.0763662 0.0765455 0.827514
2 0.891618 0.596697 0.074258 0.0745754 0.826826
2 0.0911744 0.931672 0.0740136 0.0740932 0.826753
2 0.886389 0.613873 0.0738258 0.0745138 0.826636
1 0.192108 0.901556 0.0729306 0.0720098 0.825812
2 0.293877 0.879002 0.0745295 0.0737883 0.825749
1 0.912541 0.0360136 0.0756531 0.0714782 0.825459
2 0.40401 0.589779 0.0742329 0.0739916 0.825261
0 0.442486 0.505545 0.0733273 0.0729719 0.82367
2 0.648596 0.842297 0.0735883 0.0744846 0.823349
2 0.0604287 0.832234 0.077903 0.0771645 0.822897
1 0.206274 0.0316702 0.0763997 0.0630612 0.822868
0 0.870061 0.762887 0.0749069 0.0747608 0.821576
2 0.217956 0.728551 0.0750771 0.0747171 0.820133
2 0.172282 0.574487 0.0764716 0.0762308 0.819241
2 0.362905 0.538782 0.0724025 0.0728361 0.818761
1 0.0236437 0.0712688 0.0472874 0.0777265 0.818597
1 0.0600924 0.928778 0.0751404 0.0757027 0.818526
1 0.772049 0.033656 0.0768675 0.0671734 0.818522
1 0.724503 0.434935 0.0734194 0.0730046 0.817402
1 0.0212763 0.141313 0.0425043 0.0725732 0.817137
2 0.631562 0.860156 0.0732998 0.0726746 0.817061
2 0.245085 0.616741 0.0745724 0.0751022 0.816809
1 0.937082 0.0253551 0.0749641 0.0507103 0.816549
2 0.964596 0.710431 0.0708079 0.0730113 0.816451
1 0.738694 0.538708 0.0756438 0.0757178 0.81625
2 0.170036 0.758839 0.075066 0.0753258 0.81471
1 0.668557 0.389088 0.0739482 0.0735487 0.812762
2 0.261921 0.781461 0.0734802 0.0739901 0.811503
2 0.484657 0.762225 0.0719107 0.0717224 0.811196
2 0.978357 0.724243 0.0428989 0.0737696 0.810836
2 0.906115 0.737923 0.0749649 0.0741043 0.809326
2 0.84802 0.803223 0.0739723 0.0745251 0.808184
0 0.488667 0.772135 0.0726627 0.0728582 0.807823
1 0.45363 0.638222 0.0736422 0.0729 0.807127
2 0.419986 0.77706 0.0721769 0.0721279 0.806343
1 0.969658 0.556491 0.0604233 0.0728649 0.805933
1 0.308219 0.419784 0.0754956 0.0759636 0.805932
1 0.0202796 0.903109 0.0405592 0.0750593 0.804239
2 0.525524 0.76195 0.0733838 0.0732063 0.803885
0 0.168078 0.795264 0.0747948 0.0751287 0.803392
2 0.683279 0.745853 0.0742527 0.0737789 0.799466
0 0.0892912 0.594224 0.0770623 0.0758123 0.799093
0 0.240127 0.691383 0.0742694 0.073143 0.797712
1 0.905551 0.523225 0.0776207 0.0770103 0.797149
2 0.526742 0.186135 0.0744839 0.074789 0.796134
0 0.0645905 0.679989 0.074653 0.0747065 0.79603
0 0.978414 0.8111 0.0428944 0.074421 0.795296
0 0.503087 0.843572 0.0722034 0.072657 0.792827
1 0.344332 0.32625 0.0784515 0.0781599 0.792318
1 0.529958 0.945853 0.0723187 0.071945 0.791076
0 0.37838 0.847629 0.0724211 0.0731579 0.790182
2 0.129783 0.642875 0.075891 0.0758119 0.788633
2 0.493471 0.568693 0.0726441 0.0723471 0.787434
1 0.903391 0.0659155 0.0763296 0.0762722 0.786139
0 0.323969 0.490866 0.0751553 0.0745395 0.786018
2 0.493261 0.482341 0.0745968 0.0739668 0.785987
0 0.156076 0.669443 0.0749582 0.0747789 0.784498
2 0.367432 0.685712 0.0740304 0.0741566 0.781112
1 0.417429 0.977104 0.0740553 0.0457911 0.778285
1 0.285773 0.180591 0.0781389 0.0774133 0.778012
0 0.96778 0.934161 0.0644323 0.0743725 0.776753
1 0.963801 0.0675765 0.069878 0.0739137 0.775471
1 0.135444 0.174221 0.0767143 0.0776813 0.775259
1 0.956772 0.0255065 0.0765259 0.0510131 0.773947
2 0.556896 0.63445 0.072962 0.0723784 0.77377
1 0.498733 0.941373 0.0724669 0.0729486 0.773381
1 0.709703 0.225763 0.0770668 0.0765987 0.77324
2 0.615309 0.845154 0.0737452 0.0740191 0.772517
1 0.284716 0.121298 0.0770714 0.0764663 0.772506
2 0.18473 0.504637 0.0754728 0.0752321 0.772372
0 0.158831 0.579334 0.0754797 0.0759174 0.77135
2 0.588214 0.703031 0.0734064 0.073546 0.769935
2 0.295331 0.778008 0.0734569 0.073826 0.766805
1 0.981637 0.0666371 0.0367264 0.0755684 0.766051
2 0.847636 0.787651 0.0735233 0.0745802 0.765589
1 0.66972 0.921475 0.073558 0.0735241 0.764449
2 0.15868 0.579982 0.0761784 0.0761984 0.763854
0 0.769076 0.806933 0.0737391 0.0732392 0.761689
2 0.487194 0.231607 0.076383 0.076321 0.76129
0 0.416677 0.196683 0.0757409 0.0754808 0.756954
0 0.156479 0.0876967 0.0799636 0.0805728 0.755582
0 0.850448 0.76755 0.0739244 0.0738994 0.752357
1 0.0223315 0.92039 0.0445238 0.0708149 0.752328
0 0.546571 0.849476 0.0723515 0.0720387 0.750748
1 0.926629 0.073448 0.0750055 0.0752672 0.74889
0 0.0324293 0.497833 0.0646826 0.0762957 0.748138
1 0.628569 0.934531 0.0743387 0.0735573 0.746362
1 0.975605 0.926188 0.0487892 0.0738628 0.742784
2 0.3997 0.496481 0.0737011 0.0724821 0.742592
0 0.979746 0.83371 0.0405082 0.0736551 0.740712
1 0.0799891 0.0212153 0.0770521 0.0424086 0.739982
2 0.976509 0.615241 0.0469828 0.0741904 0.738843
0 0.342258 0.635677 0.074416 0.0740184 0.7377
1 0.972565 0.478519 0.0548702 0.0710199 0.737295
2 0.816816 0.367882 0.0755476 0.0757604 0.737232
1 0.91999 0.40909 0.0741505 0.0740216 0.737026
0 0.8704 0.8428 0.074074 0.0741432 0.736873
0 0.326851 0.864844 0.0724684 0.0724133 0.736341
2 0.0465956 0.354627 0.0764223 0.0773499 0.736007
2 0.182507 0.816072 0.0737949 0.0728521 0.735717
2 0.749634 0.622066 0.0741619 0.0745243 0.734259
1 0.940004 0.0909495 0.0741627 0.0740407 0.733528
2 0.563879 0.671703 0.0724897 0.0727406 0.731066
1 0.776574 0.700394 0.0745081 0.0745635 0.729643
1 0.205632 0.455147 0.0779469 0.077644 0.72737
1 0.759646 0.896081 0.0733805 0.0731495 0.727137
1 0.938521 0.112737 0.0748466 0.0745857 0.726238
0 0.0794512 0.517517 0.0754568 0.0753507 0.725204
1 0.832939 0.0703846 0.0734795 0.0738712 0.721825
0 0.592255 0.735593 0.0753665 0.0747631 0.721537
2 0.0279951 0.378602 0.0559902 0.0767864 0.720486
0 0.416744 0.794359 0.0718535 0.0724899 0.718923
1 0.242399 0.209363 0.077074 0.0771429 0.717914
2 0.433845 0.116623 0.0761879 0.0761157 0.716884
1 0.733342 0.504982 0.0751543 0.0752733 0.716311
1 0.48648 0.440812 0.0751523 0.0749167 0.715621
1 0.392642 0.384476 0.0741778 0.0754334 0.712418
1 0.0170269 0.189261 0.0338673 0.072209 0.712001
0 0.942044 0.665994 0.073576 0.0738735 0.711606
1 0.791604 0.403497 0.0742361 0.0744144 0.711022
1 0.978029 0.433811 0.0439419 0.0753779 0.710463
2 0.915457 0.237359 0.0758919 0.0759939 0.709685
0 0.0571315 0.604984 0.0750111 0.0750754 0.709579
2 0.386432 0.144564 0.0769114 0.0764512 0.708722
2 0.732677 0.842342 0.0744121 0.0740641 0.708184
2 0.582748 0.467356 0.0759665 0.0750232 0.707744
1 0.625178 0.359554 0.0727455 0.0721869 0.706463
0 0.799928 0.643999 0.0737123 0.0738668 0.705178
2 0.817669 0.579452 0.0736736 0.0735844 0.705019
1 0.983032 0.0831313 0.0336611 0.0739537 0.704963
2 0.203303 0.668003 0.0752217 0.0749744 0.70436
2 0.378998 0.618009 0.0738473 0.0734878 0.703011
0 0.0207395 0.582867 0.0414791 0.0750639 0.702996
1 0.799549 0.392295 0.0735542 0.0736346 0.702444
2 0.921891 0.628049 0.0730431 0.0730194 0.701609
1 0.598641 0.360341 0.0728151 0.0733686 0.700852
1 0.316209 0.446891 0.0755085 0.0758293 0.699872
2 0.600552 0.30288 0.0737753 0.0740341 0.697548
1 0.882713 0.196253 0.0760788 0.0761332 0.694093
1 0.227324 0.364548 0.0781647 0.0779765 0.693982
0 0.420329 0.777745 0.0728504 0.0720747 0.693805
1 0.976246 0.0449731 0.0475086 0.0724745 0.693151
2 0.646563 0.296601 0.0748703 0.0750901 0.691042
2 0.923265 0.745894 0.0745304 0.0746561 0.690926
1 0.135662 0.273644 0.0758948 0.0762946 0.690802
0 0.345408 0.517863 0.0733489 0.0732201 0.689988
1 0.914624 0.0247383 0.0741333 0.0494765 0.689936
1 0.335758 0.435845 0.074296 0.0739205 0.688488
0 0.018223 0.467474 0.0364461 0.0767042 0.68788
2 0.336063 0.0274141 0.0755623 0.0548283 0.683497
1 0.332554 0.0559723 0.0767228 0.0772329 0.682796
0 0.861165 0.849199 0.0736729 0.0737598 0.680576
1 0.765575 0.552932 0.0754022 0.0747995 0.680536
1 0.210726 0.949192 0.0699229 0.0705994 0.680157
2 0.830648 0.364493 0.0759787 0.0759772 0.673187
1 0.978511 0.129712 0.0425819 0.0723611 0.672781
2 0.246742 0.721827 0.0736641 0.0731306 0.671945
2 0.839146 0.591455 0.0744736 0.074365 0.668761
1 0.981247 0.64724 0.0375058 0.0718496 0.666834
0 0.129693 0.369629 0.075201 0.0751538 0.664769
1 0.726642 0.969082 0.0712679 0.0614658 0.662199
2 0.979426 0.671295 0.0409935 0.0732946 0.661719
1 0.652187 0.446071 0.0734927 0.0734718 0.661338
2 0.304131 0.693749 0.0732628 0.0730436 0.660368
0 0.543304 0.623367 0.0725363 0.0726063 0.658825
1 0.142644 0.950584 0.073667 0.0731018 0.658432
0 0.632101 0.830351 0.0744985 0.0743344 0.658256
1 0.724217 0.554301 0.075326 0.0752323 0.655443
1 0.981484 0.0321332 0.0368315 0.0640082 0.652571
0 0.59337 0.918377 0.0732817 0.0736824 0.650732
0 0.684583 0.706879 0.0744089 0.0736928 0.650504
1 0.0192267 0.102438 0.0384534 0.0764951 0.650078
1 0.221634 0.190622 0.0747444 0.0748258 0.646616
1 0.347174 0.818423 0.071827 0.0727335 0.643114
2 0.908547 0.802326 0.0749226 0.0742363 0.640017
0 0.793899 0.980158 0.0736594 0.0395447 0.639522
1 0.519763 0.856508 0.071767 0.0722038 0.635666
2 0.348396 0.765221 0.073006 0.0732739 0.633948
2 0.945716 0.693112 0.0729313 0.072625 0.630458
1 0.276189 0.420445 0.0766685 0.0765585 0.629777
0 0.357186 0.97956 0.0720658 0.0408796 0.629007
1 0.681667 0.0686436 0.0774854 0.0773761 0.628706
0 0.310304 0.85401 0.0718934 0.0720749 0.628299
0 0.11131 0.573269 0.0761606 0.0753726 0.628259
1 0.940554 0.0460789 0.0750467 0.0753006 0.626281
2 0.439286 0.883766 0.0712883 0.0717342 0.622497
0 0.129859 0.571576 0.0749889 0.0750669 0.62246
2 0.372575 0.894961 0.0722747 0.0732744 0.616699
2 0.353028 0.0173048 0.0753802 0.0346097 0.616325
0 0.277385 0.45527 0.0757081 0.0761291 0.614473
2 0.37068 0.721681 0.0740303 0.0739874 0.614387
0 0.27179 0.494536 0.0757379 0.0754305 0.613403
1 0.638555 0.375883 0.0723919 0.0728635 0.612329
2 0.716802 0.864152 0.071821 0.0722467 0.608397
1 0.747131 0.230861 0.0778353 0.0778784 0.605357
1 0.0311354 0.0563127 0.0622708 0.0723325 0.601486
1 0.591235 0.333391 0.0741608 0.0744118 0.599633
1 0.519344 0.346527 0.0757145 0.0756644 0.599231
1 0.971745 0.0944837 0.0565107 0.0724209 0.59686
2 0.889486 0.0211599 0.0739256 0.0421895 0.592708
1 0.677976 0.329993 0.0744797 0.074514 0.592289
1 0.679218 0.306774 0.0737476 0.0746226 0.589996
2 0.683351 0.765712 0.0726002 0.0723836 0.588926
1 0.188592 0.973934 0.0697364 0.052133 0.585505
2 0.373622 0.543049 0.0736323 0.0733473 0.584547
2 0.446315 0.156802 0.0756926 0.0760172 0.584515
2 0.520013 0.67005 0.0722124 0.0722735 0.583945
1 0.977567 0.0233583 0.0448669 0.0467166 0.580255
2 0.133387 0.232582 0.0779353 0.0776091 0.579899
1 0.905918 0.407401 0.0745518 0.0742682 0.578131
1 0.459638 0.600821 0.0734737 0.0731615 0.577308
1 0.0339703 0.0192011 0.0679406 0.0384022 0.577105
1 0.67638 0.235581 0.0765446 0.0761609 0.576586
1 0.513261 0.928061 0.0719934 0.0717844 0.574691
2 0.591808 0.734819 0.0748766 0.0736824 0.57468
2 0.767784 0.362582 0.0743562 0.0741512 0.572638
1 0.981252 0.981461 0.0363476 0.0362047 0.57204
1 0.519507 0.982757 0.0752504 0.0344383 0.570091
2 0.558967 0.407609 0.074742 0.0751015 0.566505
1 0.953831 0.44774 0.0731789 0.0744266 0.565449
1 0.91827 0.480494 0.074662 0.0745687 0.561541
1 0.894101 0.215377 0.0750282 0.0749492 0.55798
1 0.7689 0.0788847 0.0782286 0.0785606 0.557827
2 0.116821 0.525787 0.0769346 0.0770159 0.556922
2 0.390135 0.624941 0.0742933 0.0738124 0.556569
1 0.557237 0.981811 0.074029 0.0363626 0.552393
1 0.0517101 0.976371 0.0716336 0.0472588 0.547634
2 0.687891 0.1585 0.0806128 0.079406 0.545023
2 0.687039 0.610081 0.0757893 0.0759111 0.544263
2 0.517147 0.344541 0.0764017 0.0767254 0.541926
1 0.16935 0.967476 0.0706207 0.0647007 0.540163
2 0.759765 0.648793 0.073761 0.0738041 0.539895
1 0.788695 0.672878 0.0731123 0.0737518 0.537252
2 0.369865 0.311745 0.0778894 0.0789394 0.531899
0 0.639826 0.983824 0.0731238 0.032048 0.530255
1 0.623661 0.579568 0.072669 0.0731519 0.528305
1 0.245568 0.967122 0.0731309 0.0650707 0.528289
0 0.371771 0.310488 0.0768579 0.0766226 0.528144
2 0.977217 0.686519 0.0455665 0.0725388 0.527226
2 0.916251 0.891842 0.0726471 0.0729343 0.526405
1 0.255622 0.975604 0.0726585 0.0485353 0.522121
1 0.678684 0.45808 0.073704 0.0742596 0.519331
1 0.11879 0.0202308 0.077813 0.0404615 0.516266
2 0.0892797 0.721861 0.074366 0.0750033 0.516066
2 0.183907 0.778373 0.0737973 0.0729525 0.515194
1 0.791892 0.0181339 0.0744717 0.0362678 0.509812
2 0.416572 0.794034 0.0707446 0.070867 0.507976
1 0.226948 0.0289196 0.076517 0.0576063 0.504212
2 0.886049 0.889477 0.0733582 0.0733105 0.503522
