0 0.0291553 0.827816 0.0580031 0.0698582 0.930509
0 0.657101 0.597402 0.0697426 0.0696892 0.929733
2 0.697066 0.513691 0.0704494 0.069943 0.925059
0 0.590323 0.329896 0.0713347 0.0717745 0.925001
0 0.925034 0.104613 0.0711683 0.071475 0.923854
2 0.462977 0.344034 0.0694707 0.069147 0.922976
0 0.603684 0.219356 0.0710041 0.0712387 0.922822
2 0.644007 0.57823 0.0700449 0.0691591 0.922038
0 0.966016 0.828072 0.0673904 0.0700066 0.921989
0 0.438334 0.397138 0.0704762 0.0713252 0.920426
2 0.929652 0.397569 0.0711151 0.0699433 0.920307
0 0.584902 0.416274 0.07036 0.070767 0.919793
0 0.132287 0.637715 0.0727032 0.0720423 0.919369
0 0.595291 0.311702 0.0715481 0.0710825 0.919103
0 0.791765 0.171368 0.0738033 0.0736004 0.917473
0 0.616186 0.605009 0.0700787 0.0697205 0.91702
0 0.303038 0.690662 0.0722936 0.0715378 0.917008
0 0.969462 0.789285 0.0610763 0.0690705 0.916894
0 0.638993 0.315962 0.0713481 0.070998 0.916554
0 0.913275 0.725645 0.0689587 0.0695156 0.916426
2 0.882748 0.385196 0.0704046 0.0707132 0.916119
2 0.915744 0.524624 0.069198 0.0685818 0.916053
0 0.708677 0.580147 0.0693485 0.0693195 0.916031
0 0.905688 0.393755 0.070513 0.0705503 0.915994
2 0.586095 0.842518 0.0709855 0.0717699 0.915968
2 0.655521 0.616495 0.0698925 0.0687853 0.91577
0 0.292231 0.652941 0.0716462 0.0718968 0.915289
0 0.56403 0.402141 0.0710363 0.0704394 0.915136
2 0.238823 0.447122 0.0707312 0.0709122 0.915064
0 0.155059 0.680972 0.0724084 0.0720974 0.914829
0 0.312562 0.640886 0.0710144 0.0711285 0.914755
0 0.627425 0.615015 0.0691061 0.0683948 0.914629
0 0.109321 0.807887 0.0712151 0.0712921 0.914452
0 0.104708 0.832387 0.0704064 0.0702757 0.914189
0 0.744056 0.568218 0.0703171 0.070704 0.914064
2 0.561767 0.312888 0.0707838 0.0703996 0.914005
2 0.565394 0.869397 0.0709251 0.0711447 0.91388
0 0.891559 0.717237 0.069429 0.0690159 0.913792
0 0.534876 0.241195 0.0701164 0.0701283 0.913712
1 0.824384 0.0807871 0.0719738 0.0730671 0.913095
0 0.372643 0.536892 0.0701647 0.0703832 0.912486
0 0.138582 0.265978 0.0739555 0.0740629 0.912065
0 0.42966 0.518091 0.0706605 0.0703651 0.91142
0 0.395338 0.274433 0.0721409 0.0714728 0.911074
2 0.675789 0.823824 0.0716287 0.0713871 0.910967
0 0.812425 0.387281 0.070694 0.0711776 0.910846
0 0.0634687 0.406934 0.0724958 0.0730769 0.910703
0 0.553683 0.485291 0.0713762 0.0713123 0.910522
2 0.924342 0.962634 0.0677605 0.0681351 0.910403
0 0.126631 0.716186 0.0727672 0.0728119 0.910402
2 0.826417 0.0400368 0.0726099 0.0730581 0.910009
0 0.62358 0.576974 0.0701246 0.0693785 0.909937
0 0.349187 0.610709 0.070111 0.0704344 0.909934
2 0.571575 0.321029 0.0707966 0.0709562 0.909893
0 0.550318 0.304314 0.0700218 0.0704594 0.909866
2 0.841598 0.593975 0.0711643 0.0711519 0.909859
2 0.56321 0.4241 0.0711724 0.0712929 0.909832
0 0.845012 0.63283 0.0709913 0.0706188 0.909748
2 0.727532 0.563487 0.0697922 0.0697588 0.909614
0 0.58055 0.212068 0.0714584 0.0706638 0.909521
2 0.901046 0.890306 0.0686998 0.0683502 0.909435
0 0.466117 0.502675 0.0710806 0.0708405 0.909289
2 0.903059 0.524368 0.0689579 0.0683992 0.909223
2 0.462202 0.278732 0.0697365 0.0706599 0.909209
0 0.613952 0.253132 0.0698152 0.0700077 0.909196
0 0.0444101 0.853798 0.0714309 0.0709789 0.909084
0 0.282218 0.428834 0.0704837 0.0707944 0.909075
0 0.691275 0.542124 0.0704206 0.0701828 0.908743
0 0.958689 0.803741 0.0699409 0.0697728 0.908639
0 0.415128 0.501263 0.0707908 0.0700752 0.908634
0 0.763092 0.0946103 0.0726077 0.07248 0.908606
2 0.588339 0.763752 0.070058 0.0700132 0.908518
0 0.125075 0.379105 0.0722004 0.0724171 0.908422
2 0.0414614 0.417694 0.0740294 0.0736391 0.908162
2 0.73532 0.585446 0.0693659 0.0691999 0.908029
0 0.451077 0.531033 0.0703594 0.0708188 0.908016
0 0.623655 0.43653 0.0714195 0.0711481 0.907765
0 0.918636 0.68592 0.0692799 0.0679988 0.90763
1 0.823922 0.508898 0.068855 0.0699049 0.907324
0 0.705381 0.372005 0.0722773 0.0714516 0.907305
0 0.885761 0.61293 0.0697287 0.069191 0.907153
2 0.435975 0.794559 0.0689478 0.0702875 0.906855
0 0.959464 0.236625 0.0723429 0.0722034 0.9068
0 0.472613 0.609699 0.071112 0.0707493 0.906637
0 0.945849 0.724826 0.0697552 0.0684914 0.9066
2 0.665814 0.062999 0.0715099 0.0706826 0.9065
0 0.154154 0.517083 0.0719448 0.0720663 0.906378
0 0.948557 0.688302 0.0683929 0.0682056 0.906171
2 0.845443 0.508024 0.0697033 0.0701109 0.906069
0 0.199554 0.973293 0.0693779 0.0533709 0.906052
0 0.181797 0.359698 0.0725027 0.0712069 0.905877
0 0.147108 0.857696 0.0687573 0.0688478 0.90583
0 0.496149 0.359892 0.07041 0.0702775 0.905602
2 0.823822 0.637229 0.0700982 0.0703947 0.905593
0 0.910199 0.1077 0.0709625 0.0722204 0.905532
0 0.678115 0.322876 0.0722498 0.0724489 0.905519
0 0.588024 0.589046 0.0698915 0.0695044 0.905492
1 0.718675 0.170243 0.0724507 0.0717103 0.905434
0 0.0375373 0.253189 0.0744068 0.0748526 0.905272
0 0.788446 0.570778 0.06951 0.0696075 0.90518
2 0.138552 0.935347 0.0674299 0.0678905 0.905172
2 0.033848 0.634251 0.0676959 0.0711426 0.905124
0 0.396823 0.324278 0.0697521 0.0693574 0.905113
2 0.537904 0.316048 0.0695641 0.0692341 0.905093
0 0.865904 0.586912 0.070385 0.0695995 0.905045
0 0.416965 0.352914 0.0706387 0.0697616 0.904993
0 0.507583 0.469599 0.0712152 0.0710831 0.904988
0 0.0752336 0.808022 0.0702906 0.0712563 0.904978
2 0.116333 0.654988 0.071521 0.0714666 0.904975
2 0.5969 0.90472 0.0695885 0.0698425 0.90492
2 0.0752974 0.397296 0.0716294 0.0721317 0.904915
0 0.322543 0.626605 0.0705247 0.0706161 0.904914
0 0.783377 0.136832 0.072136 0.0722737 0.904726
2 0.435445 0.675026 0.0706434 0.0698285 0.904724
2 0.227628 0.402085 0.0715815 0.0723987 0.904679
0 0.164933 0.930689 0.0683748 0.0687248 0.904665
2 0.189559 0.90479 0.0692502 0.0700268 0.904402
0 0.241355 0.920396 0.0694487 0.0701124 0.90436
0 0.138937 0.352485 0.0723879 0.0729177 0.9041
0 0.696124 0.0682831 0.0716682 0.0711765 0.903986
2 0.592657 0.288452 0.0716925 0.0702865 0.90394
1 0.776866 0.610325 0.0702389 0.0696804 0.903939
0 0.731203 0.213223 0.0724365 0.0711846 0.903873
0 0.371697 0.518347 0.0711001 0.0708588 0.903754
1 0.901515 0.365834 0.0710617 0.0721477 0.903635
0 0.941285 0.90006 0.0703125 0.0688404 0.903565
2 0.361256 0.325557 0.0701391 0.070081 0.903554
0 0.408747 0.659792 0.0700631 0.0700772 0.903546
0 0.566664 0.457999 0.0709305 0.0711193 0.903537
0 0.969442 0.808429 0.0611155 0.0711052 0.903478
0 0.452073 0.304161 0.0699081 0.0700927 0.903438
0 0.212278 0.322622 0.0724439 0.0727194 0.903418
2 0.147563 0.291061 0.074067 0.0733464 0.903394
0 0.5555 0.519649 0.0698464 0.0697755 0.903342
0 0.926223 0.860718 0.0689144 0.0694702 0.903126
0 0.420039 0.463538 0.0702686 0.0699763 0.902953
0 0.909508 0.802702 0.0705629 0.070817 0.902755
0 0.50986 0.337763 0.0715969 0.0702924 0.902701
0 0.664545 0.555275 0.0692493 0.0700651 0.9027
0 0.253824 0.617562 0.0716989 0.0718077 0.902624
0 0.536977 0.459175 0.070857 0.0709579 0.902169
0 0.424409 0.622987 0.0702325 0.070443 0.902088
0 0.111596 0.93075 0.0673639 0.0680754 0.902069
1 0.834275 0.917843 0.0716675 0.0720947 0.90199
0 0.310609 0.409962 0.0711366 0.0710627 0.901977
0 0.390276 0.740617 0.0713803 0.0715521 0.90189
0 0.352983 0.383377 0.0704832 0.0705455 0.901764
0 0.627725 0.383179 0.0717379 0.0721259 0.901736
0 0.951173 0.77033 0.0688238 0.0699505 0.90167
0 0.953925 0.620536 0.069775 0.0689404 0.901374
0 0.549486 0.577694 0.0707321 0.0709797 0.901367
2 0.058683 0.931263 0.0710792 0.0710304 0.901197
0 0.520579 0.375542 0.0719942 0.0701746 0.901021
2 0.577322 0.881604 0.0699076 0.0706938 0.901001
0 0.0904203 0.170043 0.0762251 0.0749329 0.900755
0 0.150615 0.97186 0.0680226 0.0562792 0.900751
0 0.184456 0.630829 0.0715987 0.0716457 0.900699
1 0.134556 0.440935 0.0710021 0.0704699 0.900624
0 0.601663 0.949704 0.0679305 0.0669697 0.900472
0 0.174338 0.518153 0.0716604 0.071872 0.900471
0 0.257671 0.343657 0.0714933 0.0716066 0.900374
1 0.961291 0.338459 0.0695011 0.0695502 0.900267
0 0.494101 0.508094 0.0715095 0.0707264 0.900264
0 0.599992 0.557269 0.0698763 0.07061 0.900225
1 0.172217 0.693239 0.071065 0.0715691 0.900155
0 0.321928 0.41608 0.0711989 0.0710094 0.899863
0 0.531672 0.289033 0.0691688 0.0688798 0.899759
2 0.372811 0.644788 0.0703775 0.0695946 0.899655
0 0.379966 0.654853 0.0710463 0.0704247 0.899626
0 0.31 0.960806 0.0705142 0.070079 0.899622
0 0.243266 0.137264 0.0743399 0.0734885 0.899542
2 0.492307 0.236895 0.0711016 0.0703536 0.899373
0 0.641491 0.339941 0.0723158 0.0719341 0.899199
0 0.205385 0.403049 0.0724395 0.0718843 0.899062
0 0.0674497 0.841883 0.0711555 0.0702377 0.899019
2 0.395594 0.523217 0.0705057 0.0698195 0.899005
0 0.91851 0.670962 0.0698015 0.0690493 0.89899
0 0.10076 0.425046 0.0722329 0.0722152 0.898988
0 0.0994619 0.402662 0.0721377 0.0727249 0.898966
1 0.152245 0.417119 0.0713171 0.0707669 0.898951
1 0.760542 0.299424 0.0729431 0.0724489 0.898726
0 0.656862 0.503798 0.070321 0.070046 0.898667
1 0.63084 0.0910186 0.0708591 0.070561 0.898638
0 0.967634 0.946263 0.0645399 0.0674574 0.898547
0 0.0260083 0.194837 0.0520166 0.0752491 0.898536
2 0.585992 0.391707 0.0704749 0.0714205 0.898518
0 0.71232 0.0604767 0.0712891 0.0715059 0.898377
0 0.204683 0.918281 0.070078 0.0697773 0.898165
0 0.416284 0.479836 0.0703067 0.0706879 0.898165
2 0.21545 0.372977 0.0717273 0.0718597 0.898055
2 0.829507 0.610428 0.0699265 0.0696354 0.897982
0 0.542473 0.428332 0.07244 0.0713749 0.897818
0 0.220129 0.922834 0.0695314 0.0692904 0.897812
2 0.861809 0.718212 0.0698532 0.069806 0.897654
0 0.444437 0.548127 0.0715431 0.0709194 0.897312
1 0.185672 0.678485 0.0705307 0.0708425 0.897297
0 0.050472 0.779894 0.0718535 0.0719929 0.897124
0 0.955918 0.738523 0.0713261 0.0696846 0.897067
0 0.680568 0.614416 0.0693424 0.0689865 0.897026
0 0.961729 0.384957 0.0696419 0.0703959 0.897023
0 0.536761 0.259601 0.0688201 0.0700898 0.897007
2 0.392619 0.392207 0.0699265 0.0696457 0.896867
1 0.530088 0.72736 0.0695148 0.0685793 0.896801
0 0.86381 0.129098 0.0727602 0.0726244 0.896632
2 0.700278 0.309082 0.0722494 0.072484 0.896527
2 0.0283851 0.605349 0.0567702 0.0738764 0.896361
0 0.531206 0.495599 0.0713661 0.0706865 0.896304
0 0.739564 0.10469 0.0718524 0.0718781 0.896177
1 0.248347 0.53314 0.0724789 0.0724592 0.896093
0 0.246281 0.359527 0.0715753 0.0717947 0.896089
2 0.589861 0.916631 0.0691015 0.0683548 0.89602
1 0.859054 0.754695 0.0700565 0.0700821 0.895956
0 0.374413 0.312662 0.0703897 0.0701327 0.895901
0 0.277645 0.653863 0.0716692 0.0709473 0.895802
0 0.74354 0.623971 0.0702578 0.0695703 0.895698
2 0.961211 0.0644735 0.0714314 0.071441 0.895631
0 0.164757 0.555451 0.0718118 0.072011 0.895541
0 0.376023 0.474601 0.0701377 0.0703911 0.89544
1 0.361928 0.593423 0.0699307 0.0712698 0.895414
2 0.0581406 0.798712 0.0715671 0.0709246 0.895219
0 0.434935 0.466786 0.0703472 0.0710386 0.895158
2 0.852297 0.656029 0.0703566 0.0699194 0.895025
0 0.495857 0.574089 0.0719061 0.071248 0.894996
0 0.266003 0.94673 0.0697764 0.070216 0.894916
0 0.402911 0.540629 0.0700241 0.0694139 0.894845
0 0.646156 0.206368 0.0708267 0.0706021 0.894805
0 0.408524 0.568677 0.0697094 0.069346 0.894785
1 0.791898 0.537378 0.0703597 0.0696601 0.89477
1 0.192976 0.440639 0.0704474 0.0704182 0.894723
2 0.126591 0.503612 0.0716902 0.0721416 0.894685
2 0.736847 0.237768 0.0723429 0.0723027 0.894644
2 0.549414 0.233899 0.0706793 0.0711101 0.894635
0 0.0334635 0.847629 0.0664817 0.0696255 0.894633
2 0.3251 0.970335 0.0694324 0.0586063 0.894604
2 0.769122 0.112846 0.073376 0.0725882 0.894453
2 0.0403464 0.607824 0.0752111 0.0748632 0.894179
2 0.88786 0.89209 0.0697391 0.070759 0.893798
2 0.102054 0.946513 0.0679662 0.0677746 0.893601
0 0.363455 0.505302 0.0705858 0.0707913 0.893494
2 0.824622 0.140111 0.0727027 0.0721729 0.893308
1 0.617915 0.853476 0.0727961 0.0721828 0.893117
0 0.707223 0.500579 0.0710375 0.070146 0.892924
2 0.889939 0.740927 0.0689013 0.0684307 0.892888
0 0.430833 0.428523 0.0714653 0.0709882 0.892879
0 0.965238 0.779029 0.0683472 0.0702724 0.892828
2 0.258758 0.404032 0.0711253 0.071861 0.892617
0 0.611639 0.564492 0.0694799 0.0697405 0.892575
1 0.456263 0.967614 0.0699154 0.0647713 0.892449
1 0.610356 0.682467 0.0707188 0.07106 0.892329
0 0.911418 0.937222 0.0686934 0.0681419 0.892268
2 0.839333 0.70974 0.0707615 0.0705812 0.89218
0 0.672448 0.587321 0.0696719 0.0685476 0.892059
1 0.512004 0.706076 0.0692755 0.0698854 0.891753
0 0.35253 0.457998 0.0721615 0.0718927 0.891735
0 0.591729 0.56889 0.070697 0.070731 0.891638
0 0.593838 0.0329227 0.0714149 0.0657806 0.891628
1 0.65364 0.0835775 0.0715422 0.0711886 0.891355
0 0.326275 0.503712 0.071467 0.0712162 0.89134
2 0.797512 0.102151 0.0728989 0.0729065 0.891332
1 0.0411839 0.584374 0.0744863 0.073459 0.891312
0 0.11552 0.893953 0.0683661 0.0690746 0.891261
2 0.165994 0.905589 0.0688494 0.0699772 0.89112
0 0.504043 0.540722 0.0718973 0.0709381 0.890954
0 0.226815 0.361551 0.0716378 0.071234 0.890885
1 0.694249 0.657437 0.070666 0.0704657 0.890798
2 0.643488 0.525813 0.0708622 0.0698195 0.890728
2 0.371176 0.415449 0.0701166 0.0702049 0.890699
1 0.68028 0.141268 0.0720879 0.0716876 0.890647
0 0.633137 0.451815 0.0718414 0.0707872 0.890554
2 0.288246 0.394861 0.0701177 0.0715363 0.890508
1 0.102062 0.622208 0.072329 0.0727852 0.89041
1 0.17472 0.461723 0.0712476 0.0705914 0.890257
1 0.822454 0.900775 0.0711832 0.0713596 0.89011
1 0.550106 0.726993 0.0691429 0.0690434 0.890039
1 0.0407411 0.751054 0.074306 0.0736671 0.889948
2 0.864442 0.68139 0.0700048 0.069808 0.889879
0 0.886434 0.942801 0.0678459 0.0682415 0.889866
2 0.904159 0.830051 0.0706478 0.0695961 0.889802
2 0.630012 0.410544 0.0707757 0.0710408 0.889551
2 0.269915 0.415207 0.0727526 0.0714563 0.889538
2 0.890421 0.0876896 0.0707153 0.0705719 0.889344
2 0.908085 0.865852 0.0691818 0.0688997 0.888654
2 0.698892 0.616121 0.0685427 0.06904 0.888646
0 0.503667 0.392068 0.0716066 0.0719405 0.88864
1 0.966765 0.35904 0.0663559 0.0709834 0.888606
1 0.932513 0.559841 0.0684284 0.0684312 0.888534
2 0.279498 0.60735 0.0708367 0.0707262 0.888515
2 0.913303 0.0428321 0.0708019 0.0712726 0.888501
2 0.32976 0.450296 0.0719371 0.0706803 0.888474
1 0.713595 0.650638 0.0696692 0.0691593 0.887857
2 0.667182 0.626298 0.0698767 0.0690926 0.887775
1 0.591658 0.0493704 0.0717954 0.070918 0.887564
0 0.312739 0.485128 0.0713455 0.0713446 0.887437
0 0.351222 0.432337 0.0709571 0.0716237 0.887152
2 0.347735 0.36289 0.0700838 0.0702247 0.887115
1 0.589795 0.699788 0.0712963 0.0708834 0.887109
0 0.307363 0.376938 0.0714168 0.0712166 0.887062
1 0.712132 0.285311 0.0724722 0.0728733 0.887051
1 0.75054 0.651804 0.0704455 0.0703646 0.886981
2 0.92127 0.475658 0.0694763 0.0683393 0.886925
0 0.30569 0.576837 0.0718137 0.0700798 0.886786
1 0.717676 0.766164 0.071213 0.0711957 0.886703
2 0.105341 0.731155 0.0736995 0.0729353 0.886607
2 0.962014 0.853874 0.0694393 0.0708527 0.886596
0 0.298218 0.49475 0.0722045 0.0731276 0.886459
0 0.179027 0.974406 0.0696194 0.0508266 0.886372
2 0.960386 0.717123 0.0688332 0.0700445 0.886365
2 0.151879 0.909553 0.0682391 0.0686218 0.886262
1 0.58828 0.736161 0.0703543 0.0707211 0.886252
2 0.496769 0.921541 0.0693864 0.069541 0.885827
2 0.0588738 0.862638 0.0693084 0.0695763 0.885765
0 0.316891 0.591898 0.0708524 0.0705118 0.885713
0 0.0302061 0.907968 0.0604123 0.0681816 0.885619
2 0.657399 0.40931 0.0707574 0.0709629 0.885484
1 0.0556247 0.303878 0.0742949 0.0740545 0.885348
2 0.964036 0.594035 0.069043 0.0705294 0.88511
0 0.322302 0.174561 0.0746331 0.0744074 0.885077
2 0.648718 0.382932 0.0714419 0.0712042 0.885067
2 0.910773 0.0867057 0.0703589 0.0710376 0.884977
2 0.23014 0.905383 0.0713866 0.0707767 0.884967
2 0.943007 0.0393723 0.0729374 0.0724257 0.884878
0 0.175031 0.569068 0.0708976 0.071666 0.884758
1 0.708356 0.417977 0.0704815 0.0702545 0.884692
2 0.534366 0.925338 0.0697535 0.0686548 0.884631
0 0.671729 0.37308 0.0723745 0.0716944 0.884562
1 0.0294667 0.508666 0.0589333 0.0721437 0.884531
1 0.0726952 0.759136 0.0720164 0.0720073 0.884378
1 0.0618845 0.569823 0.0726389 0.0731352 0.884369
1 0.450116 0.949312 0.0685298 0.0682507 0.884359
1 0.783858 0.365551 0.0721155 0.0717721 0.884356
2 0.94695 0.671553 0.0691391 0.0691153 0.884348
2 0.523677 0.232348 0.0710426 0.071872 0.884308
0 0.483362 0.298248 0.0698674 0.0685463 0.884239
0 0.370263 0.443105 0.071199 0.0714386 0.884105
0 0.398038 0.446722 0.069951 0.0710773 0.884023
0 0.288313 0.967974 0.0696802 0.0640515 0.883837
1 0.650268 0.668231 0.0700788 0.069318 0.883696
1 0.835688 0.95106 0.0718449 0.0718079 0.883451
0 0.196622 0.35091 0.0724075 0.0716493 0.883437
2 0.432114 0.814557 0.0693747 0.0685015 0.883325
2 0.930741 0.520156 0.0698425 0.0689579 0.883039
1 0.247261 0.282805 0.0732751 0.073139 0.883027
0 0.340176 0.551522 0.0705897 0.0705362 0.883018
1 0.0262327 0.565064 0.0524655 0.0727491 0.882975
2 0.867309 0.487388 0.0698349 0.0684994 0.882906
2 0.33613 0.405344 0.07131 0.0720334 0.882822
0 0.558901 0.498261 0.0716839 0.0709468 0.882816
0 0.125105 0.964367 0.0678405 0.067337 0.882685
0 0.669217 0.352139 0.0732756 0.0722138 0.882561
0 0.170393 0.950906 0.0691785 0.0686157 0.882144
1 0.0727361 0.71904 0.0737973 0.0743537 0.882113
1 0.1818 0.0728206 0.07358 0.0727776 0.882042
2 0.411922 0.818151 0.0686447 0.0703854 0.881865
1 0.0346213 0.530805 0.0692275 0.0726206 0.881434
2 0.0532518 0.621535 0.074879 0.0737566 0.88138
2 0.868015 0.347531 0.0726427 0.0724333 0.881371
0 0.251862 0.639046 0.0707683 0.0699715 0.881359
1 0.74216 0.280262 0.0730151 0.0730874 0.881278
1 0.732827 0.668597 0.0707912 0.0708178 0.881098
2 0.0253268 0.619984 0.0506535 0.0744388 0.881053
0 0.457786 0.467713 0.0704702 0.0705915 0.881049
1 0.956607 0.371157 0.0710281 0.0704495 0.880942
1 0.807151 0.525422 0.0706903 0.069768 0.880833
2 0.161463 0.967715 0.0674149 0.0641336 0.880798
2 0.412089 0.962962 0.0685055 0.0680477 0.880673
2 0.670276 0.451623 0.0716864 0.0712498 0.880613
2 0.0531133 0.96904 0.0685153 0.0618557 0.880441
0 0.158585 0.618442 0.0721128 0.0720215 0.880192
2 0.857836 0.499669 0.0697969 0.068602 0.880151
1 0.799609 0.284884 0.0727762 0.0724977 0.87981
1 0.252671 0.550825 0.0727709 0.0721671 0.87969
0 0.379107 0.743297 0.0724081 0.0721376 0.879449
2 0.859279 0.170596 0.0738367 0.0733532 0.879216
2 0.899305 0.485798 0.0673637 0.0680986 0.879149
1 0.0378867 0.308082 0.0731573 0.0737247 0.879084
1 0.090412 0.0702349 0.0735501 0.0735125 0.879051
2 0.246873 0.952172 0.0693722 0.0695332 0.878984
0 0.633652 0.249617 0.0708 0.0702652 0.87886
0 0.504991 0.308699 0.0704888 0.0704602 0.878631
2 0.109343 0.855052 0.0703599 0.0699879 0.878526
0 0.302458 0.62239 0.0703395 0.0705583 0.87792
0 0.973526 0.861296 0.052949 0.0671391 0.877683
1 0.116753 0.128734 0.0747074 0.074865 0.877595
2 0.839084 0.102044 0.0721563 0.0721868 0.877489
2 0.859936 0.234858 0.0725502 0.0721783 0.877378
0 0.462789 0.412625 0.0701389 0.070252 0.877137
0 0.110994 0.975144 0.0681073 0.0497124 0.877104
0 0.454254 0.625682 0.0714228 0.0703596 0.877002
2 0.137873 0.32222 0.0733777 0.0739779 0.876793
1 0.893677 0.21533 0.0719902 0.0708814 0.876737
1 0.95275 0.258209 0.0715921 0.0711525 0.876674
2 0.901894 0.901731 0.0689266 0.0689337 0.876623
1 0.709815 0.90328 0.069809 0.069912 0.876526
1 0.474313 0.716401 0.0687628 0.0697348 0.876228
2 0.136615 0.875832 0.0681501 0.0682171 0.875851
1 0.674039 0.104376 0.0719672 0.0724304 0.875842
1 0.663507 0.690156 0.0700531 0.0699085 0.875603
1 0.743205 0.40861 0.071353 0.071724 0.87523
2 0.17205 0.535976 0.0721436 0.0712134 0.875035
1 0.236809 0.0372836 0.0734609 0.0729115 0.874911
0 0.553158 0.366869 0.0706253 0.0708292 0.874863
1 0.655265 0.133133 0.073908 0.0731065 0.874836
0 0.386271 0.495721 0.0706202 0.0713163 0.874834
0 0.139223 0.511476 0.0723023 0.0719296 0.874627
1 0.475762 0.800986 0.0690326 0.0685919 0.874593
1 0.698211 0.880443 0.071425 0.0720482 0.874483
0 0.4316 0.651852 0.0700192 0.0704388 0.874427
0 0.439801 0.380482 0.0701153 0.0702354 0.874426
2 0.0663966 0.968974 0.0699747 0.0620527 0.874053
2 0.982113 0.79144 0.0354475 0.0700131 0.873966
1 0.239239 0.0881931 0.0733179 0.072197 0.873598
2 0.745204 0.484359 0.070503 0.0697659 0.873265
0 0.188365 0.964794 0.0676316 0.0662247 0.873063
1 0.056386 0.52829 0.0730254 0.0724771 0.872686
0 0.654342 0.353639 0.073035 0.0721169 0.872601
2 0.34203 0.342274 0.0713125 0.0708263 0.872241
0 0.244149 0.406816 0.0718747 0.0720373 0.872179
2 0.0253222 0.797648 0.0506443 0.0715988 0.87141
2 0.128907 0.980895 0.0689538 0.0382102 0.871386
0 0.317879 0.348964 0.0719885 0.069916 0.871348
1 0.0328317 0.733755 0.0656502 0.0702072 0.871072
1 0.743672 0.321007 0.07421 0.0737668 0.871031
2 0.782285 0.22121 0.0735397 0.0736025 0.870896
2 0.536813 0.413947 0.0714573 0.071837 0.869952
0 0.339736 0.569548 0.0714051 0.0712811 0.869609
1 0.232703 0.0618323 0.0736316 0.0732438 0.869182
0 0.414867 0.601626 0.0701772 0.0703194 0.869069
2 0.727421 0.829779 0.0709237 0.0711004 0.868851
2 0.58043 0.535668 0.0709784 0.0701152 0.86871
0 0.974912 0.928228 0.0501762 0.0700842 0.868646
2 0.60993 0.901014 0.0701264 0.0691189 0.868495
2 0.657688 0.238513 0.0718425 0.0711505 0.868308
1 0.502776 0.0519061 0.0724662 0.0722172 0.868176
0 0.168627 0.584425 0.0707721 0.0708303 0.867791
1 0.304335 0.320726 0.0718433 0.0719662 0.867597
0 0.0331004 0.812727 0.0659813 0.068259 0.867529
1 0.788726 0.318402 0.0729115 0.0730803 0.867389
0 0.478175 0.525402 0.0710972 0.0708963 0.867377
1 0.950755 0.276948 0.0708645 0.0710022 0.867335
1 0.229918 0.842993 0.0702337 0.0697594 0.867332
1 0.842783 0.405052 0.072018 0.0715235 0.867171
1 0.460696 0.25201 0.0702057 0.0710859 0.867117
1 0.923629 0.171283 0.0713364 0.0712468 0.86703
2 0.704478 0.557784 0.0707854 0.069769 0.866975
2 0.842621 0.0469365 0.0725388 0.072206 0.866883
1 0.895155 0.196721 0.0727976 0.0722652 0.866816
2 0.965353 0.609006 0.0677935 0.0691012 0.866759
2 0.74231 0.551657 0.0697174 0.0693928 0.865976
0 0.0939172 0.856232 0.0692092 0.069911 0.865931
1 0.251437 0.113278 0.0729236 0.0727352 0.865654
2 0.945348 0.978851 0.0684769 0.042299 0.864467
2 0.345749 0.686498 0.0711666 0.070023 0.864463
1 0.369818 0.847146 0.0702466 0.0709251 0.864145
0 0.608608 0.478231 0.0704437 0.0702843 0.863994
0 0.542222 0.394519 0.0707962 0.0713877 0.863735
2 0.39217 0.643848 0.0703377 0.0707739 0.863681
2 0.759631 0.47887 0.0696445 0.0694902 0.863408
2 0.668502 0.926822 0.0709768 0.0695353 0.863331
0 0.449434 0.479161 0.069698 0.0707186 0.863322
1 0.023505 0.328994 0.04701 0.0726149 0.86306
1 0.639999 0.874133 0.0710699 0.0708851 0.862649
0 0.96863 0.739047 0.0627409 0.066577 0.861982
0 0.123086 0.867522 0.0687897 0.068137 0.861189
2 0.695013 0.330082 0.0714124 0.0715181 0.861161
2 0.371471 0.361371 0.070093 0.0697121 0.860862
1 0.210067 0.261751 0.0727046 0.072612 0.860265
0 0.481064 0.465323 0.0711544 0.0704303 0.859918
2 0.833597 0.53902 0.0704784 0.0698564 0.859497
2 0.43211 0.963078 0.0697368 0.0684345 0.859334
2 0.523138 0.331897 0.0699932 0.0698298 0.859213
0 0.276916 0.97842 0.0699387 0.0431601 0.858995
1 0.642692 0.789309 0.0716269 0.0710628 0.858789
0 0.0247599 0.966739 0.0495198 0.0658951 0.85859
1 0.726945 0.305005 0.0727001 0.0733374 0.858296
1 0.407512 0.902272 0.0689652 0.0690872 0.858051
2 0.762726 0.959829 0.0730564 0.0724865 0.857666
1 0.814133 0.743634 0.0712812 0.071356 0.857563
0 0.981115 0.342063 0.0372883 0.069801 0.857469
2 0.968525 0.642302 0.062849 0.0697747 0.85709
1 0.920834 0.312516 0.0726776 0.0724296 0.856937
0 0.528429 0.436181 0.0710018 0.0703952 0.856687
1 0.626412 0.797357 0.0708609 0.0713617 0.856486
2 0.801754 0.485725 0.0694229 0.0693806 0.856069
0 0.974365 0.70325 0.0512709 0.0694363 0.856058
1 0.270131 0.20495 0.0736157 0.0741193 0.855174
2 0.342914 0.469622 0.0733326 0.0731844 0.854875
0 0.0264107 0.92227 0.0522213 0.0702766 0.854169
1 0.0945896 0.585893 0.0733889 0.0722127 0.853374
2 0.0238329 0.885864 0.0476658 0.0722294 0.853333
0 0.929549 0.79806 0.0704903 0.069614 0.852751
0 0.425915 0.292438 0.0704937 0.0697605 0.852578
0 0.514144 0.283762 0.0692213 0.070048 0.85209
2 0.965716 0.978527 0.0648245 0.0429461 0.85184
2 0.327689 0.981379 0.0690943 0.0372412 0.851632
2 0.916652 0.5047 0.0687696 0.0697655 0.85162
1 0.476862 0.972903 0.0686342 0.0541941 0.849903
1 0.756136 0.508394 0.0689112 0.0689401 0.849405
0 0.0310957 0.977464 0.0621914 0.0450726 0.849297
0 0.132945 0.608849 0.0708432 0.0710162 0.848795
0 0.146447 0.83279 0.0712922 0.0707069 0.848197
2 0.577796 0.359238 0.0706508 0.0702868 0.84774
0 0.019821 0.841364 0.0396421 0.0698401 0.847344
0 0.272341 0.360797 0.0725178 0.0723598 0.846108
2 0.897365 0.497531 0.0683289 0.0682186 0.846061
1 0.821368 0.965786 0.0709681 0.0675796 0.845033
1 0.764013 0.975747 0.0705366 0.0485064 0.845031
1 0.712057 0.790537 0.0717396 0.0716937 0.844345
1 0.0236221 0.748184 0.0469897 0.0728508 0.84402
1 0.625364 0.732743 0.0704656 0.0711584 0.843511
0 0.296517 0.670133 0.0699127 0.0715168 0.843116
1 0.2734 0.183149 0.0743017 0.0745425 0.8429
2 0.0866524 0.897209 0.0698871 0.0695791 0.842809
2 0.756737 0.0344202 0.0726053 0.0688405 0.842436
2 0.742699 0.162272 0.0734365 0.0727328 0.842427
2 0.206586 0.367431 0.0713637 0.0707956 0.842037
2 0.655273 0.315827 0.0724109 0.0724346 0.842015
2 0.0205916 0.394786 0.0411833 0.0725278 0.841744
2 0.0493553 0.150814 0.0747808 0.0755147 0.840931
1 0.0573334 0.0320492 0.0731644 0.0640984 0.840492
1 0.389912 0.345365 0.0697694 0.0700752 0.840327
0 0.518604 0.491362 0.0715405 0.0702351 0.84026
0 0.578191 0.559879 0.0708397 0.0702145 0.840183
2 0.0942982 0.960243 0.0688412 0.0669926 0.838968
1 0.478494 0.0390669 0.0718141 0.0709519 0.838453
2 0.250918 0.91057 0.070186 0.0702551 0.838334
1 0.537204 0.0401386 0.0713526 0.0721086 0.837814
1 0.636543 0.971896 0.0668358 0.0562088 0.837811
1 0.214359 0.115044 0.0729057 0.0731433 0.837533
0 0.0220637 0.440836 0.0440225 0.0732388 0.837353
1 0.0769292 0.496875 0.0726705 0.0727924 0.836664
0 0.253379 0.972462 0.0696758 0.0550762 0.83648
2 0.0269168 0.940716 0.0534819 0.0687325 0.836418
0 0.561187 0.246166 0.0705233 0.0696493 0.836065
0 0.630046 0.628189 0.070381 0.0682569 0.835908
2 0.842857 0.367271 0.071674 0.0712635 0.835864
1 0.611999 0.824353 0.0708745 0.0723694 0.835787
1 0.19236 0.257686 0.0727471 0.0736555 0.835705
1 0.47719 0.668498 0.0696892 0.0693812 0.835363
0 0.423419 0.309657 0.0693964 0.070313 0.835346
1 0.435884 0.166704 0.0718226 0.0722873 0.835075
2 0.339453 0.958873 0.0709255 0.0712532 0.834164
1 0.555291 0.956921 0.067268 0.0675892 0.833983
1 0.266702 0.218258 0.0738647 0.0734936 0.832824
1 0.780845 0.33625 0.0714587 0.0714915 0.832626
2 0.0780379 0.623131 0.0724642 0.0724335 0.832352
2 0.775603 0.46818 0.0687315 0.0693164 0.832091
1 0.67067 0.898956 0.0712488 0.0706467 0.831862
1 0.229416 0.183328 0.0744217 0.074685 0.831295
1 0.751938 0.429031 0.0693617 0.0703992 0.831158
2 0.874341 0.178139 0.0727211 0.0732113 0.830919
1 0.578956 0.644219 0.0706621 0.0708408 0.830626
1 0.0912686 0.678015 0.073603 0.0733755 0.83
1 0.176812 0.79729 0.0703692 0.0707445 0.829478
2 0.970309 0.666263 0.0593816 0.0677877 0.82935
1 0.70627 0.453468 0.0706789 0.0697098 0.828108
1 0.255921 0.0384708 0.0744053 0.0736957 0.827902
0 0.154575 0.0305678 0.0728916 0.0609453 0.827397
2 0.568074 0.389601 0.0718275 0.0703899 0.827189
1 0.556952 0.0459046 0.0722416 0.072131 0.826812
0 0.904388 0.963445 0.0675901 0.0679829 0.826632
1 0.739709 0.463989 0.068769 0.0685761 0.82606
0 0.480647 0.203862 0.0726812 0.0720385 0.823994
1 0.151471 0.117946 0.0728952 0.072326 0.823502
2 0.0425207 0.158562 0.0757882 0.0744535 0.823441
0 0.976751 0.390158 0.0464977 0.070271 0.823182
0 0.982109 0.758712 0.0353388 0.0679571 0.82259
1 0.119551 0.0635761 0.0715614 0.071798 0.822525
1 0.602401 0.197154 0.0705755 0.0709543 0.821556
2 0.287037 0.381911 0.0707912 0.0708721 0.821392
2 0.380304 0.756759 0.0718759 0.0716468 0.821382
1 0.218735 0.292752 0.0723059 0.0723811 0.821129
1 0.480409 0.917687 0.068532 0.0682137 0.821093
2 0.0203695 0.945051 0.040739 0.0685204 0.819941
2 0.981752 0.965374 0.0358353 0.0653858 0.819491
0 0.181136 0.309867 0.0730537 0.0719423 0.81945
2 0.77341 0.49799 0.0695829 0.0694202 0.817948
2 0.72225 0.342977 0.0717984 0.0724134 0.81725
2 0.576847 0.504928 0.0699432 0.0699617 0.816089
2 0.545026 0.835322 0.0703034 0.0699947 0.815861
2 0.733609 0.523927 0.0697408 0.0688112 0.815368
0 0.491248 0.198147 0.072528 0.0713309 0.814912
1 0.333978 0.0300379 0.07296 0.0599643 0.814771
2 0.710847 0.933743 0.0704447 0.0713043 0.814614
0 0.571709 0.344658 0.0709009 0.0716869 0.813727
2 0.0771013 0.25333 0.0751764 0.0746379 0.813071
1 0.0208819 0.660286 0.0417638 0.0698452 0.811284
1 0.16995 0.750252 0.0724795 0.0715463 0.81027
2 0.939434 0.923293 0.0685011 0.0691034 0.809937
2 0.388765 0.63293 0.069956 0.0698132 0.809491
2 0.976965 0.434332 0.0456654 0.069517 0.809189
2 0.707109 0.232078 0.0717972 0.0713953 0.809096
1 0.14007 0.741868 0.0729126 0.0725207 0.807811
2 0.145424 0.134434 0.0732257 0.0727227 0.807041
2 0.126096 0.883496 0.0677464 0.0689983 0.805913
2 0.877517 0.0665809 0.0717808 0.0724106 0.805913
1 0.945174 0.157581 0.0723125 0.0719033 0.805841
2 0.713657 0.947767 0.0710833 0.0711994 0.804873
0 0.699969 0.3965 0.0717322 0.072322 0.803867
1 0.161424 0.780219 0.0710993 0.0718337 0.801994
0 0.68171 0.505603 0.0707847 0.0710087 0.801306
1 0.798123 0.625183 0.070101 0.0695467 0.801263
0 0.131271 0.90622 0.0682776 0.0687469 0.800354
2 0.887546 0.667457 0.0690735 0.0692734 0.799334
2 0.0191498 0.266469 0.0382996 0.0692838 0.798175
0 0.853373 0.384162 0.0712299 0.0707993 0.797406
0 0.165227 0.863746 0.0686969 0.068153 0.796559
1 0.457426 0.796028 0.0704233 0.0705074 0.795933
0 0.360683 0.47188 0.0712049 0.0708791 0.794627
1 0.36941 0.78712 0.0703238 0.0704184 0.793173
2 0.402326 0.359488 0.0700781 0.0697455 0.792834
1 0.725676 0.900339 0.0689899 0.0697815 0.790519
1 0.159518 0.0994969 0.0727583 0.0723607 0.790076
2 0.572278 0.276902 0.0703819 0.0700308 0.789769
1 0.277386 0.054425 0.073037 0.0729959 0.789057
2 0.73032 0.809345 0.0723175 0.0721573 0.788985
2 0.776537 0.583824 0.0687585 0.0695722 0.788566
2 0.867359 0.0617125 0.0728025 0.0717594 0.788352
2 0.961606 0.410376 0.0698128 0.0694719 0.786974
2 0.619613 0.209518 0.0712372 0.0699719 0.785987
1 0.0831089 0.315689 0.073412 0.0730336 0.785634
0 0.406586 0.752664 0.0713042 0.0706481 0.785474
2 0.579255 0.0301303 0.0704319 0.0601551 0.78426
0 0.406147 0.486806 0.0710832 0.0711018 0.782396
2 0.665816 0.804982 0.0713291 0.0717585 0.782279
0 0.626093 0.63904 0.0688913 0.0681351 0.782142
1 0.186827 0.496701 0.0707087 0.0712787 0.781961
2 0.956901 0.0382946 0.0731146 0.0729903 0.781211
1 0.1822 0.730155 0.0715051 0.0719246 0.780548
0 0.916498 0.841102 0.0705318 0.0702259 0.778315
0 0.402859 0.603996 0.0693231 0.069302 0.777193
0 0.957136 0.963533 0.0683441 0.0672527 0.77703
0 0.572222 0.482205 0.0719384 0.0715565 0.77523
1 0.609259 0.928239 0.0693967 0.0684069 0.775171
1 0.773355 0.351398 0.0729021 0.0725916 0.774254
1 0.042128 0.328467 0.0745433 0.0739924 0.773491
1 0.379098 0.863978 0.070174 0.0696234 0.772898
2 0.96604 0.308546 0.0679195 0.0710459 0.772793
2 0.415127 0.789406 0.0707119 0.0702147 0.771587
2 0.498631 0.293203 0.0698265 0.0702479 0.770439
2 0.277055 0.387863 0.0705875 0.0716465 0.768985
2 0.0948564 0.262786 0.0737086 0.0726889 0.768692
2 0.690303 0.0396575 0.0714512 0.0718331 0.765952
2 0.615605 0.499447 0.0703386 0.0692108 0.764984
0 0.6753 0.408322 0.0710832 0.0715242 0.764662
0 0.213806 0.982727 0.0688564 0.0345467 0.764577
2 0.0180107 0.225265 0.0360213 0.0735512 0.764462
2 0.888714 0.28289 0.0721037 0.0731086 0.764441
2 0.0313635 0.226174 0.062727 0.0737186 0.762944
0 0.830158 0.201076 0.0733683 0.0731055 0.762445
2 0.918696 0.703472 0.0695208 0.0683533 0.762368
1 0.537128 0.79303 0.0696414 0.0703826 0.761717
1 0.0472284 0.188131 0.0757574 0.0755279 0.761166
2 0.530872 0.818423 0.0696741 0.0698277 0.76006
2 0.969727 0.965452 0.0602612 0.0670517 0.759727
1 0.675986 0.851809 0.0713123 0.0707529 0.75782
1 0.143025 0.468917 0.0704819 0.0708859 0.756788
0 0.635137 0.472062 0.0706728 0.0700909 0.756087
2 0.492129 0.282321 0.0703773 0.0699179 0.756055
2 0.075146 0.435701 0.0725159 0.0730144 0.754336
1 0.954672 0.161425 0.0723349 0.0714169 0.752542
1 0.47951 0.738838 0.0684982 0.067977 0.751718
2 0.0823818 0.981504 0.0699807 0.0368958 0.750001
1 0.0504658 0.656732 0.0752632 0.0748095 0.749474
1 0.653596 0.113732 0.0722221 0.0724177 0.749104
2 0.472457 0.326349 0.0707682 0.0706328 0.748006
0 0.395271 0.259781 0.0722304 0.0721794 0.747918
1 0.629646 0.144065 0.0714502 0.07113 0.74756
2 0.479825 0.480851 0.0713835 0.0707369 0.746324
2 0.967249 0.920949 0.064406 0.069899 0.746136
0 0.373936 0.60554 0.069019 0.0697882 0.744293
1 0.275004 0.166717 0.0721349 0.0718962 0.743285
2 0.0479347 0.822932 0.0710381 0.0706148 0.742096
2 0.255315 0.453104 0.0715284 0.0709093 0.740795
1 0.643451 0.768562 0.0695099 0.069861 0.740701
2 0.887743 0.633607 0.0688992 0.0693357 0.739899
1 0.399625 0.0241799 0.0710609 0.0483065 0.739736
0 0.14474 0.494092 0.0728193 0.0720304 0.738221
1 0.159482 0.0507103 0.0708578 0.0720263 0.735709
1 0.257202 0.691316 0.0697247 0.0697503 0.735294
1 0.621036 0.116306 0.0736877 0.073591 0.735225
2 0.485253 0.59784 0.0700413 0.0711258 0.734513
0 0.982696 0.640767 0.0346088 0.0692957 0.734033
2 0.956633 0.98201 0.0682447 0.0356888 0.73326
1 0.675286 0.651204 0.0690278 0.0685597 0.731915
1 0.267807 0.234832 0.0728398 0.0727949 0.731839
0 0.441514 0.288279 0.0708556 0.0700612 0.731702
2 0.787577 0.0249103 0.0717032 0.0498207 0.729167
1 0.976641 0.475404 0.0464075 0.0675477 0.72867
1 0.946025 0.534262 0.069001 0.0702218 0.728108
1 0.49839 0.723423 0.0684299 0.0685299 0.727244
2 0.900306 0.732031 0.0687073 0.0701523 0.725512
0 0.577268 0.856775 0.0705908 0.0702629 0.724934
0 0.121413 0.250607 0.073922 0.074302 0.724759
1 0.038834 0.0263305 0.0713424 0.0524042 0.722237
0 0.714003 0.0227764 0.0692065 0.0455527 0.721817
2 0.607395 0.339469 0.0706476 0.0703887 0.721444
2 0.861071 0.705024 0.0699371 0.0696861 0.720633
1 0.0659959 0.0217813 0.0707433 0.0435625 0.720536
0 0.899962 0.732702 0.0690628 0.0689926 0.720321
2 0.906182 0.076017 0.0699699 0.0709499 0.719892
1 0.769196 0.855845 0.0707087 0.0712635 0.719828
2 0.548306 0.178849 0.0725443 0.0724247 0.719647
1 0.119712 0.0445675 0.0709506 0.0716899 0.718843
0 0.29838 0.366176 0.0706049 0.0709817 0.718624
1 0.805945 0.542354 0.0708786 0.0702024 0.718515
1 0.85365 0.971738 0.0704376 0.0563904 0.718349
2 0.90355 0.849802 0.0701475 0.0696766 0.718004
0 0.273708 0.628083 0.0707178 0.0709862 0.717704
2 0.595983 0.781431 0.070937 0.0707892 0.716773
1 0.678992 0.884361 0.0698685 0.0692127 0.715298
1 0.257961 0.151401 0.073737 0.0732578 0.715133
2 0.13317 0.855432 0.0697262 0.0696867 0.714904
2 0.631265 0.288046 0.070682 0.070616 0.713481
2 0.146708 0.870697 0.0695693 0.0693863 0.712672
0 0.215833 0.972276 0.0689507 0.0553905 0.712269
0 0.4463 0.51255 0.0702768 0.0695606 0.711044
0 0.738987 0.0265776 0.0700674 0.0531553 0.711036
1 0.282656 0.327311 0.0709529 0.0712199 0.71072
1 0.34278 0.0199864 0.0737406 0.0399728 0.708659
0 0.368446 0.380814 0.0709161 0.070959 0.708596
0 0.517635 0.553908 0.0721067 0.071158 0.708208
0 0.176787 0.128004 0.0721797 0.0718379 0.70763
2 0.75381 0.128905 0.0736595 0.0724578 0.707519
0 0.893558 0.0332674 0.0718666 0.0661261 0.706701
2 0.649091 0.936764 0.0687466 0.0679272 0.705992
0 0.975293 0.972115 0.0490438 0.0539879 0.70547
2 0.504194 0.18864 0.0729404 0.0730043 0.705282
2 0.945826 0.481183 0.0688229 0.0685255 0.703968
2 0.676665 0.210372 0.0715021 0.071038 0.703725
1 0.698578 0.982122 0.0694063 0.0357559 0.703214
1 0.767701 0.66769 0.0701951 0.0703526 0.702942
2 0.356456 0.40603 0.0716547 0.0709635 0.702863
1 0.663429 0.878035 0.0704044 0.0712315 0.701943
1 0.865914 0.293229 0.0727829 0.0730456 0.700713
2 0.122235 0.867483 0.0673521 0.0688509 0.696792
2 0.519425 0.932378 0.0706595 0.0713465 0.694826
1 0.0295556 0.155717 0.0590441 0.0711804 0.693107
2 0.723921 0.973896 0.0699617 0.0522083 0.69302
0 0.612869 0.465442 0.0698542 0.0698742 0.69297
1 0.457031 0.744954 0.0685741 0.0686217 0.692263
2 0.894327 0.507474 0.068602 0.0697969 0.691267
2 0.8568 0.325053 0.0736832 0.0726967 0.689085
2 0.193705 0.982817 0.0699545 0.0343666 0.686089
1 0.579137 0.958225 0.0669005 0.06763 0.684442
2 0.878715 0.485534 0.0693787 0.0682388 0.684063
2 0.436496 0.233798 0.070863 0.0711155 0.683117
2 0.981782 0.0683401 0.035788 0.0715584 0.683022
2 0.0340433 0.238828 0.0680867 0.0738451 0.682743
1 0.643164 0.693481 0.0710661 0.0709578 0.682308
1 0.0217602 0.308128 0.0435204 0.0729004 0.679172
0 0.0212332 0.350758 0.0424665 0.0710603 0.678571
2 0.554598 0.850805 0.0712431 0.0705324 0.67693
2 0.951245 0.0219988 0.0721077 0.0439977 0.675708
2 0.917164 0.0196696 0.0724041 0.0393392 0.67548
2 0.943301 0.0187257 0.0720474 0.0374515 0.674898
1 0.733829 0.872688 0.0703205 0.0697144 0.674582
0 0.0168517 0.821186 0.0337034 0.0681446 0.67333
1 0.429489 0.946865 0.0692686 0.068895 0.670498
1 0.694265 0.45171 0.0706018 0.0704693 0.669524
1 0.932912 0.534433 0.0686424 0.0680274 0.66701
1 0.673413 0.967515 0.0676291 0.0649703 0.666947
1 0.491552 0.963427 0.0699421 0.0694908 0.666758
1 0.244335 0.255798 0.0731699 0.0733722 0.666692
1 0.128527 0.0880514 0.0735331 0.0738833 0.665588
1 0.38271 0.0331746 0.0722201 0.065832 0.665521
2 0.863872 0.0377443 0.0704124 0.0701468 0.665476
0 0.456108 0.517003 0.0711241 0.070606 0.664001
0 0.976317 0.782598 0.0473652 0.0691849 0.663394
1 0.256057 0.509778 0.0717263 0.0707258 0.662899
2 0.401964 0.779789 0.0708128 0.071059 0.660953
0 0.434243 0.598248 0.0714113 0.0708064 0.658961
0 0.697817 0.0243504 0.0689248 0.0487007 0.658129
2 0.744135 0.829147 0.0715662 0.0712566 0.656931
2 0.0932562 0.472158 0.0729266 0.0716982 0.656381
1 0.0134649 0.515882 0.0269298 0.0702768 0.655658
2 0.757312 0.189346 0.073223 0.0730653 0.65466
2 0.556205 0.92006 0.0693516 0.0687862 0.653519
2 0.0443807 0.938487 0.0704079 0.0688116 0.65165
2 0.86537 0.573564 0.0689529 0.068228 0.650638
1 0.0207094 0.133167 0.0413941 0.0699047 0.650188
1 0.799379 0.706519 0.0713058 0.0710873 0.648453
2 0.865334 0.438132 0.0685421 0.0683562 0.648392
1 0.684717 0.750226 0.0714272 0.0702408 0.648227
2 0.482807 0.439645 0.0722303 0.0709512 0.6462
0 0.964977 0.760756 0.0691486 0.0692637 0.645089
2 0.97614 0.0224125 0.047073 0.0448249 0.644985
1 0.471623 0.0749904 0.0743882 0.0744706 0.644573
0 0.338115 0.59574 0.0708916 0.0707888 0.641817
0 0.133929 0.549877 0.0714178 0.0716974 0.641153
0 0.917863 0.12436 0.0710606 0.071442 0.636225
2 0.215376 0.972589 0.0672746 0.0548211 0.634913
2 0.337749 0.656642 0.0695825 0.0705167 0.632757
1 0.682327 0.766802 0.0720021 0.0720167 0.632076
2 0.682287 0.264269 0.0708872 0.0710238 0.63098
1 0.395962 0.858178 0.0701883 0.0701675 0.630475
2 0.711206 0.249395 0.0713319 0.0715751 0.630097
1 0.291236 0.197018 0.0735845 0.0740558 0.629948
1 0.972916 0.40184 0.0541673 0.0688498 0.62942
1 0.585001 0.978238 0.0652378 0.0435249 0.627877
1 0.708338 0.685385 0.0700325 0.070052 0.626688
1 0.233067 0.151383 0.0737441 0.0728185 0.62663
2 0.73958 0.0885492 0.0723957 0.0726129 0.626009
2 0.106175 0.704248 0.073446 0.0731758 0.625282
1 0.436275 0.936808 0.0682129 0.06759 0.62472
1 0.453431 0.0267398 0.0712359 0.0534796 0.622992
0 0.673422 0.540449 0.0703197 0.0708207 0.621746
1 0.36496 0.971794 0.0681654 0.0563639 0.6217
1 0.201769 0.0327447 0.0713887 0.0641767 0.62098
0 0.607046 0.415638 0.0708744 0.0693162 0.618906
1 0.14266 0.798222 0.0709976 0.0697488 0.617833
1 0.0206664 0.544105 0.0412375 0.0718768 0.61744
2 0.546977 0.878518 0.0687421 0.0691807 0.615278
0 0.351924 0.66384 0.0700794 0.0691149 0.61503
1 0.668914 0.756198 0.0703507 0.0703123 0.614012
2 0.509275 0.586039 0.071143 0.0705486 0.613926
1 0.206581 0.164015 0.072987 0.0727204 0.613341
2 0.0174976 0.8212 0.0349951 0.0692032 0.612042
1 0.554914 0.971671 0.0689656 0.0566589 0.611095
1 0.480953 0.774821 0.0675447 0.0666054 0.607404
0 0.520661 0.181298 0.0724592 0.0726734 0.605531
2 0.138054 0.653834 0.0716852 0.0711588 0.60154
1 0.505499 0.782624 0.0687973 0.0683641 0.600233
0 0.608095 0.398732 0.0706188 0.0714578 0.596272
1 0.978805 0.0349254 0.0423897 0.067648 0.593992
1 0.0249087 0.585191 0.049606 0.0709632 0.590631
2 0.254863 0.941706 0.0704914 0.0693504 0.588452
1 0.967932 0.535744 0.0628075 0.0693628 0.587133
0 0.567791 0.579174 0.0705073 0.0710478 0.58437
1 0.0550646 0.216613 0.0754303 0.0753528 0.579829
1 0.910615 0.555824 0.0686087 0.0693594 0.578773
1 0.422409 0.185421 0.0732759 0.0729763 0.577686
1 0.850045 0.772564 0.0694096 0.0702167 0.57403
2 0.68739 0.368809 0.0716754 0.072689 0.570998
1 0.649291 0.843212 0.072192 0.072554 0.570503
1 0.0234495 0.0364932 0.0466781 0.0649882 0.568742
1 0.617849 0.703379 0.0728739 0.0707529 0.567674
2 0.840821 0.526931 0.0696388 0.0697119 0.566677
1 0.35977 0.957699 0.0712924 0.070714 0.563875
1 0.0326059 0.289289 0.0652118 0.0731405 0.563791
1 0.187534 0.0169208 0.0727633 0.0338416 0.562705
2 0.679096 0.57137 0.0699356 0.0699336 0.560461
1 0.212616 0.0901994 0.0725096 0.0731122 0.559214
2 0.84124 0.021832 0.0710915 0.0434533 0.55709
0 0.633931 0.565046 0.070134 0.0697437 0.557018
1 0.983589 0.35189 0.0328218 0.0696208 0.555882
2 0.671247 0.436359 0.0721037 0.070974 0.555746
1 0.110255 0.0142024 0.0698694 0.0284048 0.555119
2 0.908863 0.659331 0.0699703 0.0687763 0.552015
2 0.640237 0.0212678 0.0706598 0.0425356 0.551575
1 0.975204 0.634614 0.0495919 0.0670927 0.550685
1 0.454002 0.0174548 0.0723561 0.0349096 0.547937
2 0.977385 0.274498 0.0452295 0.0711487 0.546827
1 0.939932 0.658206 0.0689396 0.0689069 0.54641
0 0.957581 0.6975 0.0691769 0.0689001 0.545089
1 0.357206 0.728713 0.0707253 0.0710826 0.544632
2 0.763713 0.632904 0.0698475 0.0705029 0.543384
1 0.224826 0.561792 0.0720037 0.0719769 0.541815
0 0.124324 0.97486 0.0667653 0.0502802 0.539751
1 0.798315 0.653279 0.069789 0.0712231 0.539339
0 0.0749769 0.435931 0.0729592 0.0728989 0.5389
2 0.984506 0.592214 0.0306908 0.0698745 0.537454
2 0.223624 0.642236 0.0702952 0.0710682 0.535991
1 0.0335316 0.70688 0.0667481 0.0719369 0.533076
0 0.565487 0.54853 0.070178 0.0703309 0.52885
1 0.0167585 0.0232015 0.0334702 0.0461604 0.527391
1 0.943664 0.440789 0.067938 0.0676009 0.526842
2 0.948827 0.593145 0.0679741 0.0687125 0.524464
1 0.799663 0.974595 0.0709604 0.0508095 0.524095
1 0.0409099 0.122265 0.0752158 0.0747571 0.519736
1 0.237889 0.603761 0.07064 0.0706915 0.517467
1 0.253514 0.167886 0.0730021 0.0729472 0.517412
0 0.154607 0.955763 0.0686604 0.0690836 0.51528
1 0.220463 0.0206317 0.0704941 0.040667 0.509901
1 0.914466 0.98758 0.0667686 0.0247179 0.509292
2 0.14853 0.947499 0.0681236 0.067968 0.507114
2 0.524666 0.0227516 0.0706576 0.0455032 0.506188
1 0.274153 0.265773 0.0735503 0.0724803 0.50606
1 0.226466 0.711422 0.0730063 0.0735928 0.504955
