0 0.380554 0.887184 0.0735677 0.0734169 0.928793
2 0.259422 0.739771 0.0756721 0.0764455 0.927242
0 0.253845 0.366621 0.076531 0.0768887 0.926638
0 0.180234 0.274704 0.0780955 0.0790773 0.92645
0 0.131724 0.353155 0.0783437 0.078416 0.924418
0 0.282303 0.133844 0.0773989 0.0772245 0.923428
2 0.593354 0.681703 0.0735804 0.0736187 0.922709
0 0.320756 0.0782491 0.0777771 0.0776909 0.92118
0 0.210917 0.859297 0.0751587 0.0747581 0.919726
2 0.842438 0.543801 0.0748264 0.0748756 0.919677
0 0.495758 0.624101 0.0763104 0.0766087 0.919584
0 0.0857714 0.517558 0.0783599 0.0772648 0.919012
0 0.58334 0.648862 0.0736862 0.0735398 0.918958
0 0.604332 0.509617 0.0764847 0.0761982 0.918947
2 0.683175 0.536867 0.0748314 0.0746698 0.918911
0 0.581027 0.202763 0.0759834 0.0761435 0.918641
0 0.820135 0.857135 0.0762195 0.0761467 0.918441
0 0.362299 0.469928 0.0761665 0.0760729 0.918243
0 0.633283 0.69859 0.0737474 0.0737989 0.917599
0 0.118317 0.330042 0.0781493 0.0780062 0.917588
0 0.938825 0.39858 0.0769421 0.0767213 0.91637
2 0.621646 0.728188 0.073999 0.0740511 0.915946
0 0.440009 0.248955 0.0752105 0.0758796 0.915499
0 0.058243 0.814528 0.0765643 0.0768574 0.915497
2 0.655729 0.547758 0.0755228 0.0751106 0.915383
2 0.873663 0.322122 0.0779974 0.0776575 0.915366
2 0.856472 0.528107 0.0753336 0.0757134 0.914534
2 0.885276 0.554256 0.0755476 0.0760042 0.914459
2 0.959665 0.473106 0.0761883 0.077219 0.91407
0 0.485112 0.225758 0.0751789 0.0751862 0.913977
0 0.187352 0.310242 0.0793724 0.0786045 0.913816
0 0.752646 0.779371 0.077985 0.077134 0.91379
2 0.936905 0.877556 0.0769436 0.076704 0.91354
0 0.358145 0.270115 0.0769496 0.0765913 0.91269
0 0.887649 0.577429 0.0756659 0.0762196 0.912602
1 0.515506 0.281824 0.0762113 0.0759785 0.912505
0 0.493961 0.33229 0.0754362 0.0751383 0.912462
0 0.728982 0.0506455 0.0754082 0.0758399 0.91144
2 0.844507 0.691785 0.0750492 0.075104 0.9111
0 0.108509 0.45482 0.0782845 0.0780509 0.910948
0 0.965238 0.371338 0.0695246 0.0764639 0.910934
1 0.507817 0.832855 0.0739286 0.0741175 0.91091
2 0.896944 0.350348 0.0767235 0.0768488 0.910875
2 0.195771 0.842952 0.0747295 0.0751347 0.910639
1 0.27265 0.0939757 0.0791429 0.0783157 0.910258
1 0.193325 0.333907 0.0770576 0.0767762 0.910074
2 0.363837 0.142753 0.0780392 0.0768925 0.90951
2 0.703943 0.0859554 0.0767855 0.0761354 0.908893
0 0.265636 0.0600812 0.0767796 0.0763905 0.908705
0 0.259065 0.908956 0.0749162 0.0746662 0.908677
0 0.0762473 0.204477 0.0800255 0.0788165 0.908634
2 0.0770756 0.865455 0.0769764 0.0770992 0.908512
0 0.233669 0.689209 0.0756576 0.0757698 0.908146
2 0.310095 0.864722 0.0766594 0.0766674 0.908023
0 0.506474 0.598158 0.0760571 0.076115 0.90784
0 0.0311458 0.969187 0.0617643 0.0616268 0.907802
2 0.226204 0.133799 0.0795601 0.0789258 0.907726
1 0.458068 0.127864 0.0756502 0.0762903 0.907721
2 0.869894 0.593262 0.074297 0.0747623 0.907464
2 0.830058 0.889733 0.0765514 0.0767389 0.907376
2 0.727976 0.115739 0.0760666 0.0758898 0.907305
2 0.507965 0.644386 0.0765291 0.0767734 0.906998
0 0.722723 0.758229 0.0765598 0.0759909 0.906956
2 0.309659 0.79328 0.0755535 0.0752624 0.90685
2 0.306272 0.818185 0.0755393 0.0750855 0.906749
2 0.344756 0.767993 0.0753685 0.0754993 0.906739
0 0.179643 0.952325 0.0742914 0.0733795 0.906726
2 0.839837 0.520816 0.0746563 0.0746066 0.906641
0 0.227317 0.870027 0.0751802 0.0752493 0.906408
2 0.367823 0.234799 0.0773565 0.0769506 0.906159
2 0.433907 0.206892 0.0748768 0.0753131 0.905875
0 0.0592668 0.103502 0.0788079 0.07893 0.905734
0 0.396335 0.521216 0.0763618 0.0760758 0.905309
2 0.535155 0.661773 0.0740017 0.0739011 0.905256
2 0.0924919 0.496633 0.0777526 0.0781065 0.905191
2 0.0866142 0.537922 0.0777728 0.0775594 0.905161
0 0.141615 0.245979 0.0791963 0.0789078 0.905157
2 0.22777 0.73904 0.0755854 0.0753044 0.904751
0 0.67935 0.124951 0.0770207 0.0767782 0.904694
0 0.16996 0.916568 0.0737149 0.0737228 0.904657
2 0.0456407 0.518277 0.0776612 0.0766832 0.904614
0 0.274048 0.961435 0.0753363 0.0730495 0.904536
0 0.238735 0.326898 0.0783203 0.0773992 0.904121
0 0.293125 0.211921 0.0772895 0.0769657 0.903991
1 0.281348 0.387368 0.0767939 0.077389 0.903925
0 0.880058 0.641173 0.0750072 0.0742856 0.903922
2 0.295496 0.0343282 0.0783405 0.0686565 0.903818
2 0.633344 0.732929 0.0749094 0.0756022 0.903513
2 0.68132 0.552757 0.0744595 0.0738092 0.903498
0 0.417182 0.118661 0.0759578 0.0756098 0.903461
2 0.886366 0.593942 0.0755527 0.0749228 0.903368
2 0.326681 0.753311 0.0755615 0.0756119 0.903084
0 0.0727994 0.826751 0.0774145 0.0769247 0.903023
0 0.88761 0.707569 0.0753925 0.0752162 0.902972
2 0.0316514 0.882158 0.0633027 0.0763485 0.902796
2 0.554545 0.854869 0.07426 0.0739525 0.902591
0 0.179956 0.250866 0.0785384 0.0788246 0.902523
0 0.243092 0.965278 0.075798 0.0694445 0.902402
2 0.35845 0.857584 0.0761656 0.0758957 0.90221
2 0.863384 0.617099 0.0740814 0.0740258 0.9022
2 0.556331 0.686188 0.0747171 0.0742199 0.902023
1 0.439791 0.0986344 0.0762736 0.0760949 0.901818
2 0.643563 0.720446 0.0748917 0.0745037 0.901717
1 0.887876 0.825374 0.0773067 0.0767744 0.901622
1 0.920344 0.920581 0.076688 0.0764297 0.901604
2 0.589414 0.661957 0.0730246 0.0723543 0.901484
2 0.610786 0.691093 0.0732893 0.0733624 0.901346
2 0.468179 0.633122 0.0757988 0.0748035 0.90086
0 0.26149 0.869347 0.0746974 0.0745087 0.900625
2 0.157811 0.365227 0.0772739 0.0768465 0.900518
1 0.545016 0.403013 0.0753655 0.0755073 0.90045
2 0.291154 0.861588 0.0759573 0.076041 0.900062
2 0.328437 0.846704 0.0756876 0.0758072 0.90006
2 0.48001 0.626035 0.0752031 0.0755884 0.899498
1 0.497911 0.369686 0.0752418 0.0752486 0.899251
2 0.273994 0.846273 0.0757762 0.0755596 0.899133
0 0.0756212 0.0331696 0.0791799 0.0661257 0.899114
2 0.548381 0.227791 0.0756486 0.0756641 0.899059
2 0.583774 0.170857 0.0758205 0.0754068 0.899037
1 0.243664 0.0366785 0.0788477 0.073357 0.898932
1 0.524704 0.793079 0.0747671 0.0748127 0.898755
2 0.321224 0.878672 0.0755386 0.0756779 0.898726
0 0.91829 0.769652 0.0765753 0.0762518 0.898522
2 0.707271 0.712285 0.0745415 0.074601 0.898499
1 0.0746179 0.359783 0.0793718 0.0785742 0.898048
2 0.665952 0.371201 0.0746229 0.0746083 0.898037
2 0.622877 0.743361 0.0755365 0.075411 0.897932
1 0.20677 0.369257 0.0766175 0.0763088 0.8978
1 0.405375 0.658961 0.0764518 0.0768965 0.897384
2 0.913138 0.564956 0.0764828 0.076762 0.897065
2 0.207966 0.275529 0.0782236 0.0790717 0.89702
0 0.336813 0.233044 0.0777194 0.0770195 0.897009
2 0.812993 0.892068 0.0758142 0.075626 0.89697
2 0.405708 0.557454 0.0768174 0.0769241 0.896868
2 0.847196 0.655048 0.0752411 0.0752335 0.896843
1 0.970533 0.61578 0.0589342 0.0719603 0.896427
1 0.679214 0.918667 0.0745465 0.0747913 0.896346
0 0.880575 0.0347489 0.077301 0.0694978 0.896346
2 0.0411239 0.865519 0.0764645 0.0768953 0.896325
2 0.96496 0.81817 0.0700804 0.0742874 0.896276
2 0.0272721 0.0715893 0.0545443 0.0779142 0.89619
2 0.0630114 0.0764002 0.0788292 0.0796632 0.896061
2 0.60809 0.876923 0.0739941 0.0738779 0.89588
0 0.918209 0.541672 0.0762039 0.0764769 0.895818
1 0.48095 0.317088 0.0743574 0.0746103 0.895606
2 0.959882 0.721189 0.0755392 0.0755812 0.895577
2 0.846932 0.503901 0.0758225 0.0763786 0.895413
2 0.883616 0.306867 0.0774719 0.0772323 0.895284
1 0.0340459 0.296519 0.0680917 0.0779309 0.895255
0 0.94879 0.420508 0.0784077 0.0768156 0.895169
2 0.846725 0.676343 0.0756287 0.0760334 0.89513
2 0.323675 0.270634 0.076426 0.0761824 0.894943
2 0.175195 0.292479 0.0779644 0.0777085 0.894878
1 0.573253 0.604979 0.0742839 0.0744368 0.894753
2 0.534367 0.828012 0.0733217 0.0733959 0.894589
2 0.527393 0.579127 0.0758236 0.0754197 0.894268
2 0.593126 0.634698 0.0739113 0.072493 0.894072
2 0.704394 0.542094 0.0742533 0.0740284 0.894047
2 0.223421 0.84803 0.0748752 0.074752 0.89401
1 0.31777 0.439144 0.076416 0.076849 0.893998
2 0.965128 0.680503 0.0695805 0.0737251 0.893932
1 0.438825 0.358202 0.076437 0.0762228 0.893472
2 0.14847 0.294069 0.0771192 0.0781105 0.893168
1 0.761771 0.823569 0.0772455 0.0774373 0.893069
1 0.391159 0.617466 0.0761291 0.0760663 0.89302
1 0.760729 0.90845 0.076484 0.0759842 0.892991
0 0.0971683 0.578508 0.0790638 0.0782377 0.892758
0 0.138669 0.331756 0.0792578 0.0785662 0.892664
1 0.16488 0.418349 0.0775521 0.0773674 0.892332
0 0.0210903 0.105701 0.0421806 0.0774123 0.89229
1 0.0815453 0.340152 0.0786738 0.0795547 0.892256
1 0.499958 0.813568 0.0737699 0.0730822 0.89215
1 0.79321 0.831606 0.0765403 0.0761976 0.892128
2 0.697114 0.136884 0.0764105 0.0768573 0.89209
0 0.0389185 0.0326649 0.0765004 0.0650118 0.89195
2 0.0910839 0.444535 0.0788497 0.0782687 0.891948
2 0.222766 0.114148 0.0784583 0.077993 0.891819
1 0.434571 0.331749 0.0760242 0.0759833 0.891635
1 0.0474783 0.40517 0.0788017 0.0777547 0.891328
2 0.266227 0.666161 0.0761247 0.0759215 0.891244
1 0.0753049 0.27194 0.0794262 0.0791465 0.891204
2 0.522238 0.229412 0.0755156 0.0754276 0.891083
1 0.0982442 0.306481 0.0793293 0.07811 0.891065
1 0.285601 0.416311 0.0768097 0.0770252 0.890463
2 0.466059 0.780107 0.0744181 0.0744522 0.890454
0 0.209708 0.966409 0.074216 0.0671822 0.8894
1 0.19542 0.631338 0.0762742 0.0759512 0.889362
1 0.201948 0.652285 0.0763477 0.0761225 0.889319
2 0.371352 0.197218 0.0768622 0.0766051 0.889224
0 0.269892 0.135723 0.0780013 0.0786213 0.888803
2 0.615554 0.913 0.0722255 0.0722652 0.888726
2 0.557994 0.671837 0.0738447 0.0738462 0.888645
2 0.0302363 0.863551 0.0604727 0.0777061 0.888506
2 0.715003 0.0789156 0.076873 0.076648 0.888449
2 0.965047 0.426978 0.0699054 0.07869 0.88843
2 0.36886 0.866094 0.0756675 0.0758144 0.88839
1 0.438814 0.312113 0.0759377 0.0759846 0.888213
2 0.0956851 0.789903 0.0749442 0.0747725 0.888191
1 0.166165 0.59291 0.0768901 0.0770161 0.888151
1 0.566991 0.539683 0.0762467 0.0758018 0.887971
1 0.304762 0.429961 0.0763334 0.0756326 0.887754
2 0.894298 0.393952 0.0754576 0.0754995 0.887652
2 0.419867 0.279517 0.0760032 0.0757772 0.887541
2 0.432231 0.766306 0.0760022 0.0755041 0.887442
1 0.55226 0.281985 0.0771364 0.0764207 0.887383
2 0.95208 0.624518 0.0751808 0.074931 0.887277
0 0.591493 0.697017 0.0731812 0.0722975 0.887241
1 0.336124 0.494435 0.0769196 0.0767874 0.887214
2 0.0331527 0.850623 0.0663053 0.0743999 0.886606
1 0.41477 0.413414 0.0761887 0.0758163 0.886584
1 0.527336 0.774981 0.0747354 0.0746702 0.886075
1 0.532397 0.275809 0.0762658 0.0773435 0.886023
0 0.365304 0.306258 0.0752559 0.0759192 0.885975
2 0.946661 0.605192 0.0761013 0.0757128 0.885879
2 0.0732914 0.151903 0.0800313 0.0801061 0.885817
1 0.490644 0.567078 0.0774542 0.0769569 0.885791
2 0.210297 0.811804 0.0757914 0.0755317 0.885556
1 0.61894 0.823226 0.0754551 0.0747543 0.885419
2 0.698994 0.460964 0.0760565 0.0760742 0.885397
2 0.207703 0.307999 0.0775146 0.0775219 0.885338
1 0.19389 0.385752 0.077147 0.0778362 0.88494
2 0.788029 0.481256 0.0747076 0.0749622 0.884845
1 0.172608 0.395078 0.0788521 0.0779675 0.884834
1 0.22254 0.483254 0.0780729 0.0775312 0.88472
1 0.433856 0.670886 0.0769987 0.0764009 0.884544
1 0.749188 0.930319 0.0770119 0.0764896 0.884445
0 0.971007 0.525507 0.0579863 0.0769182 0.884431
2 0.304285 0.274279 0.0761117 0.0757105 0.884389
1 0.045551 0.28081 0.0786217 0.0788235 0.884302
1 0.730707 0.836925 0.0763955 0.0765909 0.884287
2 0.616815 0.205275 0.0757823 0.0759275 0.883917
2 0.548312 0.832984 0.0736181 0.0738934 0.883733
1 0.722465 0.892079 0.0749906 0.0757458 0.883729
1 0.587491 0.545019 0.0764547 0.0759818 0.883517
1 0.595673 0.298571 0.0762073 0.0763982 0.883412
1 0.751687 0.127083 0.0759028 0.0758586 0.883203
1 0.500647 0.289924 0.0753333 0.0752893 0.883176
1 0.36384 0.032013 0.0771553 0.0638263 0.883071
1 0.475586 0.372349 0.0758205 0.0762033 0.883007
1 0.648453 0.272343 0.076827 0.0768477 0.882752
1 0.473044 0.669318 0.0776955 0.0769283 0.882735
2 0.796592 0.459373 0.0748518 0.0744652 0.882627
1 0.673329 0.306646 0.0768208 0.0763105 0.882573
0 0.236384 0.978068 0.0742908 0.0438637 0.882246
0 0.116315 0.0421211 0.0798862 0.0788837 0.882224
2 0.491451 0.857129 0.0732988 0.0741848 0.882099
2 0.25383 0.921212 0.0750525 0.0746674 0.882037
1 0.166932 0.461117 0.0768538 0.0775265 0.881867
1 0.216761 0.624406 0.0764953 0.0763508 0.881547
1 0.318595 0.468015 0.0770084 0.0772472 0.881087
2 0.666474 0.557276 0.073971 0.0745775 0.880952
2 0.189049 0.708127 0.07548 0.0754478 0.880883
1 0.754351 0.886182 0.0766794 0.0758564 0.880539
2 0.905401 0.379564 0.076252 0.076142 0.880481
2 0.763668 0.545224 0.0741269 0.0740118 0.880464
0 0.975277 0.857389 0.0494461 0.0759628 0.880443
1 0.387422 0.643225 0.0775646 0.0766956 0.880239
2 0.831795 0.663907 0.0758502 0.0755547 0.88016
2 0.312379 0.836287 0.07619 0.0765154 0.879878
2 0.480646 0.06335 0.0770691 0.0774107 0.879781
1 0.735283 0.227317 0.074349 0.0749205 0.87974
2 0.241514 0.765942 0.0753229 0.0747541 0.879567
1 0.459147 0.106846 0.0762247 0.0766479 0.879413
2 0.61126 0.716055 0.0735834 0.0731216 0.879359
2 0.823458 0.465185 0.0745296 0.0747335 0.878759
1 0.0635468 0.328664 0.0794458 0.0790816 0.878633
1 0.295531 0.465438 0.0774788 0.0779704 0.878315
2 0.71738 0.69145 0.0769751 0.0772326 0.877781
1 0.616781 0.230914 0.0765074 0.0761968 0.877637
2 0.649823 0.680724 0.073388 0.0739477 0.877631
2 0.96095 0.0386851 0.0773972 0.0760898 0.877507
2 0.292888 0.812141 0.0757865 0.0757328 0.877121
2 0.349609 0.929754 0.0757128 0.075827 0.876882
2 0.977687 0.666067 0.044413 0.0748907 0.876685
1 0.515097 0.394632 0.0762538 0.0764101 0.876158
2 0.667497 0.107642 0.0767008 0.0761545 0.875898
2 0.690046 0.693339 0.0744684 0.0743243 0.875682
1 0.488447 0.399094 0.0773541 0.0774529 0.875354
2 0.971399 0.648551 0.0563683 0.0742744 0.875289
1 0.637478 0.241954 0.0766262 0.0768187 0.87469
0 0.929102 0.39284 0.0763744 0.0762583 0.874452
0 0.206708 0.94725 0.0731433 0.0726299 0.874286
1 0.458207 0.553685 0.0753359 0.0753347 0.874198
1 0.692106 0.903985 0.0758451 0.0757515 0.874016
1 0.479204 0.542806 0.0767723 0.0769775 0.873965
2 0.568651 0.856347 0.0736675 0.0740622 0.873691
1 0.412017 0.365808 0.0767951 0.0765872 0.873271
0 0.112011 0.848697 0.0746793 0.0747608 0.872947
1 0.435063 0.155849 0.0760848 0.0760775 0.872838
2 0.732365 0.0978831 0.077388 0.07704 0.872701
1 0.390241 0.0334729 0.0760664 0.0669457 0.872495
1 0.512433 0.767037 0.0744543 0.0746914 0.871984
0 0.974282 0.872524 0.0510109 0.0755527 0.871511
2 0.381142 0.503821 0.0765842 0.0761965 0.871115
1 0.464237 0.33068 0.0756335 0.0756969 0.87109
2 0.665857 0.388603 0.0748018 0.0749651 0.871081
1 0.412202 0.314901 0.0757748 0.0759096 0.870963
1 0.255627 0.222485 0.0786397 0.0788876 0.87096
1 0.407973 0.339433 0.0753687 0.0753174 0.870947
1 0.277502 0.443401 0.077876 0.0765162 0.870936
1 0.253191 0.426542 0.077419 0.077961 0.870908
2 0.651982 0.11213 0.0754141 0.0755468 0.870833
0 0.260146 0.113014 0.0791753 0.0790248 0.870657
1 0.195225 0.459443 0.0780328 0.0782166 0.87021
1 0.548163 0.30629 0.0763454 0.0763045 0.87021
1 0.155621 0.526097 0.0764928 0.0765118 0.870158
0 0.147237 0.175611 0.0803324 0.0802423 0.869802
1 0.605194 0.330516 0.07633 0.0758112 0.869698
2 0.483899 0.611905 0.0759635 0.0758037 0.869078
1 0.61811 0.34127 0.075673 0.0749982 0.868226
2 0.0995332 0.429541 0.0786466 0.0786563 0.867794
1 0.726595 0.908816 0.0754337 0.0752296 0.867505
2 0.558567 0.631822 0.0743667 0.0745705 0.866345
2 0.818484 0.509587 0.0742609 0.0749048 0.866041
1 0.562724 0.52025 0.0761538 0.0766095 0.865943
1 0.578876 0.116981 0.077405 0.0772313 0.865756
1 0.546249 0.132511 0.0765658 0.0758257 0.865722
0 0.0212231 0.516989 0.0424461 0.0767988 0.865697
1 0.134396 0.205201 0.0792914 0.0785803 0.865663
2 0.947993 0.0514057 0.0789261 0.0792044 0.865506
2 0.91496 0.326406 0.0768452 0.0776364 0.86542
2 0.951741 0.376629 0.0763882 0.077074 0.865356
0 0.34406 0.248861 0.0761957 0.076719 0.865019
2 0.346771 0.341749 0.0771154 0.0770072 0.865019
1 0.172719 0.500999 0.0788167 0.0791835 0.865003
0 0.404767 0.265885 0.0753087 0.0746324 0.864284
1 0.793837 0.362995 0.0763699 0.0767473 0.864188
1 0.906374 0.924885 0.0759113 0.0761452 0.864169
2 0.434556 0.605665 0.0761077 0.0758879 0.864052
2 0.0343984 0.0565161 0.0687968 0.0766001 0.863813
1 0.607241 0.282307 0.0761921 0.0764453 0.863432
2 0.69321 0.532127 0.0742668 0.0751045 0.86266
2 0.948551 0.326102 0.0786457 0.0779355 0.862241
1 0.502783 0.0683675 0.0752335 0.0754071 0.862076
2 0.0400214 0.498439 0.0783212 0.0786736 0.861857
1 0.581828 0.498277 0.0768145 0.0767794 0.861844
1 0.073838 0.389315 0.0782349 0.0779476 0.861584
2 0.597442 0.618108 0.0729774 0.0722176 0.861546
2 0.469646 0.273565 0.0750196 0.0749112 0.861067
2 0.370481 0.174416 0.0775952 0.0781318 0.860797
2 0.232519 0.379856 0.0763566 0.0762339 0.86049
1 0.787593 0.246619 0.0767191 0.0761431 0.860401
2 0.853752 0.033711 0.0778046 0.067355 0.860368
1 0.229783 0.458295 0.0778692 0.0779535 0.860231
1 0.0905968 0.718715 0.0745007 0.074399 0.859998
1 0.968056 0.14923 0.0638881 0.0772087 0.85961
1 0.61938 0.256519 0.076889 0.0764308 0.85952
1 0.0444276 0.32582 0.078776 0.079036 0.858994
2 0.356155 0.396239 0.0767788 0.0758361 0.858782
1 0.43057 0.433042 0.0779238 0.0783719 0.858356
1 0.597719 0.856547 0.0737542 0.0739174 0.858049
1 0.834953 0.374345 0.0763172 0.0768517 0.857773
2 0.467389 0.758829 0.0745211 0.0740536 0.857639
1 0.95935 0.101589 0.0753824 0.0766335 0.85748
2 0.226399 0.285192 0.0791251 0.0785393 0.857334
2 0.506595 0.264072 0.0755991 0.0752514 0.857246
2 0.319434 0.964915 0.0735474 0.0695618 0.857226
2 0.307302 0.29062 0.0761176 0.0763551 0.856932
1 0.394468 0.970493 0.0750928 0.0590145 0.856923
2 0.259734 0.57125 0.0746511 0.0752414 0.856555
1 0.029012 0.449968 0.0577989 0.0777245 0.856086
0 0.30807 0.154012 0.0789621 0.0783859 0.855998
1 0.526679 0.7328 0.0736543 0.0745444 0.855901
2 0.277399 0.974541 0.0734584 0.0509191 0.855841
1 0.189297 0.429121 0.0783422 0.0781756 0.855326
1 0.456201 0.41001 0.0776815 0.0786066 0.855119
1 0.680844 0.961861 0.0731806 0.0730675 0.854954
0 0.742833 0.771364 0.076613 0.0769079 0.85494
2 0.648698 0.840138 0.0743267 0.0748825 0.854616
1 0.592646 0.269567 0.0758081 0.0751573 0.853944
1 0.461469 0.935282 0.0739478 0.0741062 0.853938
1 0.0929455 0.763635 0.075706 0.0752336 0.853868
1 0.825173 0.789391 0.0754684 0.0751894 0.853658
1 0.487396 0.92499 0.0742519 0.0736328 0.85358
2 0.656783 0.69803 0.0748633 0.0745878 0.853327
2 0.935329 0.513972 0.0770895 0.0773605 0.85332
0 0.421445 0.249278 0.0754885 0.0750401 0.853101
1 0.469672 0.520973 0.0765282 0.0771584 0.852982
2 0.959344 0.79226 0.0732771 0.0734213 0.852832
1 0.0632237 0.968781 0.0742892 0.0624381 0.852783
1 0.556176 0.49191 0.0773213 0.07694 0.852552
2 0.841593 0.327248 0.0755566 0.0757804 0.85185
2 0.125876 0.874825 0.0749326 0.0748299 0.850948
1 0.861266 0.173184 0.0756176 0.0764714 0.850818
1 0.534184 0.50944 0.0771818 0.0775833 0.850642
1 0.925061 0.668731 0.0750078 0.0753077 0.850379
0 0.0777077 0.754116 0.0762328 0.0762014 0.850282
2 0.723102 0.14997 0.0751455 0.0745097 0.849614
2 0.384819 0.463267 0.0766946 0.0769091 0.849578
0 0.287574 0.836079 0.0759182 0.0753359 0.848952
1 0.571164 0.560222 0.0750237 0.0743723 0.848727
1 0.172115 0.0961691 0.0790934 0.0782865 0.848445
1 0.942988 0.117376 0.0772175 0.0773241 0.847794
2 0.842063 0.425853 0.0752239 0.0751366 0.846956
2 0.659884 0.35909 0.0753846 0.0752244 0.846538
2 0.855141 0.335407 0.0756935 0.0753977 0.846303
2 0.43188 0.88022 0.0747574 0.0744419 0.84623
2 0.96485 0.027993 0.0699894 0.0559668 0.846106
0 0.275815 0.912857 0.075255 0.075584 0.846002
1 0.713928 0.86375 0.0744478 0.0742521 0.845955
1 0.687778 0.324759 0.0767817 0.0769196 0.845841
2 0.371726 0.380484 0.0757024 0.0762638 0.845705
1 0.815743 0.293047 0.0772091 0.0774697 0.845577
1 0.86253 0.823081 0.0767447 0.0768802 0.844593
1 0.591313 0.572728 0.0756855 0.0750158 0.844287
1 0.0656759 0.567188 0.078481 0.0779112 0.843252
1 0.182292 0.610477 0.0765075 0.0765658 0.84309
2 0.31299 0.03697 0.0788992 0.0738296 0.843033
1 0.573941 0.306283 0.0765263 0.0757635 0.843004
2 0.174462 0.369957 0.0801945 0.0784572 0.842692
0 0.294255 0.934815 0.0754822 0.074651 0.842085
2 0.972099 0.59026 0.055529 0.0755569 0.841557
2 0.0223965 0.951731 0.0447931 0.0737759 0.841367
2 0.944529 0.548738 0.0765739 0.0764636 0.840957
2 0.302259 0.970554 0.0753458 0.0585903 0.84083
2 0.437068 0.619556 0.0764962 0.0758743 0.84051
2 0.969605 0.730575 0.0607902 0.075227 0.840248
2 0.215347 0.339106 0.0762717 0.0758533 0.839776
1 0.0579228 0.915841 0.0741004 0.0737038 0.839733
0 0.0221499 0.70607 0.0442999 0.0761749 0.839529
2 0.35653 0.34796 0.076972 0.0760752 0.839428
2 0.0334201 0.560019 0.0668401 0.0737095 0.838856
2 0.604079 0.182743 0.0755023 0.0756386 0.838812
2 0.485526 0.877991 0.073404 0.0730041 0.838756
2 0.890378 0.621702 0.0766647 0.075728 0.837904
2 0.282359 0.792533 0.0753704 0.0758671 0.837435
2 0.329341 0.930351 0.0758429 0.0754923 0.836397
1 0.148009 0.449278 0.0778774 0.0787047 0.836253
2 0.512003 0.24867 0.075687 0.0751555 0.836195
0 0.227286 0.96735 0.0732659 0.0648706 0.836132
1 0.847852 0.629925 0.0740997 0.0751392 0.835531
1 0.0286956 0.585359 0.0573912 0.0733705 0.83547
2 0.841985 0.839599 0.0766945 0.0771503 0.833768
0 0.125999 0.0278451 0.0793657 0.0555399 0.833744
2 0.97738 0.500993 0.0452408 0.0772787 0.833248
2 0.855021 0.855853 0.0771042 0.076811 0.832166
1 0.468331 0.834698 0.0741547 0.073616 0.831089
1 0.404525 0.774495 0.0757344 0.0761486 0.829683
2 0.195015 0.918321 0.0754441 0.0752129 0.829241
1 0.545005 0.426235 0.0753398 0.0751657 0.828721
2 0.0289346 0.0385931 0.0578692 0.0768212 0.828568
0 0.980338 0.648922 0.0390804 0.0763866 0.827665
1 0.226551 0.423604 0.0759407 0.076065 0.827637
1 0.638237 0.330446 0.075897 0.0759194 0.826329
1 0.520932 0.049488 0.0752614 0.0750224 0.824948
0 0.229509 0.157348 0.0774254 0.0771981 0.824875
0 0.700158 0.117457 0.0770241 0.0763032 0.8246
0 0.119414 0.514562 0.0773245 0.0770468 0.824414
1 0.640871 0.221374 0.0757328 0.075688 0.823986
0 0.42356 0.952528 0.0742632 0.0731113 0.823914
0 0.301759 0.879653 0.0748228 0.0738976 0.823748
2 0.923582 0.821959 0.0785028 0.0777741 0.823289
0 0.0954958 0.874695 0.0757555 0.0758087 0.822394
1 0.757459 0.73125 0.0761219 0.0763208 0.822326
2 0.816308 0.873 0.0760143 0.0758091 0.822271
1 0.355875 0.0537598 0.0751698 0.0759538 0.821654
1 0.87466 0.788358 0.0760511 0.0762649 0.821538
1 0.381794 0.572869 0.0764935 0.0768463 0.821526
0 0.333304 0.0301999 0.0769541 0.0603998 0.820702
2 0.918819 0.407219 0.0754263 0.0750339 0.820675
1 0.0218834 0.378681 0.0437668 0.0742752 0.820309
2 0.860183 0.443696 0.0751148 0.0748337 0.820278
2 0.809978 0.517838 0.0748896 0.0741698 0.820165
1 0.286595 0.510195 0.0766916 0.076718 0.819832
1 0.469918 0.298474 0.075733 0.0753017 0.819683
2 0.920828 0.557496 0.0759382 0.0757764 0.81958
2 0.59684 0.169411 0.0754225 0.0749077 0.819323
1 0.458321 0.693067 0.0767182 0.0766594 0.819158
2 0.437552 0.893775 0.0740784 0.0740955 0.819079
1 0.069843 0.946264 0.0738508 0.0734156 0.818785
1 0.792076 0.314923 0.0764574 0.0758996 0.818754
1 0.0457188 0.970978 0.0732391 0.0580442 0.817262
0 0.191047 0.978724 0.0742245 0.0425388 0.81616
0 0.303546 0.949732 0.0745284 0.0741467 0.81538
2 0.306664 0.707126 0.075841 0.0760452 0.814794
2 0.2849 0.670228 0.0751254 0.0756042 0.814347
0 0.852762 0.88623 0.0770756 0.0774252 0.813277
1 0.969658 0.118117 0.0606834 0.0768476 0.811665
1 0.705972 0.287157 0.0766043 0.0761898 0.811595
1 0.379564 0.658032 0.0771784 0.0765185 0.811486
1 0.343427 0.308955 0.0754364 0.075961 0.809672
1 0.156338 0.11888 0.0785962 0.0781462 0.808243
2 0.668447 0.406764 0.0754065 0.0749675 0.808037
2 0.802498 0.167846 0.0755783 0.0755518 0.807666
1 0.521449 0.681859 0.0743928 0.0741775 0.807452
2 0.528538 0.670688 0.0754451 0.0751436 0.806245
2 0.973381 0.379705 0.0532385 0.0770565 0.806186
1 0.375872 0.544548 0.0757002 0.0758883 0.805779
1 0.103119 0.967282 0.0723119 0.0648689 0.805457
2 0.934193 0.337142 0.0774466 0.0773014 0.804747
2 0.975448 0.429144 0.0491032 0.0776891 0.802748
2 0.848148 0.5615 0.0756996 0.0757492 0.802281
0 0.894031 0.634718 0.0757622 0.0753918 0.801769
2 0.526165 0.164402 0.0768179 0.0766279 0.800464
1 0.782972 0.866872 0.0766911 0.0769474 0.799927
1 0.219341 0.405735 0.0770439 0.0772526 0.799899
2 0.447218 0.184377 0.0749562 0.0749373 0.799817
0 0.548759 0.0301948 0.075317 0.0603172 0.799698
0 0.482394 0.0267304 0.0757019 0.0532847 0.798671
1 0.952549 0.133093 0.0760574 0.0766419 0.798538
2 0.378191 0.85376 0.0739704 0.074144 0.798015
2 0.688941 0.145828 0.0762835 0.075767 0.796705
2 0.713512 0.453509 0.0749927 0.0754007 0.796088
0 0.1987 0.973781 0.0725545 0.0524378 0.795893
1 0.372723 0.977633 0.0737387 0.0447338 0.795849
0 0.196339 0.239999 0.0773018 0.0771575 0.795043
1 0.952089 0.281969 0.0768421 0.0763237 0.794889
2 0.0216827 0.0848095 0.0433654 0.0779938 0.794621
2 0.73867 0.155171 0.0738323 0.0741124 0.794185
2 0.72448 0.714467 0.0763074 0.0772074 0.793174
1 0.628032 0.945936 0.0723649 0.0715719 0.792846
2 0.243213 0.375206 0.0763927 0.0764277 0.792428
1 0.41652 0.485155 0.0758779 0.075503 0.792165
0 0.93943 0.308368 0.0759285 0.0760406 0.790196
1 0.282891 0.0243259 0.0774264 0.0486387 0.789448
2 0.918408 0.0218643 0.0772507 0.0437285 0.788082
2 0.0242031 0.771569 0.0483796 0.0777955 0.787996
0 0.102242 0.0672679 0.0774857 0.077869 0.786682
2 0.430863 0.0254056 0.0769385 0.0508075 0.78658
1 0.663457 0.882673 0.0738842 0.0742447 0.786091
1 0.43163 0.978896 0.0718513 0.0422071 0.783678
1 0.706955 0.82747 0.0749313 0.0748121 0.782919
2 0.470884 0.201757 0.0756761 0.0755453 0.782307
2 0.321524 0.734926 0.0751014 0.0749666 0.781834
2 0.978809 0.706836 0.0420668 0.071493 0.78146
2 0.980929 0.559799 0.0377237 0.0763243 0.78083
2 0.398024 0.081374 0.0778739 0.0768591 0.780764
1 0.854068 0.13266 0.0762676 0.0762008 0.780709
2 0.33255 0.348829 0.0765343 0.077278 0.779707
2 0.299376 0.767816 0.0751013 0.0755733 0.779524
2 0.139467 0.373452 0.078281 0.0784661 0.779493
1 0.714292 0.348377 0.0760943 0.0758948 0.779239
2 0.411543 0.0191076 0.0743511 0.0382152 0.779031
1 0.193145 0.782838 0.0750109 0.0748953 0.778441
2 0.286359 0.315639 0.0781505 0.0777551 0.778242
2 0.692279 0.416042 0.0729875 0.0736973 0.778242
2 0.650169 0.903964 0.0735595 0.0729151 0.778122
2 0.428117 0.868049 0.0747645 0.0754093 0.775613
2 0.609775 0.62543 0.0733282 0.0726974 0.77553
0 0.190631 0.111768 0.0795748 0.0800712 0.775194
0 0.972516 0.031404 0.0549688 0.062463 0.773855
2 0.940308 0.700362 0.0752798 0.0754908 0.773555
2 0.0295082 0.826438 0.0590164 0.0770147 0.773029
1 0.726259 0.253481 0.0752829 0.0753612 0.77262
0 0.36331 0.254689 0.078424 0.0775092 0.770341
1 0.811933 0.737019 0.0755751 0.0760851 0.770039
2 0.641551 0.659267 0.0727604 0.0723478 0.76981
2 0.0377172 0.539962 0.0754344 0.0772191 0.769427
1 0.520901 0.862241 0.0743948 0.0739658 0.769422
2 0.75831 0.0667496 0.0801179 0.0800494 0.769376
2 0.815668 0.420297 0.0750759 0.0748914 0.76911
1 0.152369 0.959875 0.0731476 0.0718136 0.767877
2 0.71075 0.743892 0.0747456 0.074982 0.767575
1 0.0672404 0.885428 0.0762991 0.0766041 0.767216
2 0.528715 0.0250664 0.0731699 0.0499997 0.766997
2 0.247391 0.745725 0.0743197 0.0754101 0.766322
1 0.361868 0.662264 0.0768143 0.0761436 0.766302
1 0.813635 0.0251789 0.0764107 0.0503578 0.765715
0 0.121615 0.782228 0.0758724 0.0759182 0.765609
2 0.315853 0.131018 0.0780863 0.0774189 0.764926
2 0.907523 0.861233 0.0770163 0.0762941 0.763949
1 0.153857 0.839887 0.0752166 0.075238 0.762618
2 0.921211 0.379933 0.0769543 0.0764772 0.762445
1 0.677669 0.584349 0.0719561 0.0726864 0.762127
0 0.187642 0.224181 0.0798625 0.079573 0.762112
2 0.652538 0.384982 0.074341 0.0742397 0.761639
1 0.929223 0.623245 0.0749336 0.0743082 0.760741
2 0.226037 0.793126 0.0750385 0.0753464 0.760454
1 0.149231 0.504618 0.0778265 0.0769651 0.760382
1 0.440974 0.120532 0.0761971 0.0762477 0.759616
1 0.886154 0.172019 0.0765881 0.0764024 0.75944
2 0.445257 0.0608618 0.0762639 0.0766535 0.759408
1 0.409172 0.979135 0.0751835 0.0417295 0.758223
1 0.727504 0.609762 0.0734557 0.0731967 0.757819
2 0.881956 0.46191 0.0756744 0.0758268 0.756286
1 0.314872 0.492714 0.0769776 0.0766964 0.755935
1 0.380519 0.953986 0.0736327 0.0736587 0.755369
2 0.596359 0.885152 0.0737098 0.0737701 0.754739
1 0.791035 0.401628 0.076429 0.0762751 0.754269
1 0.896685 0.0960317 0.0794744 0.0797374 0.754207
2 0.788371 0.511235 0.0753973 0.0753586 0.75417
2 0.638547 0.0659197 0.0782652 0.0771045 0.753966
2 0.837822 0.702301 0.0752411 0.0757604 0.753855
2 0.981037 0.410063 0.0377411 0.0771912 0.752744
2 0.965508 0.510624 0.0689846 0.0747005 0.752478
1 0.190307 0.168665 0.0778712 0.0776315 0.75244
0 0.0283358 0.825013 0.0566715 0.0733242 0.751335
1 0.679144 0.26848 0.0752882 0.0751141 0.751232
1 0.690426 0.634066 0.0734999 0.073312 0.749645
1 0.409946 0.436639 0.0760471 0.0757776 0.749378
1 0.778919 0.264322 0.0765741 0.0765664 0.749122
1 0.789314 0.0212638 0.0764433 0.0425275 0.748869
1 0.56023 0.294456 0.0758925 0.0753109 0.745777
1 0.706447 0.611561 0.0728701 0.0725084 0.745746
2 0.447715 0.75252 0.0744015 0.074535 0.74525
0 0.0913908 0.618006 0.0768692 0.0760031 0.744844
2 0.0180681 0.648299 0.0361362 0.0778605 0.744242
2 0.760555 0.478459 0.0735468 0.0744343 0.744229
1 0.0308252 0.39152 0.0613296 0.0737283 0.744224
2 0.970008 0.779741 0.0599834 0.0719555 0.743423
1 0.664801 0.0288397 0.0760506 0.0576794 0.743385
2 0.79922 0.557022 0.0733904 0.0745453 0.743345
0 0.188922 0.190186 0.0792153 0.079451 0.743336
1 0.0220965 0.425905 0.043808 0.0790634 0.742934
2 0.516116 0.901334 0.0742557 0.0738604 0.742866
2 0.782017 0.528404 0.0744314 0.0739311 0.74236
2 0.724341 0.585477 0.0737424 0.0744144 0.741252
1 0.440766 0.383323 0.0763991 0.076269 0.739876
1 0.478904 0.4165 0.0770138 0.077366 0.739783
2 0.15504 0.765986 0.0751853 0.0750843 0.739654
2 0.888266 0.371594 0.0759815 0.0757257 0.739306
1 0.756389 0.394524 0.0767692 0.0770107 0.738582
1 0.977455 0.172725 0.0446846 0.0733756 0.736002
2 0.0305973 0.747786 0.0610616 0.0767036 0.735475
1 0.447354 0.852867 0.0735044 0.0739138 0.731135
2 0.0272581 0.613797 0.0542488 0.0727654 0.7309
1 0.555904 0.965731 0.0715002 0.067251 0.730618
2 0.326623 0.682216 0.076055 0.0759026 0.730122
2 0.36016 0.778283 0.0761341 0.0755797 0.728601
1 0.239548 0.519107 0.0746821 0.0758014 0.726434
2 0.156181 0.615117 0.0751514 0.0748833 0.7251
2 0.614712 0.646945 0.0729982 0.0733368 0.720791
1 0.346407 0.520165 0.0762549 0.0761412 0.720335
2 0.634379 0.847696 0.073594 0.0742249 0.719825
2 0.843294 0.0185741 0.0768724 0.0371482 0.71978
2 0.350918 0.0919214 0.0785366 0.0775513 0.719284
2 0.326284 0.703405 0.0747689 0.0748305 0.718566
0 0.320782 0.0226009 0.0765852 0.0452017 0.718298
1 0.140325 0.746195 0.0739006 0.0740496 0.717736
1 0.251192 0.187692 0.0788799 0.0782204 0.716569
1 0.0781568 0.970461 0.0741096 0.0590755 0.716012
1 0.0340853 0.205747 0.0681285 0.0794635 0.715666
1 0.105627 0.71953 0.0748527 0.0743489 0.715296
2 0.634317 0.0880142 0.0756004 0.0754553 0.715255
1 0.571136 0.254432 0.0756914 0.0758795 0.714327
2 0.248589 0.940473 0.0748823 0.0748581 0.711221
2 0.667053 0.797185 0.0747932 0.0749321 0.710908
2 0.748823 0.0359128 0.0770018 0.071679 0.709462
1 0.514913 0.523058 0.0762613 0.0757345 0.709437
2 0.773344 0.51446 0.0741594 0.0749369 0.709212
1 0.120871 0.128426 0.0789179 0.0790618 0.708633
2 0.698436 0.0365085 0.0760937 0.0723944 0.708062
1 0.723911 0.326461 0.0773323 0.0770213 0.706353
2 0.15735 0.698807 0.0742181 0.0740605 0.705551
1 0.231184 0.592126 0.0754774 0.07545 0.704675
2 0.179402 0.871249 0.0753541 0.0757078 0.704666
2 0.969326 0.476364 0.0613477 0.0737952 0.70404
1 0.484753 0.353724 0.07435 0.0757927 0.703925
1 0.2597 0.0191868 0.0765436 0.0383737 0.702781
2 0.578016 0.162041 0.0761169 0.0768102 0.701669
1 0.502082 0.542216 0.0763788 0.0759581 0.700585
1 0.211398 0.573151 0.0744158 0.0744493 0.700454
2 0.922719 0.301169 0.0770521 0.0773252 0.699515
1 0.345813 0.727419 0.0749538 0.0752707 0.699022
0 0.899182 0.553802 0.0758789 0.0767903 0.698804
2 0.660374 0.0731104 0.0755955 0.0765793 0.69802
0 0.377596 0.444328 0.0767811 0.0757024 0.697741
2 0.478989 0.769789 0.0740486 0.0745249 0.69727
1 0.235249 0.565787 0.074396 0.0739868 0.695794
1 0.847943 0.404771 0.0754238 0.0748452 0.694847
1 0.551464 0.468228 0.0755926 0.0756968 0.694213
1 0.223874 0.0597817 0.0799379 0.0795218 0.694005
2 0.642311 0.0433547 0.0777502 0.0775109 0.693245
2 0.585153 0.874613 0.0727461 0.0730297 0.692367
1 0.68163 0.678379 0.0727848 0.0729746 0.691777
1 0.810966 0.771239 0.0750284 0.0749258 0.691042
1 0.943205 0.151041 0.0765232 0.0770078 0.689507
2 0.968527 0.968912 0.0606241 0.0611011 0.68802
1 0.699526 0.370474 0.0757565 0.0755775 0.687619
1 0.159108 0.749516 0.0748806 0.0745711 0.686796
2 0.798987 0.471859 0.0745956 0.0746857 0.686457
1 0.0312192 0.349515 0.0624383 0.0785577 0.685533
2 0.51512 0.17044 0.0764808 0.0753624 0.684646
2 0.662541 0.948708 0.0729031 0.0732388 0.684516
1 0.281838 0.640611 0.0756717 0.0763533 0.683911
2 0.0255901 0.190319 0.0509564 0.0789909 0.683603
2 0.421556 0.249627 0.0753948 0.0754567 0.683537
2 0.97724 0.78432 0.0455193 0.0751284 0.681203
1 0.556642 0.942937 0.0726101 0.0722378 0.680126
0 0.75485 0.96838 0.0739212 0.0632395 0.67898
2 0.971695 0.765598 0.0566109 0.07078 0.678257
2 0.342878 0.892415 0.0745016 0.0734474 0.678235
1 0.193953 0.497186 0.0772142 0.0771735 0.677966
1 0.331785 0.194696 0.0775017 0.0775411 0.677625
1 0.146609 0.481266 0.0781631 0.0784239 0.675764
0 0.131825 0.15105 0.0793974 0.0800515 0.675698
1 0.981619 0.131478 0.0366003 0.0762005 0.673406
2 0.573818 0.718159 0.0742743 0.0747915 0.672948
1 0.564018 0.454947 0.0762911 0.076236 0.671891
1 0.448294 0.567519 0.0761131 0.0761236 0.668936
2 0.167675 0.268589 0.078525 0.078147 0.667293
2 0.979762 0.816919 0.0404766 0.0764435 0.667165
0 0.458271 0.237721 0.0755003 0.0761434 0.663846
2 0.146203 0.87722 0.0745786 0.0749474 0.663801
2 0.405059 0.106226 0.0758471 0.0762223 0.663444
2 0.701548 0.431123 0.0761621 0.076478 0.661584
2 0.918194 0.706314 0.0751438 0.0760365 0.661473
1 0.697578 0.877982 0.0738496 0.0746601 0.660556
2 0.0167372 0.964599 0.0334317 0.0662941 0.660265
2 0.180075 0.751375 0.0743848 0.0742998 0.658577
1 0.0473951 0.381546 0.0769322 0.0776117 0.658448
1 0.0504878 0.895764 0.0752064 0.0756054 0.657006
1 0.542356 0.53894 0.07547 0.0757617 0.656985
0 0.772304 0.210025 0.0750905 0.0756153 0.655808
0 0.980926 0.977314 0.0373503 0.0453718 0.655232
1 0.0173457 0.972768 0.0346524 0.0544649 0.653467
0 0.280282 0.30157 0.0764832 0.0764097 0.652962
1 0.983694 0.923742 0.0322357 0.0744617 0.652152
2 0.397432 0.319052 0.0734766 0.0750318 0.651905
2 0.240504 0.858865 0.0748916 0.0754749 0.650456
0 0.0746133 0.17987 0.0793517 0.0779847 0.650356
2 0.277053 0.285609 0.075969 0.0758574 0.645789
2 0.412435 0.91306 0.074022 0.0742718 0.645715
1 0.575932 0.336575 0.0749212 0.0743393 0.644892
1 0.234842 0.272999 0.0774802 0.0783736 0.643929
1 0.658703 0.658197 0.0729709 0.0733763 0.642535
1 0.78104 0.579548 0.0747219 0.0751614 0.642101
1 0.598817 0.814788 0.0746418 0.0753181 0.640243
2 0.774718 0.339413 0.0773501 0.0768911 0.640143
2 0.11159 0.418253 0.0784608 0.0778461 0.638084
1 0.715016 0.405366 0.07509 0.0756864 0.636581
0 0.368906 0.0747528 0.0769046 0.0776378 0.634302
2 0.083694 0.467516 0.0778788 0.0772794 0.632831
1 0.847332 0.940913 0.0761707 0.0757383 0.632281
1 0.446257 0.971889 0.0725414 0.0562229 0.631867
1 0.914433 0.683398 0.0753147 0.075205 0.630798
1 0.12668 0.931189 0.0745039 0.0743492 0.630557
2 0.975758 0.315957 0.0480667 0.0774925 0.630249
1 0.192971 0.406645 0.0774834 0.0777918 0.628963
2 0.022329 0.559563 0.044658 0.0720406 0.627297
1 0.0308561 0.158887 0.0617123 0.0781774 0.624632
2 0.304936 0.690889 0.0760852 0.0754545 0.624292
2 0.972467 0.572143 0.0550659 0.0738647 0.620959
2 0.658366 0.924378 0.0730705 0.0732376 0.616526
1 0.666549 0.255316 0.0763973 0.0770399 0.616319
1 0.470314 0.868164 0.0741131 0.0742874 0.614929
0 0.0339279 0.01917 0.0677185 0.0383328 0.612789
1 0.875806 0.145924 0.0774292 0.0778695 0.611824
2 0.58424 0.712599 0.0745902 0.0738724 0.610066
1 0.964846 0.750306 0.0703089 0.0741971 0.606926
2 0.558948 0.885035 0.0725672 0.0730211 0.606726
1 0.521986 0.955847 0.073908 0.0745911 0.60595
2 0.643982 0.368199 0.074281 0.0745026 0.604186
0 0.658099 0.0727993 0.0767107 0.0773843 0.601346
1 0.752669 0.692139 0.0761526 0.0755033 0.600682
1 0.406966 0.57895 0.0758552 0.0754814 0.600542
0 0.0162269 0.466607 0.0324538 0.0715206 0.600003
1 0.859853 0.237478 0.0754827 0.0754264 0.595232
1 0.584014 0.358988 0.0744644 0.0746878 0.595192
2 0.0547008 0.472342 0.0780268 0.0775021 0.594534
2 0.634268 0.176533 0.0750019 0.0749204 0.593205
1 0.181846 0.67352 0.0747641 0.0756739 0.59053
2 0.0538643 0.761824 0.0740585 0.0737503 0.590513
0 0.978445 0.951595 0.0427982 0.0770363 0.590303
2 0.209671 0.899421 0.0759254 0.0760345 0.590026
1 0.96974 0.0907664 0.0604162 0.0784859 0.58907
2 0.564039 0.827905 0.0741871 0.0743519 0.588094
0 0.973409 0.574203 0.0531824 0.0750847 0.584679
2 0.108351 0.687606 0.0756342 0.0749029 0.583994
1 0.658005 0.925013 0.0742235 0.0741098 0.5831
1 0.439082 0.503482 0.0766006 0.0765732 0.582625
2 0.247988 0.633109 0.0760139 0.0759184 0.580117
1 0.637239 0.968069 0.0717738 0.0633715 0.575378
2 0.384229 0.686201 0.0760499 0.0769307 0.573627
0 0.678228 0.730024 0.0744457 0.0745163 0.573391
2 0.57012 0.890491 0.0732595 0.0732954 0.572831
2 0.148702 0.347837 0.0801366 0.0799266 0.572625
1 0.480594 0.0861814 0.0759136 0.0759281 0.571738
2 0.750865 0.462705 0.0746868 0.0744095 0.571124
1 0.255441 0.691974 0.0747363 0.0748126 0.569663
2 0.596413 0.910425 0.0723317 0.0719879 0.568997
1 0.135406 0.70704 0.0731809 0.0736216 0.566171
1 0.16407 0.718975 0.0745326 0.0742281 0.565967
2 0.417412 0.0457869 0.0760868 0.0765475 0.564697
1 0.906808 0.127634 0.0772593 0.0774222 0.564629
1 0.575974 0.284854 0.0755461 0.0754671 0.563381
2 0.536878 0.200884 0.0748834 0.0747617 0.561767
2 0.506141 0.909676 0.0741951 0.0735842 0.561319
0 0.443644 0.0365342 0.0762106 0.0723578 0.560824
2 0.0322697 0.471716 0.0645394 0.0744293 0.559107
2 0.702901 0.800743 0.0779702 0.0784727 0.55889
2 0.375872 0.345111 0.0757995 0.0749266 0.55617
2 0.890577 0.0241896 0.07558 0.0483618 0.55485
1 0.354635 0.564752 0.0759951 0.0756443 0.554187
1 0.785774 0.680801 0.0752008 0.0746892 0.554084
1 0.683888 0.213472 0.0747314 0.0744823 0.550971
2 0.168959 0.788881 0.0741771 0.0741051 0.550667
2 0.804939 0.539655 0.0744492 0.075139 0.546601
2 0.39671 0.0586182 0.0776093 0.075206 0.544141
2 0.149419 0.981966 0.0725763 0.0360085 0.544033
1 0.531655 0.0909817 0.0756771 0.0763464 0.543234
1 0.848738 0.209067 0.0747198 0.0745693 0.542534
2 0.0181656 0.189091 0.0363311 0.0732268 0.539975
1 0.220222 0.529535 0.0749322 0.0758446 0.53987
2 0.541826 0.017335 0.0744625 0.0346701 0.537777
1 0.853751 0.75842 0.0753506 0.0751978 0.535433
2 0.276319 0.889463 0.0741461 0.0742691 0.530669
2 0.358628 0.120512 0.0772458 0.0764997 0.529816
1 0.557338 0.326548 0.0753016 0.0747307 0.527346
2 0.112917 0.65788 0.0758244 0.0755775 0.52525
0 0.538452 0.201163 0.0755769 0.0751854 0.52413
1 0.0975309 0.925581 0.0731493 0.0734737 0.5235
2 0.807833 0.452089 0.0757439 0.0747581 0.514675
1 0.922243 0.145219 0.0783117 0.0777231 0.513445
0 0.383808 0.398522 0.076094 0.0758238 0.510743
1 0.11064 0.593114 0.0759486 0.0764757 0.509143
2 0.777053 0.14921 0.0762457 0.0762218 0.503161
2 0.591128 0.934109 0.0721333 0.0716221 0.502197
1 0.161745 0.143739 0.0790112 0.0784778 0.50013
