2 0.548403 0.188579 0.0768585 0.0769258 0.929012
0 0.245412 0.150317 0.0770367 0.0771462 0.927259
0 0.12322 0.094718 0.0751834 0.075503 0.926744
0 0.490093 0.174652 0.0781086 0.0784345 0.92506
0 0.671502 0.425126 0.0764612 0.0766754 0.925056
2 0.506151 0.148462 0.076939 0.0771507 0.924546
0 0.454418 0.525225 0.0769956 0.0773936 0.923812
0 0.508154 0.166601 0.0766275 0.0772616 0.92346
0 0.667469 0.808003 0.0763437 0.0756279 0.923114
0 0.681533 0.237073 0.076992 0.0772194 0.922847
0 0.11541 0.0685057 0.0750053 0.0748194 0.922278
2 0.656121 0.696595 0.0763979 0.0763454 0.921813
2 0.488048 0.581338 0.0777008 0.0765198 0.921486
2 0.706111 0.726677 0.0759014 0.076062 0.92144
0 0.358222 0.285568 0.0765946 0.0770767 0.921145
0 0.50672 0.208519 0.0770622 0.0773183 0.920956
2 0.293886 0.845249 0.0756866 0.0758417 0.920717
2 0.0574642 0.165785 0.073314 0.0732308 0.920362
2 0.704218 0.0455847 0.0761067 0.0764121 0.92034
0 0.188593 0.0517079 0.0749369 0.0746561 0.920299
0 0.604488 0.231134 0.077887 0.0773416 0.920044
2 0.695586 0.0707564 0.0771131 0.0769903 0.919946
2 0.964833 0.265665 0.0703344 0.0745248 0.919445
0 0.817344 0.0720804 0.0748352 0.0751743 0.918954
2 0.506102 0.380717 0.0766836 0.0766256 0.918895
2 0.529298 0.191007 0.0771615 0.0772442 0.918385
2 0.26694 0.256187 0.0764315 0.0759992 0.918349
0 0.232151 0.497984 0.0760023 0.0761406 0.918241
0 0.218818 0.277727 0.0753577 0.0756793 0.918014
0 0.387187 0.89656 0.0759708 0.0759022 0.91785
0 0.43006 0.107683 0.0770841 0.0766259 0.917353
0 0.166024 0.645026 0.0745151 0.0741314 0.917162
2 0.904499 0.683194 0.0767284 0.0762716 0.917081
0 0.287652 0.417027 0.0770538 0.0762169 0.916848
0 0.528372 0.141512 0.0769464 0.0768384 0.916387
2 0.408815 0.459858 0.0760114 0.0761791 0.915676
0 0.205974 0.199422 0.0759904 0.0763361 0.915519
2 0.519208 0.398514 0.0766594 0.0773197 0.915499
2 0.693232 0.48058 0.0755398 0.0756493 0.915456
2 0.559177 0.611695 0.0766741 0.0768898 0.91516
2 0.0308918 0.800707 0.0617837 0.0746061 0.915036
2 0.180466 0.549543 0.075395 0.0747988 0.915
2 0.510307 0.125729 0.077586 0.0781429 0.914686
1 0.494159 0.442439 0.0762131 0.0767328 0.914622
0 0.311901 0.252547 0.0767544 0.0762863 0.914556
2 0.112831 0.513074 0.0742668 0.0740582 0.914538
0 0.306212 0.187269 0.0754055 0.075139 0.914342
0 0.769931 0.371397 0.0770193 0.0767823 0.914164
0 0.0985841 0.165917 0.0735813 0.0731442 0.914087
2 0.319445 0.457341 0.0762397 0.0764608 0.913963
0 0.80916 0.135463 0.0758427 0.0758879 0.913844
0 0.330967 0.164746 0.0762303 0.0756844 0.913796
0 0.282207 0.0356579 0.0750386 0.0713159 0.913759
0 0.268348 0.0999014 0.0759313 0.0764152 0.913664
0 0.107665 0.0368284 0.0749829 0.0730906 0.913493
0 0.401992 0.0962825 0.077358 0.0769891 0.913302
2 0.56364 0.370928 0.0774914 0.0765925 0.91327
2 0.427251 0.161716 0.0776779 0.077967 0.91296
2 0.53474 0.172589 0.0773178 0.0774796 0.912922
0 0.197428 0.308308 0.07546 0.0748501 0.912848
0 0.292519 0.137703 0.0765291 0.0768158 0.91259
0 0.332913 0.143342 0.0767423 0.0766352 0.912292
0 0.243306 0.389568 0.0773654 0.077869 0.912227
0 0.506474 0.470616 0.0765673 0.0767824 0.912097
2 0.443416 0.451666 0.0760111 0.076837 0.91206
2 0.698946 0.801303 0.0770321 0.076899 0.91189
2 0.595122 0.838912 0.0751722 0.0756287 0.911806
0 0.837438 0.0386816 0.0772734 0.0760664 0.911716
0 0.161167 0.0943905 0.0753808 0.0743815 0.9117
0 0.357807 0.0411343 0.0768459 0.0762045 0.911644
2 0.457667 0.349789 0.0765828 0.0773591 0.911445
2 0.592668 0.181511 0.0767406 0.0763437 0.911429
2 0.131663 0.501467 0.0753233 0.0754275 0.911105
2 0.227046 0.445058 0.075171 0.0749475 0.911096
2 0.171111 0.443343 0.0753183 0.0753407 0.910967
2 0.829135 0.220668 0.0779394 0.0768821 0.910769
0 0.413177 0.562373 0.0768455 0.0765611 0.910758
2 0.230646 0.309894 0.0758662 0.0754764 0.910748
2 0.421599 0.0751389 0.0769897 0.0766178 0.910697
2 0.65312 0.523511 0.0755898 0.0762051 0.910654
2 0.191522 0.258134 0.0748729 0.0742839 0.910491
2 0.742845 0.365351 0.076968 0.0769481 0.910479
1 0.200012 0.66664 0.0752765 0.0748053 0.910421
2 0.580996 0.492962 0.0776289 0.0779261 0.91034
2 0.877422 0.227363 0.078286 0.0779364 0.910177
0 0.33982 0.26593 0.077042 0.0766683 0.909981
2 0.388193 0.629668 0.0766061 0.0762903 0.909787
2 0.40571 0.608307 0.075998 0.075964 0.909385
0 0.358765 0.152291 0.0778273 0.0777808 0.909095
2 0.191921 0.174462 0.0763204 0.0764162 0.908939
2 0.333683 0.0945616 0.075845 0.0756838 0.908878
0 0.319002 0.323462 0.0773716 0.0777691 0.908738
0 0.268039 0.338165 0.0779149 0.0780238 0.908699
0 0.0343378 0.710925 0.0686756 0.0745525 0.908619
2 0.722936 0.46765 0.0769657 0.076646 0.908583
2 0.220743 0.135343 0.0764711 0.0768282 0.908474
0 0.508261 0.502076 0.0759889 0.0768566 0.908415
2 0.560241 0.488095 0.0765814 0.0764158 0.908202
1 0.434112 0.39514 0.0768413 0.0763932 0.9081
0 0.639849 0.529345 0.0759438 0.0754156 0.90805
2 0.654779 0.803127 0.0750015 0.0746382 0.908043
1 0.415157 0.791224 0.0763925 0.0762072 0.907978
0 0.418384 0.852325 0.0772857 0.0775249 0.907957
0 0.440367 0.490138 0.0762644 0.076455 0.907714
2 0.743344 0.649868 0.0764338 0.0767187 0.907679
2 0.0587341 0.0968316 0.0744435 0.074541 0.907623
1 0.809441 0.813101 0.0754673 0.0758078 0.907561
1 0.901418 0.287218 0.0777878 0.0775659 0.907527
0 0.618362 0.300537 0.0772488 0.0781181 0.90748
2 0.176477 0.307112 0.0736714 0.0742 0.907475
2 0.607246 0.856285 0.0748108 0.0744144 0.907455
0 0.211836 0.247782 0.0750075 0.0751055 0.907414
0 0.205812 0.120783 0.0753982 0.0754404 0.907292
0 0.434194 0.51157 0.0766789 0.0770647 0.907123
2 0.358634 0.94489 0.073639 0.0732655 0.907119
0 0.32172 0.291447 0.0769081 0.077324 0.907047
0 0.350892 0.071346 0.077475 0.0769387 0.907004
2 0.295138 0.83103 0.0761373 0.0762459 0.906873
2 0.706453 0.612295 0.07656 0.0774061 0.906844
0 0.517772 0.253178 0.076826 0.0775891 0.906762
2 0.610173 0.816283 0.0746653 0.0752945 0.90675
0 0.92186 0.583212 0.0767632 0.0764807 0.906541
2 0.329793 0.115416 0.0770003 0.0772516 0.906394
2 0.400163 0.0708667 0.0775767 0.0767993 0.906391
2 0.267451 0.215722 0.077108 0.0768706 0.906289
0 0.20926 0.467392 0.0745875 0.0752411 0.906035
0 0.130116 0.0737906 0.0745472 0.075215 0.905939
0 0.15871 0.0304969 0.0746186 0.0609937 0.905925
2 0.692313 0.635256 0.0771763 0.0772982 0.905796
0 0.0814675 0.127064 0.073958 0.0739549 0.905512
0 0.865363 0.04655 0.0764076 0.0767386 0.905418
2 0.0379357 0.776151 0.0745219 0.0749128 0.905104
0 0.125422 0.213224 0.0733781 0.0727832 0.90509
2 0.153793 0.23227 0.0739935 0.0740523 0.904926
2 0.0728225 0.706772 0.0755722 0.0750385 0.904784
2 0.431114 0.344226 0.076867 0.0770762 0.904679
0 0.453004 0.191097 0.0782297 0.0779706 0.904634
2 0.341265 0.849808 0.0762398 0.076549 0.90454
2 0.267737 0.240359 0.0766023 0.0769574 0.904489
0 0.437966 0.072402 0.0759662 0.0765947 0.904423
2 0.155242 0.607055 0.0746909 0.0745859 0.904278
2 0.706004 0.70628 0.0758822 0.0759059 0.904267
2 0.386691 0.553743 0.076403 0.0762339 0.90417
0 0.0674017 0.0675267 0.0746476 0.0743233 0.904106
0 0.559655 0.237484 0.0785225 0.0781444 0.904009
1 0.698286 0.904828 0.0756535 0.0757589 0.903906
1 0.663155 0.94325 0.075386 0.0751377 0.903749
1 0.907894 0.756221 0.0756489 0.0761595 0.903467
2 0.501196 0.400928 0.0770654 0.07756 0.90321
2 0.107939 0.532085 0.0748756 0.0742768 0.903187
2 0.542461 0.494716 0.0769188 0.0767841 0.903126
0 0.497088 0.356558 0.0768599 0.0761624 0.903069
2 0.961002 0.717474 0.0731346 0.0741428 0.903018
0 0.223392 0.0702466 0.0750142 0.0753019 0.902918
0 0.233755 0.368472 0.0778706 0.0772626 0.902837
2 0.642231 0.32363 0.0769603 0.0770358 0.902764
2 0.453164 0.14406 0.0765887 0.0766424 0.902703
2 0.381567 0.0645635 0.0749457 0.0750293 0.902648
0 0.965354 0.756424 0.0692918 0.0756758 0.902472
2 0.254082 0.0328796 0.074301 0.0655814 0.902332
0 0.124801 0.0440615 0.0758988 0.0748167 0.902208
0 0.251447 0.308124 0.0771353 0.0759864 0.902182
0 0.359425 0.208359 0.0762414 0.0759955 0.90214
2 0.339274 0.531985 0.0772388 0.076273 0.902051
2 0.656111 0.788858 0.0757065 0.0760308 0.902046
0 0.341468 0.880957 0.0757001 0.0753374 0.902014
2 0.752013 0.326963 0.0774287 0.0770942 0.90199
1 0.912573 0.260686 0.076432 0.0761996 0.90194
2 0.761501 0.634025 0.0748854 0.0751081 0.901887
2 0.865052 0.301146 0.0779217 0.0782404 0.901852
1 0.840883 0.918605 0.0751673 0.075737 0.901634
2 0.126603 0.404433 0.0762833 0.0758622 0.901567
2 0.11169 0.264224 0.0731542 0.072805 0.901527
2 0.674337 0.259465 0.0755945 0.0756715 0.901472
2 0.232031 0.349331 0.0763638 0.0772046 0.901395
2 0.537288 0.288986 0.0774243 0.0776573 0.90139
2 0.282611 0.469333 0.0766061 0.0759752 0.901383
1 0.858905 0.708497 0.0757547 0.0758356 0.90126
2 0.827198 0.176271 0.0780108 0.0783516 0.901238
2 0.0450568 0.156983 0.0745262 0.07377 0.901206
1 0.886899 0.62949 0.0763721 0.0763584 0.901138
2 0.217695 0.438716 0.075927 0.0758932 0.900982
2 0.122212 0.256322 0.0727185 0.0736104 0.900842
1 0.825146 0.658198 0.0760065 0.0759631 0.900809
2 0.954583 0.782041 0.0765709 0.0755864 0.900698
2 0.735639 0.405812 0.077382 0.076305 0.900648
0 0.819641 0.0950273 0.0773048 0.0777372 0.900545
2 0.354 0.874782 0.0764454 0.0755119 0.900375
0 0.0574269 0.748219 0.0749993 0.0750886 0.900318
2 0.952183 0.823459 0.0773636 0.0769645 0.900088
0 0.137933 0.12918 0.075093 0.0749191 0.900078
0 0.298141 0.357277 0.0779748 0.0769855 0.900041
2 0.47108 0.359661 0.0768039 0.0768488 0.899993
1 0.342553 0.821522 0.0761703 0.0762753 0.899928
2 0.417532 0.350907 0.0771742 0.0780022 0.899833
1 0.384705 0.826315 0.0749882 0.0756588 0.899793
2 0.404314 0.268549 0.0762369 0.0759157 0.899551
2 0.486039 0.28116 0.0773676 0.0768014 0.899358
2 0.0806673 0.227734 0.073595 0.0732248 0.899262
0 0.109988 0.353667 0.0752294 0.0751811 0.899173
2 0.365179 0.603363 0.0762289 0.0761099 0.899141
2 0.393161 0.118558 0.0780236 0.0773893 0.89906
2 0.948018 0.761338 0.0763157 0.0764156 0.899036
2 0.313502 0.495471 0.0762327 0.0757362 0.89884
1 0.299504 0.564446 0.0750491 0.0745636 0.898769
0 0.0977292 0.624943 0.074914 0.0746869 0.898661
2 0.328085 0.84539 0.0762722 0.0760296 0.898624
0 0.0677895 0.202515 0.0729567 0.0728131 0.898616
1 0.228569 0.931022 0.0740177 0.0740604 0.898316
2 0.646364 0.562577 0.0770969 0.0771418 0.898274
1 0.27577 0.548008 0.0748242 0.0748074 0.898263
1 0.843359 0.387874 0.0761253 0.0765894 0.898178
2 0.954492 0.799192 0.0758221 0.0762093 0.898173
2 0.243241 0.0478233 0.0749024 0.0761747 0.898082
2 0.61461 0.247664 0.0768686 0.0771449 0.897909
1 0.569363 0.444959 0.0771866 0.0767977 0.897863
0 0.309951 0.041395 0.0765667 0.0770307 0.897854
2 0.334856 0.397525 0.0774587 0.0775474 0.89774
2 0.398663 0.491021 0.0755413 0.0754761 0.89769
2 0.580661 0.222662 0.0772447 0.0773526 0.897236
0 0.793456 0.344887 0.077321 0.0768585 0.89715
2 0.431646 0.533239 0.0765318 0.0764712 0.897029
2 0.896839 0.261349 0.0772512 0.0777143 0.896946
1 0.751729 0.765013 0.0758865 0.0755837 0.896942
1 0.337831 0.971724 0.0694855 0.0557775 0.89694
2 0.190662 0.297266 0.074517 0.0738719 0.896852
1 0.239669 0.842104 0.0764396 0.0760563 0.896612
2 0.422873 0.322267 0.0771406 0.0781164 0.896548
2 0.174867 0.235891 0.0738167 0.073683 0.896536
0 0.756448 0.41894 0.0761522 0.0767994 0.896514
1 0.518077 0.69933 0.0782051 0.0785349 0.8962
1 0.487359 0.633166 0.0783877 0.0776993 0.895789
1 0.592612 0.606347 0.0769177 0.0770902 0.895431
1 0.847376 0.861251 0.0758751 0.0761044 0.89542
0 0.389042 0.0359281 0.0768562 0.0718562 0.89534
2 0.65489 0.467681 0.0768738 0.0769621 0.895337
0 0.720642 0.652396 0.0771006 0.0776136 0.895316
1 0.885441 0.744661 0.0746365 0.0744245 0.895309
1 0.862321 0.842134 0.0757347 0.0753517 0.895285
2 0.487063 0.374346 0.0774227 0.0777953 0.895167
2 0.266574 0.414231 0.0768223 0.077343 0.895108
1 0.229418 0.570151 0.0742802 0.0738236 0.895004
2 0.118922 0.118812 0.0744532 0.0747811 0.894809
1 0.43946 0.766521 0.0768557 0.0764389 0.894799
2 0.359269 0.34245 0.0793001 0.0781765 0.894774
0 0.239925 0.0671089 0.0747478 0.0748476 0.894721
1 0.105334 0.757479 0.0752529 0.074987 0.894658
1 0.401656 0.820421 0.0763483 0.0758945 0.89462
2 0.961122 0.198273 0.0758099 0.0751364 0.894552
2 0.91828 0.723004 0.0753765 0.0755701 0.894451
0 0.466797 0.258167 0.0770708 0.0769303 0.894407
1 0.812036 0.687575 0.0754293 0.0747629 0.894388
2 0.965597 0.829425 0.0688059 0.0763306 0.894283
0 0.429223 0.258289 0.0772762 0.076642 0.894212
2 0.876536 0.247031 0.0788292 0.0775475 0.894053
2 0.823105 0.960725 0.0748526 0.0748856 0.893878
1 0.43217 0.795342 0.0767404 0.0766531 0.893872
2 0.705816 0.834878 0.0765143 0.0764645 0.893803
2 0.966307 0.0341118 0.0669407 0.0682236 0.893735
2 0.719285 0.259433 0.076619 0.0768351 0.893696
0 0.413546 0.193721 0.0779157 0.0762857 0.893686
2 0.121095 0.607547 0.0749837 0.0748052 0.893631
0 0.970537 0.814796 0.0589263 0.0772284 0.893589
2 0.599575 0.81042 0.0750031 0.0757254 0.893486
2 0.780096 0.421189 0.0774542 0.077701 0.893326
2 0.539625 0.402269 0.0781901 0.0778128 0.893324
1 0.233933 0.886678 0.0738119 0.07393 0.89324
2 0.619756 0.845493 0.0744052 0.0748808 0.893196
2 0.476571 0.424241 0.0769292 0.0763862 0.8931
0 0.282078 0.175937 0.0758 0.0757145 0.893064
0 0.308072 0.919046 0.0750631 0.0745789 0.89306
2 0.0973174 0.681341 0.0745142 0.074663 0.893026
2 0.958487 0.554669 0.077417 0.0766811 0.89291
1 0.382128 0.762592 0.0752439 0.0751354 0.892898
1 0.846954 0.686753 0.0751015 0.075 0.892897
2 0.923051 0.343937 0.0753136 0.0751331 0.892682
0 0.255484 0.0741677 0.0755899 0.0755304 0.892598
2 0.551821 0.206116 0.077846 0.0764732 0.892553
1 0.613251 0.590188 0.0756948 0.0754914 0.892197
1 0.21924 0.830509 0.0764699 0.0761477 0.892082
1 0.493066 0.663662 0.0769413 0.0776678 0.892029
1 0.837155 0.887516 0.0760041 0.0759298 0.891864
2 0.66722 0.834185 0.0759954 0.0759315 0.891847
0 0.373814 0.929797 0.0763434 0.0749887 0.891425
1 0.727507 0.516253 0.0742114 0.0739172 0.891385
2 0.933262 0.180726 0.0759077 0.075488 0.89131
0 0.0423404 0.207964 0.0747349 0.073506 0.891252
0 0.0246413 0.563923 0.0492827 0.07349 0.891244
2 0.596216 0.570524 0.0758022 0.0765268 0.891166
2 0.963966 0.808443 0.0720687 0.0757507 0.89065
2 0.88341 0.200959 0.0759062 0.0761363 0.890511
2 0.245282 0.247987 0.0765605 0.0764167 0.890469
2 0.963951 0.292427 0.0720983 0.0742756 0.890386
2 0.197771 0.27424 0.0741848 0.0742038 0.890306
2 0.58218 0.203868 0.0767603 0.076544 0.890271
2 0.654874 0.255626 0.077359 0.0771099 0.890209
2 0.437505 0.239727 0.077407 0.0771302 0.890135
2 0.625546 0.19559 0.0779184 0.0769989 0.889957
0 0.130405 0.0556226 0.0747149 0.0743423 0.889916
1 0.718024 0.319695 0.075733 0.0757246 0.889829
0 0.388583 0.870467 0.0759348 0.0761328 0.889776
0 0.203907 0.506252 0.0757182 0.0756063 0.889746
1 0.657602 0.119224 0.0770641 0.0766743 0.889678
1 0.681755 0.925423 0.0758814 0.0761936 0.889423
0 0.665745 0.213645 0.0762461 0.075587 0.889386
1 0.734979 0.121348 0.0779346 0.0773626 0.889322
2 0.487162 0.0410561 0.0779698 0.0763057 0.889287
2 0.890149 0.150342 0.0777567 0.0789434 0.889208
2 0.930368 0.686929 0.0757317 0.0752115 0.889157
1 0.823726 0.844442 0.0761703 0.0756802 0.88904
2 0.598292 0.882673 0.0747406 0.0753542 0.88899
2 0.182941 0.137391 0.0757289 0.0762892 0.888778
2 0.0796021 0.644122 0.075317 0.0753845 0.888724
2 0.709352 0.376545 0.0762529 0.0771714 0.888712
2 0.180216 0.154693 0.0764269 0.0756097 0.888589
0 0.672295 0.760647 0.0763994 0.0755882 0.888371
2 0.95532 0.277875 0.0751568 0.0746745 0.888296
2 0.42855 0.683067 0.0774753 0.0766004 0.888108
1 0.0346213 0.535064 0.0692427 0.073679 0.887949
2 0.879938 0.348684 0.0766809 0.0766797 0.887935
2 0.520153 0.515552 0.0773934 0.0775888 0.887825
0 0.379902 0.583689 0.0759021 0.0762146 0.887184
2 0.104855 0.80857 0.075889 0.0755812 0.887096
1 0.158193 0.908969 0.074476 0.0747036 0.886878
0 0.319811 0.0225304 0.0755477 0.0449437 0.886789
2 0.120634 0.384541 0.0767947 0.0765427 0.886345
2 0.643886 0.759773 0.0764639 0.0771862 0.886151
1 0.743321 0.693117 0.0746444 0.074921 0.88594
1 0.538569 0.721651 0.078158 0.0776876 0.885798
1 0.883709 0.703086 0.0762907 0.0769629 0.885723
1 0.792989 0.647664 0.0764357 0.0764246 0.885648
2 0.460233 0.685851 0.0790558 0.078968 0.884898
2 0.71714 0.843557 0.0758194 0.0755899 0.884655
2 0.440978 0.178833 0.078431 0.0779956 0.884453
2 0.443265 0.547375 0.0774193 0.0773333 0.884024
2 0.505191 0.558766 0.0770615 0.0771477 0.884006
0 0.517514 0.0902608 0.0778935 0.0779848 0.883944
2 0.231892 0.0335212 0.0747859 0.0669477 0.883789
2 0.58889 0.937295 0.0753677 0.0747921 0.883756
1 0.933899 0.229712 0.0744804 0.0748789 0.883736
1 0.214016 0.610181 0.0741496 0.0737408 0.883652
2 0.305624 0.827545 0.0763206 0.0771286 0.883559
2 0.208877 0.0586919 0.0741884 0.0749499 0.88355
2 0.612512 0.953885 0.0754076 0.074868 0.883397
2 0.72115 0.480976 0.0760925 0.0755166 0.883301
2 0.264102 0.803241 0.0770869 0.0766035 0.883285
1 0.584826 0.107764 0.0763855 0.0761139 0.883225
2 0.292805 0.432503 0.0763522 0.0760269 0.88319
2 0.828069 0.288741 0.0785297 0.0790188 0.883139
2 0.848569 0.966268 0.0737869 0.0671719 0.883109
2 0.457531 0.925253 0.0770704 0.0778667 0.882662
2 0.727686 0.39062 0.0763521 0.0763012 0.882586
0 0.506835 0.104917 0.0768009 0.0767479 0.882337
1 0.92071 0.796996 0.0754086 0.0755358 0.881962
0 0.086772 0.0616692 0.0754596 0.0756345 0.881877
2 0.712084 0.397734 0.0772966 0.0771439 0.881568
2 0.829829 0.952832 0.0756607 0.0761795 0.881519
1 0.053831 0.903137 0.0750244 0.0743895 0.88143
2 0.690909 0.707713 0.0767146 0.076032 0.88106
2 0.158208 0.972155 0.0735174 0.0556902 0.880838
0 0.699213 0.394332 0.0764072 0.076135 0.880568
2 0.537353 0.11669 0.0786011 0.0779588 0.880564
0 0.142096 0.193399 0.0747833 0.0743543 0.880334
0 0.0523375 0.666073 0.0742471 0.0737202 0.880178
1 0.604816 0.629187 0.0773739 0.0771566 0.880148
1 0.139063 0.892837 0.0733695 0.0740711 0.880065
2 0.79196 0.305164 0.0773356 0.0770252 0.880037
1 0.965556 0.0866935 0.0688875 0.0767506 0.879953
1 0.215032 0.789529 0.0771036 0.0757255 0.87986
2 0.543302 0.891917 0.07659 0.0764919 0.879827
2 0.57865 0.274211 0.0783968 0.0773488 0.879651
0 0.377785 0.643236 0.0764305 0.0753641 0.879428
2 0.16885 0.967069 0.0737849 0.0654289 0.879365
2 0.257242 0.502723 0.0759697 0.0765479 0.879177
2 0.440143 0.95755 0.0765379 0.076516 0.878977
1 0.161496 0.363763 0.0764338 0.0763417 0.878908
1 0.794515 0.780381 0.0749044 0.0747706 0.878395
0 0.803265 0.178618 0.0781921 0.0781529 0.87823
2 0.53618 0.0582476 0.0776785 0.0772545 0.877403
0 0.0333596 0.766936 0.0667192 0.0742857 0.877058
1 0.512421 0.737244 0.0778563 0.0780872 0.876616
2 0.111583 0.966387 0.0729763 0.0672264 0.876607
0 0.952018 0.682058 0.0744909 0.0742102 0.876445
2 0.829943 0.0568338 0.0772381 0.076542 0.87593
1 0.910982 0.87018 0.0754923 0.0756834 0.875573
2 0.45541 0.962721 0.076446 0.0737228 0.875358
2 0.157684 0.522762 0.0752568 0.0748604 0.87521
1 0.394084 0.788703 0.0755274 0.0759037 0.87515
2 0.161577 0.58949 0.0744293 0.0745948 0.874893
2 0.552841 0.155771 0.0770515 0.0762631 0.874592
2 0.253525 0.171321 0.0781639 0.0767322 0.874551
1 0.776216 0.245385 0.0782957 0.0773873 0.874501
0 0.344999 0.201115 0.0766738 0.0769811 0.874325
1 0.870516 0.77333 0.0745316 0.0746004 0.874121
0 0.060387 0.229226 0.072154 0.0727305 0.874027
2 0.53212 0.770627 0.0767357 0.0767857 0.873306
0 0.900932 0.200924 0.0756786 0.0760014 0.873238
1 0.777932 0.031516 0.076284 0.0630319 0.873052
2 0.212276 0.40527 0.0782109 0.0770015 0.873018
1 0.924179 0.837411 0.0766544 0.0773981 0.872357
1 0.746137 0.546331 0.0751234 0.0757595 0.872283
2 0.89033 0.329883 0.0769802 0.0761505 0.872075
1 0.72901 0.501529 0.0764887 0.0762072 0.872009
2 0.0643004 0.132284 0.0725821 0.073934 0.871135
2 0.378782 0.255541 0.0770204 0.076364 0.870851
1 0.15946 0.936791 0.0729881 0.0726583 0.869923
2 0.100976 0.257772 0.0723155 0.0739304 0.869895
1 0.801142 0.575359 0.0753952 0.0753893 0.869709
1 0.751691 0.106144 0.0772848 0.0768237 0.869582
0 0.529249 0.157694 0.0768032 0.0765532 0.869578
2 0.968215 0.871528 0.063471 0.0785885 0.869518
0 0.30434 0.930685 0.0745394 0.0744358 0.869513
2 0.28889 0.505741 0.0752389 0.0750507 0.868813
2 0.590529 0.911961 0.0760689 0.0759007 0.867901
1 0.794857 0.831106 0.0757663 0.0759891 0.867281
1 0.858161 0.317425 0.0757408 0.0754874 0.86631
2 0.700347 0.467533 0.0769353 0.0763193 0.866279
1 0.689668 0.12133 0.0768267 0.076919 0.866269
2 0.392219 0.447999 0.0757151 0.0757034 0.866131
2 0.834439 0.0213505 0.0750463 0.0427009 0.8659
2 0.183941 0.636158 0.0746895 0.0748806 0.865386
2 0.449104 0.0341586 0.0749796 0.0677518 0.865126
1 0.106029 0.875684 0.0751155 0.0747974 0.864928
1 0.128479 0.949042 0.0741033 0.0734259 0.864874
2 0.916293 0.648505 0.0774624 0.0767818 0.864725
2 0.410194 0.0405041 0.0768744 0.0753711 0.86469
1 0.148469 0.884463 0.0732692 0.0736469 0.864673
1 0.776362 0.447095 0.0758726 0.0757666 0.864607
2 0.49674 0.312753 0.0773392 0.0771711 0.864453
1 0.252328 0.973352 0.072904 0.0532959 0.863775
2 0.387422 0.920134 0.0770801 0.0763041 0.863565
0 0.328112 0.0374026 0.0757173 0.0737005 0.863434
0 0.202098 0.0227317 0.0738298 0.0454633 0.862802
2 0.221153 0.0467905 0.0738783 0.0732176 0.862695
2 0.831154 0.154465 0.0764114 0.0763762 0.862589
1 0.817221 0.776336 0.0754665 0.0754231 0.862315
2 0.561523 0.260475 0.0777613 0.0773847 0.862248
1 0.158823 0.823949 0.0762141 0.0754287 0.862135
1 0.34079 0.646217 0.0759075 0.076049 0.86197
1 0.313048 0.647507 0.0766406 0.0763939 0.861892
2 0.199715 0.974561 0.0740589 0.0504478 0.86137
2 0.975136 0.173569 0.0495735 0.0748088 0.861345
1 0.468524 0.50939 0.0759693 0.0771107 0.860923
1 0.972302 0.253638 0.0553953 0.0756167 0.860855
1 0.484378 0.479931 0.0757736 0.0761849 0.860805
2 0.689763 0.0384259 0.0775915 0.0756164 0.860234
1 0.813678 0.590615 0.0744808 0.0749317 0.85973
1 0.155745 0.9504 0.0737853 0.073521 0.85958
2 0.775448 0.873957 0.0769299 0.0768455 0.859328
2 0.174187 0.588503 0.0728142 0.0724211 0.859317
1 0.896513 0.456968 0.0767879 0.0766543 0.859259
1 0.62902 0.69066 0.0765731 0.0762109 0.858427
1 0.616172 0.117952 0.0761536 0.0758655 0.858338
1 0.877054 0.676215 0.0750376 0.0752079 0.858182
2 0.678862 0.522985 0.0756838 0.0754668 0.85795
2 0.269284 0.93999 0.0735563 0.072978 0.857691
2 0.0856935 0.528155 0.0741769 0.0738044 0.857683
0 0.303499 0.380112 0.0762456 0.0756371 0.857641
2 0.0961871 0.188577 0.0733213 0.0727647 0.857425
2 0.598655 0.553068 0.0768581 0.0773525 0.857136
2 0.508371 0.34212 0.0767565 0.077234 0.857064
2 0.918785 0.0468684 0.0764273 0.0762239 0.856373
2 0.855675 0.283518 0.0780252 0.0791173 0.856366
2 0.341378 0.909559 0.0749197 0.0747892 0.855911
2 0.0233384 0.827793 0.0466768 0.0735923 0.855594
1 0.119474 0.722038 0.0748785 0.0743544 0.855534
2 0.592883 0.771677 0.0756189 0.0758431 0.855062
1 0.775149 0.0448635 0.0770205 0.0764181 0.854058
2 0.503195 0.614236 0.0773603 0.0777182 0.853701
2 0.326273 0.195943 0.0767432 0.0759994 0.853223
2 0.955277 0.254789 0.0753057 0.0751893 0.852819
1 0.918636 0.366207 0.0763119 0.075637 0.852454
2 0.400413 0.0328047 0.0758255 0.0656093 0.852104
2 0.780067 0.111409 0.0765913 0.0777557 0.851659
0 0.433832 0.135956 0.0773037 0.0777367 0.851453
1 0.624398 0.734616 0.0760895 0.0763193 0.850896
1 0.253385 0.609273 0.0755381 0.0756748 0.850767
1 0.611115 0.742256 0.0750557 0.0753045 0.85065
1 0.423887 0.976665 0.0742525 0.0466701 0.850645
2 0.307285 0.853058 0.0759772 0.0761753 0.850607
2 0.601236 0.782815 0.0757872 0.0756649 0.850445
1 0.044146 0.892026 0.0734774 0.0735668 0.850062
1 0.798512 0.114716 0.0764538 0.0778234 0.848578
2 0.918328 0.102883 0.0769215 0.0772358 0.848474
2 0.969243 0.503462 0.0615135 0.0743028 0.848276
2 0.646126 0.794549 0.0749365 0.0751369 0.847868
2 0.228453 0.970277 0.072635 0.0594454 0.847707
2 0.295297 0.051558 0.0753172 0.0751294 0.847391
0 0.306341 0.164638 0.0764614 0.076375 0.84723
1 0.23886 0.82079 0.0763474 0.0760607 0.847005
2 0.768626 0.18648 0.0777953 0.0781437 0.845934
2 0.966076 0.116735 0.0678488 0.074985 0.844326
1 0.908399 0.833827 0.0766382 0.0762045 0.84392
2 0.345711 0.442869 0.0779352 0.077224 0.8438
2 0.682479 0.682702 0.0771287 0.0770952 0.843615
1 0.594894 0.0316562 0.076882 0.0633124 0.843515
2 0.792112 0.0381535 0.0769878 0.0753504 0.843368
1 0.773418 0.771023 0.0753014 0.0757362 0.842797
0 0.837608 0.133337 0.0760174 0.0747645 0.842727
0 0.361038 0.0279783 0.075587 0.0559565 0.842172
1 0.755013 0.922952 0.075576 0.075218 0.842048
2 0.473799 0.964632 0.0754888 0.0707356 0.841722
2 0.462644 0.10268 0.0769512 0.076336 0.841672
2 0.565148 0.322952 0.077484 0.0775728 0.841341
0 0.113613 0.0902436 0.0743611 0.0739406 0.840645
2 0.97778 0.301353 0.0444403 0.0750334 0.840089
2 0.671865 0.69237 0.0764132 0.0767574 0.839672
2 0.678398 0.0556954 0.0760138 0.0760311 0.839437
2 0.683174 0.494792 0.0760002 0.0763391 0.839296
1 0.198808 0.838695 0.0753161 0.0756382 0.839293
2 0.291379 0.247708 0.0768546 0.0774091 0.839105
2 0.432366 0.267988 0.0761784 0.0767749 0.838256
2 0.903358 0.131268 0.0777746 0.077307 0.837896
0 0.450039 0.0190204 0.0749685 0.0380408 0.837706
2 0.9384 0.777579 0.076292 0.0753071 0.837496
2 0.104048 0.973469 0.0746587 0.0530624 0.836618
2 0.672416 0.323371 0.0763829 0.0761945 0.836436
0 0.110119 0.019665 0.0726199 0.0393299 0.835905
2 0.961001 0.488905 0.0769051 0.0789398 0.835294
2 0.972443 0.785524 0.0551138 0.0726303 0.834676
1 0.127055 0.921043 0.0725797 0.073307 0.834356
2 0.888267 0.182275 0.0779091 0.0769881 0.833435
2 0.336201 0.233668 0.0769258 0.0758861 0.833354
1 0.668777 0.884088 0.0750234 0.0753277 0.833263
2 0.452784 0.816197 0.0755487 0.0755856 0.833185
2 0.795707 0.871678 0.0759554 0.0758415 0.832941
0 0.318266 0.874512 0.0751351 0.0745758 0.832388
0 0.69123 0.405069 0.076697 0.0761175 0.832106
2 0.474927 0.0245079 0.0759527 0.0490158 0.831553
1 0.868918 0.536023 0.0757074 0.0754327 0.831181
2 0.734357 0.881602 0.0756255 0.0754501 0.830951
0 0.373093 0.319455 0.0780333 0.0769891 0.83046
1 0.141657 0.417104 0.0765108 0.0766548 0.829824
1 0.261466 0.680708 0.0779537 0.0769847 0.829645
2 0.607352 0.933655 0.07503 0.0742573 0.82851
2 0.061922 0.977096 0.0738762 0.0458082 0.828398
0 0.128215 0.0206524 0.0748117 0.0413047 0.826253
1 0.751475 0.527201 0.0749226 0.0742937 0.826005
2 0.210741 0.979576 0.0742591 0.0408476 0.82556
2 0.76877 0.127448 0.0759802 0.076214 0.825132
2 0.449065 0.707902 0.0781151 0.0780104 0.824993
1 0.781498 0.935485 0.074988 0.0762737 0.824361
2 0.769771 0.167242 0.0780199 0.0775356 0.823812
0 0.478108 0.0597345 0.0773582 0.0772413 0.823702
2 0.687511 0.418758 0.0768249 0.0764382 0.823047
2 0.0324069 0.967193 0.0645165 0.0647579 0.822277
2 0.607272 0.892601 0.0747951 0.0745308 0.822105
2 0.967955 0.316063 0.0640904 0.0726329 0.821602
2 0.471095 0.445451 0.075736 0.0757328 0.821408
2 0.0786967 0.792122 0.0733776 0.0732088 0.821359
0 0.0305357 0.190815 0.0610714 0.06979 0.821116
2 0.976717 0.191217 0.0462154 0.0754594 0.820568
2 0.321663 0.21643 0.0771255 0.0764855 0.820409
0 0.574123 0.238627 0.078178 0.0777297 0.820264
1 0.877909 0.473926 0.0763432 0.0758148 0.820114
1 0.858836 0.447454 0.0763712 0.0759476 0.819517
2 0.224367 0.0256758 0.073217 0.0513516 0.818948
0 0.490235 0.951947 0.0771627 0.0777954 0.818832
2 0.567594 0.0569489 0.0768837 0.0769558 0.817975
2 0.549464 0.171934 0.0763824 0.0763574 0.817971
1 0.492537 0.123956 0.0765945 0.077575 0.817814
1 0.875744 0.793245 0.0745186 0.0741977 0.81708
0 0.489415 0.161024 0.077615 0.0784426 0.816464
0 0.225287 0.111988 0.0748458 0.0745447 0.813089
2 0.614197 0.516518 0.0774595 0.0774754 0.812424
0 0.326527 0.349697 0.0784146 0.0786551 0.810814
2 0.768174 0.106105 0.0765572 0.0764869 0.810044
0 0.444086 0.122128 0.0766197 0.0763781 0.809618
2 0.972573 0.889792 0.0544071 0.0777264 0.809047
2 0.101576 0.905238 0.0735028 0.0730179 0.808955
2 0.631156 0.508572 0.0768373 0.0769164 0.808593
2 0.762113 0.117294 0.0776201 0.0767236 0.808441
0 0.31491 0.264661 0.0766344 0.0752501 0.806818
1 0.765758 0.491717 0.0744111 0.0747303 0.806732
2 0.657225 0.322291 0.0758402 0.0766982 0.806339
2 0.840901 0.979111 0.0748758 0.0417779 0.805867
1 0.775196 0.566997 0.0744272 0.0747005 0.80531
1 0.388946 0.974222 0.0718311 0.0509521 0.804748
1 0.857207 0.762999 0.0736912 0.0733385 0.804506
2 0.957352 0.843866 0.0779299 0.0774803 0.804295
2 0.263718 0.183192 0.0768687 0.0764315 0.804268
1 0.0189065 0.345606 0.0378129 0.0743452 0.803361
1 0.318304 0.97263 0.0721933 0.0547399 0.803057
1 0.122511 0.74233 0.0743558 0.0749519 0.802714
2 0.123495 0.635659 0.0751579 0.0749222 0.802596
1 0.834941 0.592661 0.0754353 0.0756819 0.802325
2 0.504417 0.0341995 0.0767273 0.0683991 0.80117
2 0.243892 0.290632 0.0757173 0.075454 0.800239
1 0.967632 0.592061 0.0647352 0.0746374 0.799999
0 0.976377 0.398571 0.0472452 0.0752556 0.798586
1 0.164059 0.268911 0.072517 0.0729924 0.798349
1 0.354346 0.713015 0.077762 0.0779247 0.796659
1 0.0573441 0.853243 0.0741312 0.073756 0.794574
1 0.0451935 0.922987 0.0728291 0.0733927 0.794319
0 0.871697 0.0316274 0.0760155 0.0627689 0.794172
2 0.263321 0.197112 0.0775872 0.0775226 0.793663
1 0.142723 0.733356 0.0737708 0.0739832 0.793334
1 0.915033 0.244778 0.0758003 0.0751654 0.792554
2 0.135882 0.970105 0.0715206 0.0596882 0.792043
2 0.978474 0.276558 0.0430523 0.0747126 0.790948
1 0.231455 0.582953 0.0738004 0.0739498 0.790625
1 0.976119 0.569142 0.0474583 0.0728207 0.790618
1 0.980417 0.259782 0.0391666 0.0755278 0.790529
2 0.788802 0.293833 0.076929 0.076503 0.789836
2 0.159347 0.180393 0.0737157 0.0737446 0.789453
2 0.0220419 0.550341 0.0440837 0.0713919 0.788296
1 0.199973 0.695812 0.0761068 0.0757952 0.788267
2 0.624101 0.382494 0.0771465 0.0764026 0.787383
2 0.564564 0.287618 0.0774988 0.0773124 0.787124
2 0.145585 0.97917 0.0726343 0.0416594 0.786849
2 0.0889954 0.379669 0.0751738 0.0745676 0.783735
1 0.144283 0.758385 0.0745749 0.0751013 0.783363
0 0.97586 0.917435 0.048279 0.0766571 0.78226
2 0.863278 0.161857 0.0774845 0.0772989 0.780893
2 0.204789 0.141047 0.0751251 0.0746926 0.780655
2 0.981244 0.69168 0.0375119 0.0757781 0.780089
0 0.483653 0.201668 0.0770088 0.0776714 0.779344
0 0.378229 0.0925832 0.0772064 0.0775472 0.778816
1 0.811043 0.749965 0.0745617 0.0749147 0.777769
2 0.484159 0.21855 0.0767435 0.0771205 0.777458
2 0.669094 0.781178 0.0761341 0.0761795 0.777158
0 0.306759 0.471305 0.0761658 0.0757075 0.777149
2 0.338102 0.383045 0.078255 0.0770991 0.775789
2 0.491316 0.951096 0.076781 0.0768671 0.775637
1 0.647901 0.956852 0.0747433 0.0756538 0.774801
2 0.220008 0.294198 0.0749271 0.0747744 0.774211
1 0.601082 0.121227 0.0767086 0.0764232 0.773412
2 0.497634 0.278002 0.0775948 0.0769433 0.772986
2 0.81942 0.979429 0.0752857 0.0411417 0.772965
1 0.0191068 0.464732 0.0382135 0.0690418 0.771557
0 0.156952 0.0208395 0.0721159 0.041679 0.770311
2 0.978828 0.635252 0.0423432 0.0766374 0.76965
1 0.879631 0.852219 0.0748251 0.0752274 0.769348
2 0.252067 0.0926685 0.075253 0.0751282 0.769313
2 0.333435 0.580696 0.074986 0.0754713 0.767637
2 0.472708 0.135339 0.0775049 0.0768655 0.76621
2 0.138863 0.381427 0.0752372 0.0762523 0.765649
1 0.0314117 0.503383 0.0627292 0.070067 0.764503
2 0.450217 0.583434 0.0769293 0.0763874 0.764266
2 0.197464 0.0346255 0.0743458 0.068811 0.76423
1 0.0777397 0.920664 0.0750808 0.0745194 0.763582
2 0.574892 0.977148 0.0769384 0.0457045 0.763405
2 0.558216 0.13944 0.0779104 0.0780334 0.761049
2 0.421359 0.610859 0.0760042 0.0767229 0.758228
2 0.0169535 0.558132 0.0339071 0.0714748 0.758129
0 0.358997 0.530539 0.0761518 0.0764134 0.756993
0 0.744626 0.21124 0.0784807 0.0779931 0.756467
1 0.308014 0.54772 0.0755034 0.07582 0.756179
1 0.187018 0.847134 0.074085 0.0745018 0.755921
2 0.109638 0.406672 0.0745759 0.0752707 0.75461
2 0.492734 0.890312 0.0770212 0.0770172 0.753387
0 0.113831 0.22937 0.0724046 0.0724161 0.752339
1 0.0302361 0.898893 0.0604722 0.0722145 0.752023
1 0.170313 0.338698 0.0741714 0.0742578 0.751529
2 0.306968 0.88113 0.0753716 0.0751032 0.751169
2 0.181734 0.180615 0.0753532 0.0761796 0.750938
2 0.335087 0.919735 0.0744628 0.0743242 0.750845
2 0.9771 0.713915 0.0458002 0.0757973 0.75079
2 0.0276523 0.852349 0.0553046 0.073381 0.74989
2 0.421326 0.372424 0.0774315 0.0780785 0.74895
1 0.0241548 0.487142 0.0481014 0.0682903 0.748268
1 0.857582 0.958697 0.0752838 0.0761913 0.747335
0 0.687097 0.387465 0.0763525 0.0763499 0.747248
2 0.36429 0.665841 0.0784362 0.0776932 0.747027
1 0.178909 0.894314 0.074782 0.0744886 0.747007
2 0.981246 0.0310143 0.0371655 0.0607431 0.744637
1 0.817511 0.473853 0.0756973 0.076148 0.743698
0 0.0601307 0.114615 0.073403 0.0733471 0.743495
1 0.766029 0.783798 0.0758464 0.0751977 0.742799
1 0.719985 0.937921 0.0745569 0.0735359 0.741516
2 0.717685 0.352785 0.0769032 0.0765872 0.741509
2 0.978463 0.6672 0.0429367 0.0758176 0.741047
2 0.621885 0.330135 0.0758528 0.0756602 0.740687
2 0.91011 0.403479 0.0767721 0.076606 0.738921
2 0.92293 0.160746 0.0761242 0.0757054 0.738826
2 0.445369 0.696781 0.0777032 0.0780268 0.738125
2 0.299478 0.941192 0.0744014 0.0738224 0.737237
0 0.820637 0.111463 0.0774056 0.0779384 0.736803
1 0.835817 0.254246 0.0781626 0.0776607 0.735221
1 0.873271 0.900743 0.0770603 0.0768379 0.733626
2 0.669685 0.334577 0.0753718 0.0756657 0.731159
1 0.442686 0.979151 0.0746829 0.0416975 0.728589
2 0.426359 0.738497 0.0775376 0.0777468 0.728517
1 0.671524 0.0256893 0.0749701 0.0513786 0.728162
0 0.300879 0.0255203 0.0713911 0.0510154 0.726797
2 0.110316 0.14634 0.0735508 0.073612 0.726417
1 0.497975 0.324243 0.07686 0.0770572 0.721487
1 0.778125 0.807673 0.0764645 0.0760881 0.720236
0 0.1219 0.0324243 0.0760625 0.0648485 0.719848
2 0.554394 0.944688 0.078281 0.0786377 0.719726
1 0.612891 0.981176 0.0732198 0.0376484 0.719489
1 0.879641 0.803903 0.0759478 0.0748217 0.718435
1 0.0972682 0.306043 0.0746975 0.0750931 0.716368
2 0.411086 0.670186 0.0756416 0.0756214 0.716145
2 0.975088 0.448767 0.0495859 0.0761965 0.715912
2 0.78617 0.374986 0.0776695 0.0779833 0.715519
1 0.976921 0.541573 0.0455288 0.0724355 0.713522
1 0.768126 0.719406 0.0725574 0.0731081 0.713123
1 0.015756 0.179358 0.0315119 0.0728461 0.712478
2 0.809698 0.911799 0.0747503 0.0745041 0.71147
2 0.514012 0.795427 0.0754879 0.0760268 0.710892
2 0.519186 0.289042 0.0763558 0.0760635 0.710326
1 0.954728 0.0692012 0.0762455 0.0757936 0.710247
1 0.056839 0.830336 0.0753068 0.0742733 0.706747
2 0.319477 0.305927 0.0771322 0.0766232 0.706389
2 0.856323 0.0250276 0.074658 0.0499855 0.705993
1 0.8981 0.798649 0.0752472 0.0759583 0.704825
1 0.01829 0.0394947 0.0360152 0.0662362 0.703995
2 0.95768 0.170926 0.074394 0.0755548 0.70334
2 0.526059 0.205591 0.0769021 0.0773131 0.70151
2 0.924733 0.197198 0.075016 0.0748576 0.699119
0 0.15879 0.052871 0.0720863 0.0732099 0.696878
0 0.16915 0.512346 0.0750356 0.0748646 0.695084
2 0.0262456 0.643621 0.0524815 0.0751883 0.694443
1 0.0245927 0.0282481 0.0491855 0.0562058 0.692438
2 0.519126 0.909356 0.0766619 0.077832 0.690228
2 0.129198 0.232122 0.0733571 0.0728773 0.688947
2 0.650339 0.820105 0.0751612 0.0749009 0.687195
0 0.393742 0.466063 0.0765336 0.0761532 0.685758
2 0.267185 0.0818616 0.0752047 0.0756668 0.685367
1 0.225494 0.647518 0.0750137 0.0749191 0.679676
1 0.66258 0.0330149 0.0758743 0.0650515 0.677007
2 0.0554668 0.0171227 0.0736458 0.0342453 0.671167
2 0.302461 0.0855156 0.0769114 0.0768256 0.6706
1 0.0196315 0.0588504 0.0389044 0.068674 0.669749
2 0.686999 0.387487 0.0766489 0.0769369 0.668801
2 0.787872 0.974106 0.0721055 0.051787 0.666096
2 0.280071 0.0938759 0.0761554 0.0753616 0.665669
2 0.908156 0.112521 0.0774359 0.0778958 0.66505
1 0.0165711 0.378986 0.0329125 0.0710888 0.662295
0 0.229131 0.018591 0.0726749 0.037182 0.66192
0 0.295924 0.336437 0.0776602 0.077507 0.661683
0 0.59608 0.465103 0.0757614 0.077022 0.658647
1 0.367177 0.827075 0.075657 0.0755058 0.657546
1 0.232067 0.229868 0.0755716 0.0746099 0.653964
0 0.501374 0.196776 0.0779091 0.0773856 0.649499
1 0.649042 0.390719 0.0752563 0.075557 0.647774
1 0.785498 0.726326 0.0738659 0.0738399 0.647204
1 0.278896 0.971154 0.0723781 0.0576441 0.646537
2 0.94167 0.900816 0.0822367 0.0809465 0.645112
0 0.264185 0.117102 0.0757951 0.0758394 0.643828
1 0.788291 0.683557 0.0758137 0.076227 0.643755
2 0.601653 0.0577666 0.0787803 0.0777149 0.643562
1 0.980208 0.875966 0.0395848 0.0784805 0.642341
1 0.944456 0.322656 0.0759422 0.0761345 0.641016
2 0.826597 0.970004 0.0738382 0.0599911 0.639748
1 0.884427 0.824073 0.0765484 0.0765129 0.639585
2 0.601705 0.958127 0.0747013 0.0752235 0.639061
0 0.303271 0.864762 0.0746009 0.0742252 0.638439
2 0.887256 0.0280369 0.0748146 0.0560737 0.637346
1 0.938179 0.983882 0.0743933 0.0316662 0.637051
1 0.717589 0.569306 0.0735664 0.0737133 0.636851
2 0.545581 0.779748 0.076096 0.0764118 0.636748
2 0.365134 0.1103 0.0780701 0.0783413 0.632944
2 0.979897 0.655537 0.0402055 0.0746405 0.632282
2 0.0827355 0.838239 0.0744433 0.0741503 0.630748
2 0.693952 0.86541 0.0725149 0.0739511 0.630345
1 0.0271886 0.358649 0.0539424 0.0747971 0.629858
2 0.547203 0.832903 0.0761606 0.0758431 0.626023
2 0.546998 0.873133 0.0761955 0.0758629 0.623849
2 0.159147 0.0540255 0.0733659 0.0737777 0.622296
1 0.0235571 0.334598 0.0469029 0.0749838 0.621826
2 0.528143 0.98237 0.0752308 0.0351391 0.620463
1 0.117523 0.90592 0.0735006 0.0736824 0.620363
2 0.888173 0.0958433 0.0759108 0.0754317 0.619019
2 0.784277 0.327074 0.0769458 0.076613 0.617792
0 0.884641 0.0268164 0.0731476 0.0534615 0.610989
1 0.93195 0.0797804 0.0741694 0.0747329 0.608049
2 0.847283 0.0546631 0.0765957 0.0769602 0.605061
0 0.468825 0.230083 0.0768253 0.0767265 0.603499
2 0.584428 0.340511 0.0769049 0.0764595 0.598197
1 0.840976 0.460776 0.073732 0.0733599 0.597948
2 0.509418 0.773056 0.0769964 0.0775093 0.596563
2 0.367011 0.827778 0.0758965 0.0758854 0.595241
2 0.79113 0.263674 0.0762179 0.0769941 0.592548
2 0.972334 0.42858 0.0548 0.0756302 0.589877
2 0.358916 0.530301 0.0753707 0.0763482 0.589136
1 0.29966 0.982416 0.0724328 0.0351528 0.58908
1 0.804768 0.389117 0.076886 0.077051 0.586773
1 0.0176469 0.128217 0.0352937 0.075233 0.585132
2 0.897061 0.319265 0.0768642 0.0757262 0.582443
0 0.123352 0.635752 0.0745047 0.074486 0.582429
2 0.383103 0.154411 0.075851 0.0750514 0.578926
0 0.656813 0.321478 0.0758581 0.0756095 0.577633
2 0.38586 0.0181644 0.0744907 0.0363287 0.572724
2 0.71095 0.0651504 0.0765121 0.0769041 0.571639
2 0.372129 0.125992 0.0783403 0.0784713 0.569991
1 0.359166 0.985887 0.0705865 0.0281363 0.569293
2 0.133024 0.364061 0.0742777 0.0752392 0.567593
1 0.727856 0.10479 0.0780571 0.0775253 0.565712
1 0.722766 0.552084 0.0747046 0.0747377 0.56134
2 0.0193487 0.422149 0.0386974 0.0709744 0.559365
1 0.883684 0.926141 0.0753939 0.0754745 0.558871
2 0.0225796 0.579601 0.0450763 0.0741215 0.558263
0 0.476595 0.153653 0.0785814 0.0780504 0.557353
2 0.444063 0.0524824 0.0765427 0.0768161 0.555953
2 0.604222 0.206142 0.0765243 0.076269 0.553967
2 0.0944137 0.638788 0.0753163 0.0753037 0.553483
2 0.348023 0.242982 0.0768373 0.0761249 0.551711
2 0.900379 0.0187775 0.0743849 0.0375551 0.550243
2 0.676542 0.643473 0.0764647 0.0767557 0.545804
0 0.227052 0.208508 0.0762981 0.0757027 0.54545
2 0.412495 0.881617 0.0794121 0.0782623 0.545274
2 0.379568 0.522691 0.0758108 0.0761591 0.544643
2 0.0726307 0.106045 0.0741024 0.0745004 0.543118
2 0.753071 0.0344222 0.0753593 0.0686507 0.542298
2 0.30012 0.294272 0.0769043 0.0759387 0.540259
2 0.448354 0.630808 0.0752271 0.0740363 0.536244
1 0.692435 0.0173277 0.0747414 0.0346554 0.534981
1 0.462464 0.601697 0.0753523 0.0762756 0.534968
2 0.77273 0.198248 0.0759917 0.0757153 0.534815
1 0.0781389 0.435561 0.0743105 0.0740059 0.530465
1 0.854649 0.746072 0.073663 0.07374 0.529118
0 0.579436 0.774933 0.0752459 0.074714 0.528872
2 0.206987 0.0425692 0.0737835 0.0739132 0.526138
2 0.334351 0.0192708 0.0738452 0.0385417 0.519692
1 0.836534 0.485855 0.0749458 0.0756007 0.519045
2 0.307301 0.470649 0.0761397 0.0764984 0.518398
0 0.265235 0.438034 0.0774767 0.0777397 0.515403
0 0.451062 0.881192 0.0805862 0.0800356 0.510972
2 0.759333 0.314993 0.0770992 0.0773083 0.509973
1 0.0544893 0.518984 0.0731206 0.0741329 0.508897
2 0.0613233 0.457697 0.0725006 0.0734323 0.50795
0 0.220635 0.294169 0.0740762 0.0744468 0.507466
1 0.408534 0.374591 0.0772626 0.0787276 0.505501
2 0.0316546 0.0156429 0.0609933 0.0311064 0.503669
2 0.0159042 0.413311 0.0318084 0.072658 0.502975
1 0.376406 0.474452 0.0761897 0.0758039 0.502608
1 0.914919 0.501061 0.0762009 0.0773294 0.502313
2 0.638207 0.258627 0.0757586 0.0761616 0.501787
1 0.7822 0.509465 0.0744033 0.0742004 0.501181
1 0.832987 0.758978 0.0736322 0.0730496 0.501042
0 0.847599 0.0560398 0.0772333 0.0773039 0.50022
