0 0.117629 0.642291 0.0724938 0.0719059 0.941305
0 0.265588 0.456451 0.071875 0.0726084 0.938751
0 0.799816 0.81506 0.070417 0.0703709 0.934665
2 0.582129 0.474938 0.0737518 0.0729377 0.934304
0 0.377335 0.701481 0.0704797 0.0705502 0.933569
2 0.894532 0.251168 0.0699955 0.0691259 0.931686
0 0.587819 0.837573 0.07134 0.071497 0.930114
0 0.606479 0.192092 0.0734543 0.0736976 0.928553
2 0.0652157 0.899752 0.0713143 0.0708237 0.928013
2 0.0739928 0.674536 0.071511 0.0713559 0.927663
0 0.0259079 0.815362 0.0518158 0.0712074 0.926718
0 0.0829033 0.890262 0.0721002 0.0713463 0.925861
0 0.182161 0.592723 0.0721058 0.0718075 0.925416
0 0.266718 0.481545 0.0721464 0.0719477 0.923895
0 0.579866 0.0406008 0.0758502 0.0758173 0.92336
0 0.220501 0.620662 0.0722419 0.072415 0.922779
0 0.482152 0.260363 0.0737967 0.0736441 0.922672
0 0.291535 0.36334 0.0725176 0.0712488 0.922464
0 0.376019 0.736037 0.0701962 0.0699837 0.92236
0 0.79789 0.861453 0.0703642 0.070253 0.922234
2 0.542604 0.123801 0.0745838 0.0745342 0.92176
0 0.602515 0.831753 0.0715139 0.0719847 0.920616
0 0.442774 0.750589 0.0719358 0.0706131 0.92061
0 0.268918 0.415492 0.0726145 0.0723661 0.920356
0 0.104492 0.65297 0.0719921 0.0726097 0.920342
0 0.604538 0.748238 0.0716135 0.0713757 0.91984
0 0.910041 0.303639 0.0696896 0.0703971 0.919158
0 0.375771 0.277206 0.0725964 0.0725285 0.918987
2 0.705776 0.231708 0.0735851 0.0731378 0.918904
0 0.430501 0.787327 0.0724718 0.0719051 0.918839
2 0.830959 0.770961 0.0691681 0.0691317 0.918323
0 0.296235 0.600647 0.0718272 0.0715868 0.918225
0 0.923851 0.949689 0.0695486 0.0696632 0.917877
2 0.430826 0.647077 0.0710325 0.0702097 0.917738
0 0.35527 0.677649 0.0709077 0.0695169 0.917612
0 0.112197 0.747515 0.0717217 0.0718639 0.917538
0 0.883039 0.403385 0.0708054 0.0702313 0.91749
0 0.638458 0.10854 0.0747102 0.0746584 0.917322
0 0.830234 0.800679 0.0703886 0.0689955 0.917172
0 0.161493 0.538654 0.0721597 0.0728454 0.917158
2 0.0921389 0.300253 0.0734442 0.0725835 0.916713
0 0.775349 0.140741 0.0728656 0.0733257 0.916521
0 0.0791281 0.372442 0.0727229 0.0727097 0.916056
0 0.833851 0.841533 0.0699783 0.0699089 0.915844
2 0.598857 0.251434 0.0736343 0.0737461 0.915731
0 0.0295855 0.234744 0.0589747 0.0715518 0.915378
0 0.489004 0.761087 0.071406 0.0706038 0.915256
2 0.768376 0.743885 0.0697322 0.0701225 0.915083
2 0.946711 0.212449 0.0689529 0.0687003 0.914934
0 0.0587052 0.316274 0.0734323 0.0743162 0.914804
2 0.156318 0.649485 0.0726379 0.0720821 0.914747
2 0.579974 0.489843 0.0722059 0.0720388 0.914664
2 0.664801 0.0767171 0.075524 0.0754131 0.914617
0 0.521371 0.252715 0.0736253 0.0738069 0.914528
0 0.9021 0.495352 0.070079 0.0706841 0.914306
2 0.460465 0.952808 0.069553 0.0697754 0.914086
0 0.430272 0.66712 0.0707541 0.0705423 0.913948
0 0.0352889 0.863825 0.0705777 0.0724926 0.913841
0 0.853843 0.885741 0.0703217 0.0688446 0.913674
0 0.788219 0.819768 0.0684451 0.0707375 0.913615
2 0.378397 0.627062 0.0704346 0.0699137 0.913609
2 0.454836 0.253145 0.0745592 0.0739871 0.913524
0 0.871205 0.25434 0.0701756 0.0704338 0.913432
0 0.051473 0.739149 0.0713283 0.0707703 0.913374
0 0.457107 0.785901 0.0724833 0.071063 0.913231
2 0.551335 0.135296 0.0737915 0.074243 0.913168
0 0.320047 0.715822 0.0702846 0.0698699 0.913128
2 0.575662 0.856838 0.0717532 0.0724316 0.913113
2 0.0274281 0.69632 0.0548562 0.0715761 0.913068
2 0.0547732 0.330983 0.0734956 0.073015 0.912752
0 0.695615 0.783564 0.071213 0.0715029 0.912676
0 0.668742 0.816835 0.071361 0.0711519 0.912591
0 0.93006 0.329031 0.0702023 0.0695802 0.912529
0 0.773816 0.835327 0.0704248 0.0698792 0.912515
0 0.110576 0.62949 0.0714277 0.0719007 0.912467
0 0.677628 0.842539 0.0710085 0.0711052 0.912286
0 0.250344 0.450706 0.0717876 0.0717001 0.912266
2 0.469715 0.75659 0.0721824 0.0723706 0.912
2 0.751453 0.103134 0.0757866 0.0750642 0.911968
0 0.107943 0.669351 0.0722901 0.0722586 0.911934
0 0.787859 0.85254 0.0699831 0.0701832 0.911718
0 0.852392 0.476557 0.0712589 0.0710804 0.911695
2 0.184838 0.767413 0.0711269 0.0708952 0.911677
0 0.726487 0.0273616 0.0749687 0.0547104 0.91149
0 0.371999 0.236048 0.0720757 0.0718556 0.911175
0 0.232724 0.603931 0.0717747 0.0717972 0.911089
2 0.0922081 0.563572 0.0735361 0.0727041 0.911065
0 0.619647 0.844692 0.0708051 0.0707884 0.910994
0 0.559262 0.0534772 0.0750376 0.0748408 0.910806
2 0.529977 0.863796 0.0712368 0.0708328 0.91062
2 0.60745 0.311799 0.0736988 0.0738216 0.910612
2 0.32809 0.606765 0.0714633 0.071669 0.91054
0 0.927915 0.302955 0.069879 0.070468 0.910312
2 0.551682 0.270283 0.0746101 0.0742159 0.910276
2 0.590061 0.0304742 0.0743277 0.060615 0.910247
0 0.841121 0.347885 0.0699047 0.0699603 0.910105
2 0.614067 0.284896 0.0735511 0.0740953 0.910057
2 0.748579 0.746716 0.0711662 0.0716228 0.910044
2 0.361105 0.781797 0.0702345 0.0712149 0.910044
2 0.761833 0.0861488 0.075182 0.0747611 0.910026
2 0.715003 0.190513 0.072699 0.072169 0.909995
0 0.818305 0.912754 0.0703533 0.0692547 0.909894
2 0.357172 0.885178 0.0708494 0.0706509 0.909864
0 0.621767 0.205838 0.0734122 0.0735382 0.909723
2 0.0750976 0.216506 0.0719987 0.0724525 0.909672
2 0.857572 0.062354 0.0714651 0.0715641 0.909638
2 0.586524 0.317377 0.0744877 0.0745543 0.909607
0 0.281461 0.581364 0.0727156 0.0722023 0.909524
0 0.277143 0.507797 0.071463 0.0723186 0.909454
0 0.849039 0.835237 0.0687386 0.0696876 0.909436
0 0.553251 0.766159 0.0717752 0.07166 0.909395
0 0.050935 0.814114 0.071926 0.0722635 0.909387
1 0.646311 0.378451 0.0742264 0.0745711 0.909356
0 0.890848 0.822714 0.0694004 0.0698231 0.909004
0 0.463721 0.807304 0.070434 0.0717118 0.908811
2 0.0474639 0.847775 0.0727467 0.072369 0.908781
0 0.439314 0.0910378 0.0742687 0.0742163 0.908743
0 0.0666224 0.699359 0.071994 0.0709688 0.908679
0 0.517076 0.280111 0.0742645 0.0737103 0.908558
0 0.618008 0.024468 0.0754339 0.048936 0.90855
2 0.38242 0.790172 0.0701207 0.0698294 0.908515
2 0.532725 0.139358 0.0736017 0.0734352 0.908407
2 0.490176 0.737501 0.0713663 0.0708912 0.908351
0 0.0703287 0.655587 0.0720272 0.0717571 0.908253
2 0.516769 0.79095 0.0727739 0.0721836 0.908212
0 0.744214 0.841638 0.0713879 0.0712589 0.9082
0 0.476231 0.694122 0.0704952 0.0715653 0.908123
0 0.0576115 0.74918 0.0721388 0.0712114 0.90804
0 0.162991 0.594932 0.0710388 0.0717682 0.90797
0 0.893319 0.0444613 0.0726383 0.0731518 0.907883
0 0.6686 0.218689 0.0731179 0.0724319 0.907762
0 0.785648 0.332983 0.0714851 0.0728206 0.907615
2 0.421893 0.804063 0.0712352 0.0713589 0.907615
0 0.807014 0.781677 0.0707997 0.0698544 0.907611
0 0.455436 0.722716 0.0713762 0.0700434 0.907597
2 0.852769 0.86513 0.0696415 0.0694942 0.907564
0 0.742241 0.790031 0.0719 0.0712147 0.907559
2 0.525062 0.11537 0.0746246 0.0748292 0.907554
2 0.573971 0.449003 0.0733919 0.0737447 0.907237
1 0.0796224 0.870636 0.0716557 0.071949 0.907227
0 0.969523 0.395235 0.0609545 0.0713097 0.907214
2 0.535616 0.783987 0.0720138 0.0718733 0.907176
2 0.132226 0.74599 0.0718403 0.0720017 0.907166
2 0.230849 0.425183 0.0735846 0.0725534 0.907148
0 0.955928 0.305881 0.070339 0.070425 0.90703
0 0.143416 0.619534 0.0723446 0.0719259 0.906941
0 0.484607 0.830302 0.0717533 0.0717895 0.906844
0 0.167499 0.661194 0.0722716 0.0719923 0.906834
2 0.132989 0.10819 0.0742688 0.0743259 0.906505
2 0.693688 0.850999 0.0710648 0.0702383 0.906453
0 0.470924 0.67585 0.0709904 0.0697317 0.90645
1 0.488367 0.130967 0.0747604 0.0747138 0.906323
0 0.0875763 0.519751 0.0720875 0.0725314 0.906278
0 0.136492 0.079153 0.0749287 0.0750259 0.906264
2 0.50764 0.462427 0.0716543 0.0714146 0.906239
0 0.977745 0.123191 0.0445099 0.0724004 0.906219
0 0.953362 0.0729552 0.0722155 0.0717522 0.906216
0 0.58763 0.197847 0.0740294 0.0733343 0.906095
2 0.418348 0.826165 0.0722693 0.0713249 0.90609
0 0.638089 0.884986 0.0692088 0.0705975 0.906064
0 0.0676181 0.808204 0.0718726 0.0727315 0.906062
0 0.912884 0.835858 0.06966 0.0695972 0.906036
0 0.861945 0.796685 0.0686909 0.0696699 0.905988
2 0.872893 0.615882 0.0705559 0.0703444 0.905967
1 0.235306 0.189398 0.0739192 0.0736815 0.905942
0 0.776461 0.782125 0.0701278 0.0709659 0.905896
1 0.629374 0.324324 0.0746508 0.0742783 0.905789
2 0.664069 0.11752 0.075312 0.075256 0.905722
2 0.561922 0.92105 0.069846 0.0701859 0.905685
0 0.716525 0.971182 0.0691855 0.0576355 0.905671
1 0.292854 0.757814 0.0713985 0.0711208 0.905669
0 0.287874 0.701572 0.0698223 0.0695635 0.905657
2 0.482438 0.936581 0.0707905 0.0696917 0.905419
2 0.62465 0.559839 0.0729325 0.0726723 0.905366
2 0.801637 0.188621 0.0712853 0.0714435 0.905241
0 0.554474 0.8702 0.0726006 0.0722164 0.905198
0 0.595823 0.269999 0.0738892 0.0741363 0.905186
2 0.0842115 0.596877 0.0711286 0.0715244 0.905183
0 0.605676 0.794114 0.0719924 0.0714267 0.905141
0 0.956887 0.889063 0.0709799 0.0697962 0.905099
0 0.585672 0.874519 0.0712641 0.0711353 0.90503
2 0.109246 0.527215 0.074008 0.073741 0.904949
0 0.912941 0.107663 0.0717161 0.0725821 0.904912
0 0.865794 0.0931733 0.0734463 0.0729688 0.904797
2 0.291639 0.853594 0.071168 0.0711143 0.904772
0 0.696354 0.0793391 0.0751898 0.0752167 0.904765
0 0.302046 0.790944 0.0705982 0.0704525 0.904738
0 0.512647 0.0477453 0.0737885 0.073906 0.904667
0 0.770267 0.275428 0.0716185 0.0715331 0.904519
2 0.88035 0.880064 0.0699678 0.0695648 0.904241
2 0.592623 0.490403 0.0736523 0.072719 0.904175
2 0.500757 0.966992 0.0692729 0.0660158 0.904063
2 0.43384 0.858123 0.0710501 0.0714851 0.904059
0 0.924054 0.887726 0.0686958 0.0684744 0.90401
0 0.455444 0.679658 0.0711613 0.0706184 0.904003
0 0.66937 0.764697 0.0720385 0.0714519 0.903971
0 0.658954 0.843183 0.0706089 0.0710197 0.903968
0 0.365191 0.0688059 0.0746243 0.0747001 0.903894
2 0.417715 0.255656 0.0738738 0.0739077 0.903872
0 0.680764 0.207831 0.0733843 0.0732809 0.903813
2 0.658825 0.469919 0.0733728 0.0733275 0.903811
2 0.329817 0.078013 0.0749272 0.0747031 0.903778
0 0.7835 0.227422 0.0714047 0.0711741 0.903773
0 0.912714 0.772317 0.0694126 0.0695003 0.903743
1 0.725169 0.954735 0.0681253 0.0695583 0.903738
1 0.462999 0.886928 0.0716349 0.0711548 0.903724
0 0.896266 0.89045 0.069392 0.0690414 0.903555
0 0.189102 0.519318 0.0717699 0.0719934 0.903548
2 0.47348 0.431693 0.0705702 0.0715509 0.9035
0 0.202037 0.592613 0.0720356 0.0725587 0.90347
0 0.758857 0.82122 0.0711788 0.0709188 0.903345
0 0.724048 0.842549 0.0696471 0.0700958 0.903335
0 0.0989067 0.610641 0.0709143 0.0712969 0.90319
2 0.489156 0.969467 0.0688065 0.061067 0.903117
1 0.667364 0.493483 0.072657 0.0731179 0.903069
2 0.603615 0.496031 0.0735531 0.0733277 0.903018
1 0.119762 0.873913 0.0718985 0.070956 0.902913
0 0.954349 0.250679 0.069005 0.06838 0.9029
0 0.602547 0.878929 0.0709413 0.0714584 0.902818
0 0.887267 0.951795 0.0695335 0.0696274 0.902738
0 0.752639 0.911217 0.0701237 0.0693209 0.902716
2 0.756378 0.737114 0.0717751 0.0704748 0.902706
0 0.925019 0.407921 0.0694628 0.0694363 0.902576
0 0.032933 0.75888 0.065866 0.0709444 0.902554
0 0.888505 0.119668 0.073086 0.0736202 0.902531
2 0.963551 0.424461 0.0698711 0.0695452 0.90252
0 0.0205449 0.0976039 0.0410899 0.072696 0.902495
2 0.952896 0.543388 0.069739 0.0690898 0.902492
0 0.0866862 0.769723 0.0717877 0.0719906 0.902428
2 0.562571 0.850286 0.0722412 0.0723104 0.902409
2 0.778018 0.0437394 0.0747629 0.0744151 0.902363
2 0.530014 0.464181 0.0731216 0.0729546 0.902289
0 0.794551 0.201748 0.071803 0.0705045 0.902269
0 0.728541 0.81573 0.0717507 0.0716164 0.902128
1 0.727884 0.649735 0.0749908 0.0745817 0.902063
1 0.670282 0.436266 0.0745886 0.0743876 0.90205
2 0.354877 0.729286 0.0710841 0.0709623 0.90205
2 0.0971027 0.541251 0.0730918 0.0731529 0.901967
0 0.356324 0.629151 0.0709268 0.0708778 0.901557
2 0.880269 0.387825 0.0705383 0.0699105 0.901494
2 0.798674 0.380008 0.0717345 0.0720139 0.901473
2 0.113623 0.941184 0.0700278 0.0702927 0.901449
0 0.959594 0.160563 0.0704479 0.0704307 0.901356
2 0.558919 0.47235 0.0723792 0.0726063 0.901323
2 0.657169 0.138482 0.0743527 0.074059 0.901247
0 0.539877 0.732225 0.070321 0.070931 0.901091
1 0.700155 0.724007 0.071248 0.0705383 0.900921
2 0.47883 0.964741 0.0698853 0.0678894 0.900817
2 0.400307 0.684625 0.0704572 0.0694195 0.900762
2 0.909562 0.237469 0.0699406 0.0690587 0.900711
0 0.39938 0.639553 0.0695753 0.0687958 0.900646
2 0.450438 0.652683 0.069647 0.0700754 0.900605
2 0.928431 0.386347 0.0692345 0.0684994 0.90059
0 0.401597 0.766161 0.071016 0.0712131 0.900344
1 0.241787 0.897117 0.0718868 0.0715843 0.900294
2 0.269659 0.0350101 0.0740459 0.0699939 0.900099
0 0.209426 0.514819 0.0727177 0.0722136 0.900057
1 0.0600368 0.245413 0.0714334 0.0717542 0.900035
2 0.239184 0.562486 0.0713288 0.0709936 0.900011
2 0.189753 0.958008 0.0702044 0.0713015 0.9
0 0.564513 0.0398416 0.0748413 0.075054 0.899988
2 0.390776 0.867165 0.0714735 0.0722216 0.899787
2 0.47395 0.971974 0.0698919 0.0560514 0.899779
2 0.0437533 0.767663 0.0726448 0.0725712 0.899639
1 0.468146 0.122003 0.0753016 0.0748002 0.899609
0 0.133999 0.660712 0.0729076 0.0720493 0.899592
0 0.921977 0.318693 0.070278 0.0708111 0.899561
1 0.522821 0.639879 0.0718946 0.0716431 0.899498
0 0.966734 0.229119 0.0650734 0.069061 0.899474
0 0.507203 0.841885 0.0708984 0.0706203 0.899422
0 0.879739 0.360333 0.0704035 0.070242 0.899304
1 0.56431 0.942816 0.0692398 0.0702873 0.899251
0 0.772074 0.809652 0.0711148 0.0705353 0.899195
0 0.108626 0.79904 0.0716084 0.0711604 0.899146
2 0.161506 0.81317 0.071331 0.0711922 0.898688
0 0.0276269 0.786683 0.0552539 0.0708895 0.898684
2 0.602924 0.444979 0.073494 0.0733402 0.898649
0 0.845132 0.550475 0.0717861 0.0710598 0.898486
2 0.535831 0.33267 0.0737201 0.0739602 0.898443
1 0.937579 0.651288 0.0707333 0.0712179 0.89835
0 0.604202 0.763555 0.0721054 0.070834 0.898347
2 0.657629 0.315854 0.0754065 0.0753247 0.898321
2 0.235619 0.524238 0.0729697 0.0723684 0.898303
2 0.073082 0.278972 0.0725924 0.0728414 0.898294
2 0.124666 0.552577 0.0726392 0.0727528 0.898194
2 0.14592 0.81971 0.0715438 0.0710796 0.898174
1 0.223606 0.851645 0.0728562 0.0728527 0.898157
2 0.577081 0.295141 0.0737932 0.0738585 0.898136
2 0.902092 0.0640187 0.0719927 0.0712954 0.897959
1 0.367789 0.42272 0.0722414 0.0705415 0.897945
1 0.485485 0.382108 0.0726077 0.0733757 0.897793
2 0.934578 0.430476 0.0702047 0.0705403 0.897792
0 0.874996 0.946599 0.0695858 0.0695133 0.897786
1 0.145899 0.192403 0.0733198 0.0729739 0.897743
2 0.830379 0.20918 0.0697599 0.069769 0.897711
1 0.677118 0.968007 0.0683735 0.063088 0.897664
2 0.378518 0.322161 0.0736474 0.0731308 0.89755
2 0.794364 0.253797 0.0704538 0.070073 0.897545
2 0.758468 0.305648 0.0726943 0.0726753 0.897347
2 0.450471 0.921037 0.0704334 0.0709808 0.897244
2 0.365757 0.653705 0.0698159 0.0701313 0.897013
2 0.196867 0.786353 0.0715871 0.0707008 0.896954
0 0.0423925 0.686212 0.0718619 0.0710264 0.896947
0 0.697052 0.167256 0.0728933 0.0724107 0.896893
2 0.75745 0.861113 0.0710293 0.0701601 0.896875
0 0.960002 0.793442 0.0709091 0.0716891 0.896791
0 0.949392 0.379834 0.0690365 0.0697392 0.896685
1 0.180585 0.225253 0.0737546 0.0729041 0.896585
2 0.888202 0.454989 0.07005 0.0705646 0.896435
1 0.282919 0.251777 0.072985 0.0727038 0.896426
0 0.0960963 0.714454 0.0718149 0.0716253 0.896343
1 0.17792 0.182774 0.0735273 0.0736082 0.896281
2 0.528787 0.722073 0.071472 0.0714607 0.896194
0 0.919052 0.0735 0.0724983 0.0707044 0.896176
0 0.689527 0.892416 0.0697763 0.0693222 0.896134
0 0.513536 0.893599 0.0709302 0.0707748 0.896104
2 0.310561 0.373124 0.071579 0.0717208 0.896084
2 0.967222 0.274345 0.0655569 0.0694126 0.895915
1 0.929491 0.557093 0.0710772 0.0712609 0.895845
0 0.887325 0.278133 0.069486 0.0695939 0.895795
0 0.601799 0.177971 0.0734327 0.0738751 0.89572
2 0.661947 0.190625 0.0735388 0.0729515 0.895708
2 0.191518 0.147012 0.0753729 0.0746361 0.895684
2 0.519313 0.777095 0.0718584 0.0711155 0.895645
2 0.814939 0.630528 0.0727745 0.0726582 0.895539
2 0.84876 0.212448 0.0695322 0.06938 0.895474
2 0.204855 0.74028 0.0711841 0.0709975 0.895451
0 0.94737 0.273847 0.0692842 0.0695676 0.895406
2 0.342737 0.850331 0.0711274 0.0700954 0.895336
1 0.619939 0.384969 0.0749342 0.0749931 0.895329
2 0.213564 0.765769 0.0713702 0.0713985 0.895279
1 0.510633 0.172281 0.0747033 0.0744795 0.895255
2 0.388436 0.646717 0.0691556 0.0697485 0.895173
1 0.431313 0.194434 0.0747658 0.0741367 0.895161
1 0.810085 0.692033 0.0712955 0.0709003 0.894937
2 0.62256 0.544603 0.0732834 0.0734053 0.894673
0 0.810753 0.287389 0.0699766 0.0695763 0.894652
0 0.215451 0.408791 0.0727615 0.073107 0.894594
0 0.971411 0.883798 0.0571783 0.0711248 0.894454
0 0.0181225 0.693835 0.036245 0.0709084 0.894409
0 0.116129 0.585285 0.0724691 0.0721127 0.894401
0 0.631252 0.0296898 0.0747292 0.0593488 0.894309
1 0.154587 0.555349 0.0726862 0.0728888 0.894166
2 0.808873 0.327538 0.0707483 0.0708699 0.894136
0 0.695136 0.0295389 0.074025 0.0587815 0.894082
0 0.645037 0.800519 0.0723032 0.0711155 0.894037
2 0.603809 0.530764 0.0741631 0.0736416 0.893802
0 0.116491 0.696481 0.0728153 0.0726604 0.893608
2 0.712107 0.131187 0.0746958 0.0742873 0.89353
1 0.0911668 0.0482391 0.0741427 0.0739238 0.89331
2 0.308065 0.854671 0.0712993 0.0710659 0.8933
1 0.381347 0.568018 0.0717133 0.0721645 0.893299
0 0.811861 0.0720836 0.0734842 0.0734197 0.893294
2 0.447295 0.905511 0.0713997 0.0719425 0.893248
2 0.968641 0.262206 0.0627176 0.0689425 0.893051
1 0.124707 0.358065 0.0743986 0.0747314 0.893032
1 0.65991 0.657699 0.0732298 0.0743161 0.893015
0 0.858071 0.265422 0.0689983 0.0687902 0.892951
0 0.949501 0.355211 0.0692656 0.070003 0.892947
2 0.345505 0.664727 0.0714053 0.0697609 0.89274
1 0.195343 0.20556 0.074692 0.0748434 0.892692
1 0.159795 0.779512 0.0714575 0.0719354 0.892482
2 0.822251 0.544327 0.0710806 0.0722862 0.89247
2 0.72601 0.223072 0.0724732 0.0723274 0.892363
1 0.463191 0.374883 0.0727005 0.0723417 0.892323
2 0.169095 0.822576 0.0729438 0.0720453 0.892195
2 0.172126 0.943849 0.0707829 0.0711502 0.892172
2 0.181615 0.555046 0.0725457 0.0728492 0.892166
0 0.85818 0.234862 0.0701801 0.0701001 0.892135
2 0.591726 0.236603 0.0733061 0.0737947 0.892109
2 0.966637 0.833355 0.0657545 0.0708023 0.892104
2 0.160538 0.729115 0.0715809 0.0725485 0.892098
1 0.405984 0.38674 0.0707852 0.0704295 0.892096
0 0.915662 0.785783 0.0703169 0.0700148 0.892075
1 0.821651 0.708721 0.0719505 0.07173 0.891996
0 0.901188 0.279905 0.0691769 0.0706471 0.891702
2 0.818422 0.101691 0.0739105 0.0737503 0.891669
2 0.374637 0.879223 0.0699694 0.0711052 0.891596
0 0.840525 0.513527 0.0711649 0.0709397 0.891584
2 0.0972644 0.442541 0.0743517 0.0745346 0.891505
0 0.675297 0.25593 0.0731224 0.0727509 0.89142
1 0.170318 0.484637 0.0738498 0.0734529 0.891313
0 0.14315 0.14171 0.074267 0.0728616 0.891278
2 0.494974 0.683958 0.0716648 0.0707598 0.891207
0 0.329713 0.408297 0.0731164 0.0719915 0.891042
2 0.472658 0.637963 0.0708422 0.0700016 0.890912
1 0.510316 0.193322 0.0742101 0.0744259 0.890803
2 0.90478 0.194659 0.0718187 0.0717391 0.890754
1 0.30907 0.261661 0.0728871 0.072932 0.890705
0 0.980359 0.270295 0.0392818 0.0694719 0.890597
1 0.247898 0.171963 0.0731936 0.0731182 0.89041
1 0.607403 0.960736 0.0702209 0.0705574 0.890409
2 0.180094 0.530719 0.0732784 0.0730692 0.890375
2 0.59368 0.0920161 0.0753701 0.0749065 0.890181
0 0.547059 0.801783 0.0728756 0.072258 0.889922
1 0.0591642 0.966246 0.0708653 0.0655369 0.889767
2 0.200197 0.716414 0.0716674 0.0719255 0.889744
0 0.968677 0.38211 0.0626452 0.0696427 0.889721
2 0.0666246 0.603922 0.071606 0.0720313 0.889533
2 0.298141 0.383736 0.0721346 0.0722816 0.889479
2 0.680482 0.808611 0.0719658 0.0714741 0.889313
2 0.035538 0.32583 0.071076 0.072462 0.889196
2 0.855487 0.330036 0.0705902 0.0697187 0.889167
1 0.228644 0.0637295 0.0751366 0.0752681 0.8891
2 0.799355 0.15996 0.0715002 0.0721253 0.889079
0 0.635918 0.267785 0.0750305 0.0746069 0.889063
0 0.956423 0.196698 0.0691978 0.0684346 0.889026
0 0.0351966 0.912781 0.0694607 0.0711342 0.889014
1 0.822804 0.727596 0.0705111 0.0700546 0.888982
0 0.546772 0.0339602 0.0743556 0.0679205 0.888766
2 0.815254 0.259171 0.0688423 0.0695073 0.88876
2 0.568859 0.914173 0.0697382 0.0695412 0.888634
0 0.941998 0.295158 0.0702108 0.0701697 0.88848
0 0.652378 0.831497 0.0711734 0.0721895 0.888288
2 0.253711 0.241953 0.073355 0.0726893 0.88824
1 0.510653 0.147636 0.0747782 0.0744627 0.888103
2 0.443293 0.847184 0.0711952 0.0716135 0.888092
1 0.322908 0.27849 0.0729013 0.0726203 0.888037
0 0.62843 0.806109 0.0713124 0.0718231 0.887951
1 0.589758 0.965362 0.0695134 0.0682751 0.887881
1 0.328308 0.24481 0.0723116 0.0720466 0.887742
0 0.944539 0.823279 0.0707207 0.0701683 0.887612
0 0.799487 0.875213 0.0700254 0.0689518 0.887389
0 0.430258 0.687004 0.0693714 0.0690863 0.887355
2 0.320156 0.102238 0.0746914 0.074294 0.887323
1 0.715132 0.40728 0.0750628 0.0747456 0.887186
1 0.441898 0.368519 0.0738388 0.0737141 0.887058
2 0.228421 0.718062 0.0720263 0.0722689 0.886924
0 0.529253 0.750905 0.0709408 0.0700299 0.886798
2 0.176371 0.153168 0.0739938 0.07361 0.88673
1 0.0589385 0.0932489 0.0717981 0.0719205 0.886722
2 0.895797 0.238168 0.0696379 0.0687388 0.886564
2 0.447333 0.62873 0.070995 0.0716075 0.886527
0 0.846006 0.106775 0.0725857 0.0735847 0.886299
2 0.307244 0.418327 0.0733698 0.0728136 0.886249
2 0.433235 0.0424619 0.0745096 0.0746657 0.886238
2 0.569533 0.2397 0.07386 0.073995 0.88613
2 0.865677 0.864629 0.06936 0.0690048 0.886059
2 0.304576 0.0625091 0.0743814 0.0739043 0.885955
0 0.768828 0.909942 0.071162 0.0706303 0.88575
2 0.274873 0.788287 0.0708313 0.0699476 0.885712
1 0.905624 0.567882 0.0711601 0.0713592 0.885698
0 0.90204 0.341694 0.0693157 0.0693318 0.88563
2 0.736849 0.0326151 0.0739117 0.0650478 0.885585
0 0.832849 0.32794 0.0701868 0.070006 0.885491
2 0.0330825 0.102811 0.066165 0.0730815 0.885356
1 0.391127 0.188195 0.0724365 0.0722347 0.885126
2 0.148361 0.107313 0.074664 0.0747168 0.885111
1 0.0703794 0.048682 0.0740404 0.0731458 0.884933
0 0.874301 0.412303 0.0700277 0.0697658 0.884922
2 0.206781 0.92132 0.0721111 0.0716625 0.884769
0 0.0443514 0.722501 0.0719529 0.0712401 0.884689
1 0.179605 0.43592 0.0737439 0.0736341 0.884684
2 0.179584 0.839379 0.0715332 0.0709148 0.884539
2 0.268242 0.471091 0.0725929 0.0718353 0.884527
2 0.417442 0.914924 0.0710411 0.0704243 0.884351
2 0.973689 0.143116 0.0526222 0.0676958 0.884299
2 0.859012 0.532665 0.0719181 0.0712009 0.884234
1 0.479431 0.190764 0.0739491 0.073764 0.884079
0 0.357277 0.829544 0.0712469 0.0711561 0.884055
2 0.741917 0.251278 0.0713856 0.0718431 0.884027
2 0.879481 0.501895 0.0705425 0.0701057 0.883804
2 0.605263 0.237022 0.0738873 0.0734282 0.883772
2 0.478972 0.230234 0.0735432 0.0737817 0.88377
2 0.976705 0.567618 0.0465899 0.0676569 0.883721
1 0.64221 0.94876 0.0699792 0.0690981 0.883656
2 0.211544 0.577839 0.0724092 0.0725433 0.8836
2 0.405596 0.422093 0.0715867 0.0712322 0.883578
2 0.0630628 0.934581 0.0700672 0.0712324 0.883467
2 0.365945 0.0288623 0.0742034 0.0573856 0.88345
2 0.182372 0.792904 0.0717882 0.0719418 0.883253
2 0.622931 0.086781 0.0755196 0.0757457 0.883105
0 0.730289 0.888486 0.070027 0.0695896 0.883063
0 0.643839 0.162118 0.0746938 0.0741832 0.882936
2 0.484076 0.292596 0.0742081 0.0745681 0.882832
0 0.947761 0.0977155 0.0714569 0.0720433 0.882823
1 0.139939 0.856735 0.0709316 0.0711716 0.882812
0 0.616817 0.780651 0.0720455 0.071414 0.882538
0 0.660251 0.171738 0.0735435 0.0739011 0.882469
1 0.241199 0.0921526 0.0752335 0.0755811 0.882339
2 0.59969 0.551927 0.0749966 0.0746569 0.882046
2 0.163087 0.157678 0.0737819 0.0738513 0.882007
0 0.936971 0.120849 0.0702557 0.0710408 0.88166
2 0.447624 0.953124 0.0691893 0.0695097 0.881653
2 0.273983 0.868315 0.0711846 0.0724844 0.881343
2 0.255677 0.0298755 0.0736348 0.0592325 0.881267
2 0.398592 0.0427304 0.0745768 0.0744445 0.881215
1 0.355617 0.557338 0.0723021 0.0720455 0.881139
1 0.14534 0.299351 0.0736515 0.0729763 0.881118
0 0.0318368 0.801031 0.0636736 0.07099 0.88087
1 0.407649 0.277221 0.0734126 0.0735364 0.880603
2 0.296813 0.47258 0.0729612 0.0730724 0.880572
2 0.706932 0.905131 0.0697832 0.0696331 0.880497
2 0.256562 0.405451 0.0730349 0.0731378 0.879983
2 0.62567 0.527988 0.0734779 0.0738995 0.879876
2 0.182387 0.328301 0.0725929 0.0722198 0.879859
2 0.566702 0.284041 0.0751369 0.0748681 0.879286
1 0.083778 0.0805145 0.0720418 0.0729868 0.87924
2 0.221357 0.909338 0.0722827 0.0719261 0.879165
2 0.844053 0.488642 0.0719185 0.0710149 0.878698
0 0.286524 0.523583 0.0724713 0.0728905 0.878589
0 0.836081 0.311656 0.069393 0.0688725 0.878472
2 0.709544 0.0353606 0.0735909 0.0692636 0.87829
1 0.39107 0.503149 0.0717319 0.0713541 0.878069
1 0.638691 0.402812 0.0748631 0.0741261 0.878008
2 0.436022 0.43888 0.0706526 0.0711002 0.877909
1 0.155904 0.868854 0.0713051 0.0713419 0.877776
2 0.533341 0.356791 0.0737374 0.0738846 0.877756
2 0.671853 0.545337 0.07273 0.0729082 0.877749
2 0.746839 0.0545491 0.0740776 0.0741298 0.877718
2 0.278154 0.620189 0.0721392 0.0724749 0.877702
0 0.57529 0.80889 0.0714549 0.0706563 0.877641
1 0.948416 0.74051 0.0704165 0.0709437 0.877603
0 0.839781 0.0860824 0.0734497 0.0733453 0.877474
2 0.0330637 0.279946 0.0661274 0.0726902 0.877332
2 0.581423 0.732513 0.0720409 0.0714037 0.87711
0 0.736483 0.976797 0.0686546 0.0464058 0.876927
1 0.798882 0.029498 0.0738547 0.0589961 0.876231
2 0.116423 0.117732 0.0744688 0.0743399 0.876174
2 0.970198 0.527941 0.059603 0.0699423 0.875811
1 0.125738 0.904499 0.0702548 0.0706602 0.875606
1 0.516482 0.376949 0.0739712 0.0732185 0.875273
1 0.258801 0.754856 0.0706449 0.0714669 0.875258
2 0.100265 0.379126 0.0745733 0.0746958 0.875135
0 0.624228 0.883692 0.0702742 0.0700787 0.875118
2 0.0907544 0.823148 0.0720386 0.0714771 0.875041
1 0.347141 0.478813 0.0710087 0.0718721 0.874859
1 0.216979 0.186597 0.0750134 0.0737235 0.874696
1 0.873248 0.579503 0.0702951 0.0710211 0.873865
2 0.884914 0.378332 0.0688631 0.0687079 0.873775
1 0.545336 0.961872 0.0703171 0.0700005 0.873643
2 0.867954 0.20714 0.0707298 0.0703975 0.873229
0 0.0916344 0.73812 0.072555 0.0711367 0.873146
2 0.938418 0.401048 0.0693729 0.0701126 0.873137
2 0.197137 0.327113 0.0724802 0.0722467 0.872957
2 0.800459 0.145323 0.0721512 0.0729738 0.872569
0 0.0312081 0.883377 0.0624161 0.0725668 0.872513
2 0.372033 0.72319 0.0706057 0.0696096 0.872494
2 0.731218 0.262178 0.072114 0.0720016 0.872438
1 0.522475 0.398572 0.0736782 0.0734966 0.872434
2 0.970701 0.370227 0.0585979 0.0703768 0.872193
2 0.202973 0.847053 0.0721905 0.072348 0.871985
2 0.463854 0.027787 0.073073 0.0555739 0.871848
2 0.817486 0.156326 0.0725281 0.0725739 0.87181
2 0.841997 0.0705844 0.0733423 0.0738219 0.871785
2 0.460094 0.448442 0.071114 0.0713735 0.871763
0 0.954019 0.850245 0.0706131 0.0692734 0.871596
2 0.928019 0.461077 0.0695038 0.0690102 0.871061
0 0.816812 0.95745 0.0689316 0.0692446 0.870926
2 0.438455 0.0277326 0.0735147 0.0553309 0.870897
1 0.564172 0.6607 0.0716192 0.0713858 0.870868
0 0.805026 0.271419 0.0694733 0.0695426 0.870731
2 0.579221 0.463187 0.0736727 0.0729488 0.870665
2 0.323464 0.869484 0.070861 0.071604 0.870628
1 0.867378 0.677946 0.0713623 0.0707849 0.870431
2 0.350459 0.0842763 0.0744863 0.0747529 0.870205
1 0.0538751 0.551903 0.0738842 0.0734004 0.870074
1 0.831316 0.0336494 0.0749899 0.0672987 0.870043
2 0.13858 0.756157 0.0709565 0.0719418 0.870015
1 0.860065 0.750359 0.068676 0.0685791 0.869958
1 0.571104 0.965338 0.0703238 0.0686987 0.86974
1 0.384173 0.375471 0.0722208 0.0719848 0.869717
2 0.496626 0.0369358 0.0736727 0.0720869 0.869611
2 0.789838 0.916595 0.0695665 0.0700523 0.869256
1 0.772885 0.362457 0.0740429 0.0743937 0.869224
2 0.963572 0.465286 0.0694401 0.0700578 0.868882
2 0.105142 0.934984 0.0707421 0.0704746 0.868868
1 0.546408 0.658982 0.0712446 0.0714839 0.868852
0 0.965239 0.133197 0.0690186 0.0706415 0.868766
1 0.746121 0.341053 0.0746448 0.0740754 0.868707
2 0.228601 0.252055 0.0722469 0.0725418 0.868664
0 0.189221 0.676482 0.0714959 0.0712935 0.868633
2 0.72098 0.241336 0.0734564 0.0729676 0.868203
2 0.0221033 0.0791344 0.0442065 0.0726811 0.868152
2 0.838891 0.465211 0.0715008 0.0718239 0.868152
2 0.533314 0.102425 0.0748039 0.0747304 0.867886
1 0.755652 0.58895 0.0754658 0.0754043 0.867795
1 0.288742 0.232216 0.0717113 0.0722491 0.867611
2 0.0273249 0.831935 0.0544701 0.0714653 0.867578
1 0.762002 0.440099 0.074622 0.0749325 0.867162
2 0.532956 0.496178 0.0727903 0.0725988 0.867098
2 0.679395 0.0941389 0.0752045 0.0747839 0.86707
1 0.356408 0.188074 0.073515 0.0733896 0.867011
2 0.789497 0.949479 0.06911 0.0686565 0.866948
1 0.375986 0.399189 0.0708266 0.0711776 0.866916
0 0.937752 0.362585 0.0686777 0.0692552 0.866237
0 0.627484 0.223411 0.0730236 0.0729375 0.866228
0 0.404935 0.713255 0.0699208 0.0694065 0.866214
0 0.22794 0.925018 0.0708579 0.071377 0.866156
2 0.679182 0.16769 0.0736477 0.0737414 0.866077
2 0.0750897 0.614021 0.0709411 0.070645 0.866071
2 0.341202 0.0237616 0.0744824 0.0475155 0.865766
1 0.0878588 0.116468 0.0735851 0.073702 0.865703
1 0.770697 0.674654 0.0717068 0.0719763 0.865308
1 0.0552971 0.127177 0.0721104 0.072345 0.865224
1 0.294532 0.269723 0.0720619 0.072586 0.864844
1 0.37007 0.90711 0.0707183 0.0713097 0.864713
1 0.867459 0.642101 0.0715162 0.0713913 0.864518
2 0.0833538 0.652204 0.0726392 0.0725061 0.864433
1 0.661983 0.960692 0.0684046 0.0693882 0.864369
2 0.588736 0.748083 0.0705663 0.0710808 0.864174
2 0.77419 0.1561 0.0728642 0.073654 0.863966
0 0.413202 0.839695 0.0708313 0.0707512 0.8639
0 0.765435 0.0360763 0.0739623 0.0721525 0.863533
1 0.162665 0.0270828 0.0764671 0.0537936 0.86337
1 0.781198 0.722414 0.0724293 0.0718969 0.863271
2 0.422238 0.213585 0.0733121 0.0738738 0.862979
2 0.733874 0.294142 0.0721674 0.0721686 0.862821
1 0.679947 0.385257 0.075634 0.0754895 0.862745
2 0.825993 0.489696 0.0719671 0.0724473 0.862632
2 0.611427 0.473882 0.0738181 0.0736533 0.862278
2 0.674346 0.0318127 0.0715223 0.0631236 0.862268
0 0.875825 0.348753 0.0690971 0.0693974 0.862016
1 0.594791 0.648511 0.0733595 0.0729898 0.861895
2 0.405501 0.585585 0.0710002 0.0706127 0.861766
1 0.856845 0.0251717 0.073904 0.0500255 0.86163
0 0.60514 0.0230946 0.0745226 0.046103 0.861297
2 0.796895 0.639124 0.0730703 0.0733549 0.861037
2 0.90755 0.925863 0.0688908 0.0691372 0.86099
0 0.656964 0.773401 0.0710014 0.0714382 0.86074
1 0.7417 0.403991 0.0748457 0.0752216 0.86054
2 0.627392 0.0496461 0.0752508 0.0757579 0.860474
0 0.625322 0.190399 0.0725672 0.072295 0.860326
0 0.979204 0.24377 0.0415922 0.0685093 0.86025
0 0.840427 0.621947 0.0719906 0.0711635 0.858476
0 0.716601 0.283287 0.0735885 0.073666 0.858435
0 0.484484 0.0403891 0.0740213 0.0742237 0.858005
0 0.518368 0.689609 0.0709507 0.0703312 0.857358
1 0.882393 0.0270869 0.073032 0.0539971 0.857356
1 0.0276327 0.549383 0.0551747 0.0727851 0.857133
2 0.905042 0.938151 0.0685055 0.0679647 0.85712
0 0.941246 0.891556 0.0701782 0.0700047 0.856631
0 0.37127 0.0196232 0.074045 0.0392464 0.856489
0 0.585229 0.784677 0.0712013 0.0714546 0.856485
1 0.38149 0.0877609 0.0744425 0.0739427 0.85604
0 0.905101 0.802939 0.0693165 0.0696627 0.85588
2 0.15104 0.499705 0.0735144 0.0735904 0.855784
0 0.6566 0.0294909 0.0729656 0.0589817 0.85576
2 0.0272514 0.636024 0.0543835 0.0701007 0.855186
1 0.346727 0.927113 0.0711477 0.0706924 0.854784
1 0.035065 0.97181 0.0666388 0.0561237 0.854603
2 0.613916 0.042769 0.0753406 0.0757898 0.854383
1 0.414844 0.963601 0.0694188 0.0693138 0.854094
0 0.778731 0.106067 0.0737516 0.0746397 0.853731
2 0.544652 0.513347 0.0735966 0.0731533 0.853724
1 0.0257271 0.366736 0.0514542 0.0690874 0.85332
2 0.20971 0.0268196 0.0755514 0.0533257 0.853318
2 0.891208 0.912424 0.0698122 0.0690306 0.853212
2 0.865931 0.300517 0.0692116 0.068022 0.853043
0 0.0372165 0.900362 0.0706992 0.071273 0.852784
2 0.967372 0.150376 0.0652554 0.0689854 0.852243
2 0.100557 0.422016 0.0741451 0.0747496 0.852048
1 0.738679 0.942079 0.0692394 0.0696739 0.851575
2 0.565051 0.437496 0.0741995 0.0734948 0.851304
1 0.234298 0.660588 0.0709786 0.0711969 0.851164
1 0.28258 0.179603 0.073618 0.0730933 0.851055
1 0.0315947 0.584497 0.0631895 0.0718855 0.851024
2 0.753925 0.0315523 0.0747673 0.0631046 0.850625
2 0.420371 0.435428 0.0711785 0.0709298 0.85005
1 0.458144 0.102666 0.074564 0.0741483 0.849857
2 0.138051 0.41247 0.0738774 0.0733225 0.849569
0 0.173466 0.617748 0.0707621 0.0722096 0.849515
1 0.441039 0.97084 0.0685143 0.0583206 0.848749
0 0.976253 0.478233 0.0474938 0.0677879 0.848508
2 0.441984 0.943419 0.0707462 0.070715 0.848491
2 0.519325 0.730422 0.071484 0.0711714 0.848465
0 0.469412 0.0453094 0.0737032 0.0739551 0.848401
0 0.773972 0.0189917 0.0728234 0.0379833 0.848164
0 0.831321 0.195948 0.0715063 0.0707288 0.847956
2 0.635147 0.129878 0.0736336 0.0734674 0.847916
1 0.0426629 0.0256897 0.0715919 0.0509396 0.847827
1 0.209776 0.449573 0.07286 0.0730118 0.847539
1 0.543691 0.419279 0.0730639 0.0732219 0.847225
2 0.500854 0.932908 0.0692247 0.0705326 0.846854
1 0.0360637 0.526282 0.0717889 0.0739935 0.846581
0 0.567282 0.75711 0.0721314 0.0720956 0.846469
0 0.970912 0.591181 0.0581766 0.0720367 0.845899
1 0.0669873 0.107826 0.073568 0.0740302 0.845506
0 0.584932 0.821674 0.0715434 0.0723469 0.845498
0 0.901257 0.390192 0.0683989 0.0695128 0.84543
1 0.605732 0.669702 0.0736578 0.0732813 0.845013
1 0.974751 0.742768 0.0504974 0.0673373 0.844873
2 0.702653 0.835216 0.0710567 0.0719454 0.844804
2 0.0190955 0.120921 0.038005 0.0727032 0.844792
2 0.545777 0.472942 0.072154 0.0720828 0.844147
2 0.304549 0.0437742 0.0751323 0.0749402 0.844076
0 0.981388 0.793087 0.0370398 0.0697054 0.844027
1 0.330636 0.203512 0.0721207 0.0722603 0.843795
2 0.0572007 0.185176 0.0734309 0.0727568 0.842849
1 0.88678 0.748163 0.0692894 0.0689707 0.842425
0 0.982251 0.81265 0.0350475 0.0697312 0.842364
1 0.439296 0.978764 0.0683933 0.0424719 0.842091
2 0.850125 0.784978 0.0681149 0.0692246 0.841989
2 0.870956 0.836847 0.0693508 0.0678936 0.841398
2 0.93241 0.924413 0.0706985 0.0694683 0.841384
1 0.715733 0.621463 0.0757145 0.0758028 0.841206
1 0.961734 0.621889 0.0692356 0.0705097 0.841156
1 0.468171 0.197864 0.0725472 0.0733173 0.841002
2 0.716821 0.310072 0.0744518 0.0740968 0.840873
2 0.974292 0.199667 0.05135 0.0684087 0.83979
1 0.318045 0.778053 0.0718085 0.0708772 0.839597
0 0.738485 0.136449 0.0738321 0.074404 0.839488
2 0.0559387 0.645338 0.0710032 0.0713218 0.839409
1 0.197318 0.97446 0.0711637 0.0510799 0.838767
2 0.606084 0.207102 0.0739668 0.0735043 0.83873
2 0.815596 0.362082 0.0723391 0.0716227 0.838499
1 0.502344 0.611992 0.0710493 0.070702 0.838167
1 0.49695 0.206439 0.0738321 0.0740872 0.837977
2 0.968858 0.806543 0.0620975 0.0699478 0.837178
0 0.466203 0.818798 0.071466 0.0711353 0.836853
1 0.348666 0.533423 0.0714214 0.0714586 0.835817
2 0.978987 0.856017 0.0420267 0.0712746 0.835691
1 0.656117 0.578055 0.0743906 0.0741174 0.835365
2 0.848698 0.527321 0.0701675 0.0701294 0.834605
2 0.757509 0.267005 0.0709883 0.0707541 0.834153
1 0.141748 0.335399 0.0711695 0.070942 0.834124
2 0.293242 0.324686 0.0724114 0.0714479 0.834097
0 0.980643 0.522446 0.0387142 0.0695406 0.834045
0 0.633106 0.828699 0.0707708 0.0707279 0.833329
1 0.0215037 0.976212 0.0430074 0.0466831 0.832713
1 0.275556 0.151359 0.0733195 0.073629 0.831513
1 0.482141 0.20917 0.0742302 0.0731793 0.831203
1 0.162321 0.563753 0.0725456 0.0725121 0.831106
2 0.817757 0.302159 0.0713442 0.0698615 0.830604
2 0.0746971 0.0329682 0.0720892 0.0658573 0.83044
2 0.303815 0.398559 0.0725338 0.0717137 0.82982
0 0.614193 0.829457 0.0701683 0.0710957 0.829033
0 0.0288798 0.270676 0.0577597 0.0719643 0.82869
2 0.718721 0.827303 0.0719162 0.0712235 0.827779
2 0.688558 0.0553247 0.074098 0.0737054 0.827269
2 0.495 0.0266174 0.0731506 0.0532348 0.827262
0 0.557216 0.0188493 0.0732256 0.0376985 0.827116
1 0.61847 0.97306 0.0702255 0.0538802 0.825941
0 0.872757 0.476115 0.0710632 0.0701452 0.824714
1 0.576295 0.669212 0.072937 0.0732658 0.824434
0 0.869121 0.175072 0.071855 0.071615 0.823981
2 0.507514 0.486008 0.0721428 0.0717428 0.823194
2 0.945198 0.479159 0.0711681 0.0712475 0.82306
1 0.234155 0.149287 0.0722164 0.0734842 0.823004
2 0.800462 0.978273 0.069162 0.0434536 0.822663
2 0.676717 0.53674 0.0728614 0.0733113 0.82223
2 0.679787 0.977346 0.0700367 0.0453072 0.82174
1 0.287758 0.093011 0.0738219 0.0749658 0.821469
2 0.827 0.470625 0.0716528 0.072419 0.821056
0 0.429818 0.7661 0.0723131 0.0720314 0.819976
2 0.635378 0.0756282 0.07496 0.0751757 0.819538
0 0.214695 0.484741 0.0727155 0.0728129 0.818619
0 0.821013 0.979934 0.0694309 0.0401312 0.817796
2 0.900612 0.69884 0.0697567 0.0700338 0.817697
1 0.555504 0.684222 0.0711554 0.0708725 0.817667
0 0.981437 0.366252 0.0369379 0.0693846 0.81752
2 0.236402 0.020265 0.0733488 0.04053 0.81702
1 0.303328 0.168329 0.0730198 0.0735201 0.816968
1 0.566543 0.176388 0.0744526 0.0747814 0.816739
1 0.191667 0.371649 0.0729959 0.0721295 0.815933
1 0.418953 0.370578 0.0719883 0.0723005 0.815727
1 0.638503 0.420319 0.0734921 0.0726996 0.814507
0 0.899508 0.356084 0.0693222 0.0698311 0.814323
1 0.461379 0.981495 0.0693838 0.037009 0.814028
2 0.687163 0.0220467 0.0727692 0.0440934 0.813761
2 0.651281 0.877696 0.0689636 0.0699245 0.813513
2 0.456393 0.338583 0.0732183 0.0728003 0.812424
1 0.18235 0.0379398 0.0732702 0.0723186 0.812119
2 0.266176 0.496319 0.0725822 0.0729019 0.812056
2 0.380835 0.0413453 0.0761844 0.0755651 0.811379
0 0.860187 0.188977 0.0699728 0.0699931 0.811227
1 0.0628372 0.977773 0.0679549 0.0444537 0.810622
2 0.413538 0.688889 0.06899 0.0697557 0.810486
0 0.500355 0.0208985 0.0715772 0.0417971 0.810334
2 0.954466 0.121752 0.0718819 0.0714201 0.81027
1 0.334666 0.304735 0.0702287 0.0720013 0.80991
0 0.0198345 0.783859 0.039669 0.0718319 0.809388
1 0.421264 0.381788 0.0710327 0.0713234 0.808757
2 0.0625257 0.0335785 0.0723881 0.0671569 0.808188
2 0.888527 0.849544 0.0695345 0.0698811 0.808133
1 0.756028 0.645638 0.0748628 0.0745357 0.808067
2 0.855197 0.449409 0.0711372 0.0700586 0.807702
0 0.874974 0.0765257 0.0716778 0.0722171 0.807665
0 0.450221 0.269416 0.0739801 0.0737677 0.807636
1 0.604307 0.982926 0.0697555 0.034148 0.80739
2 0.172602 0.140786 0.0750149 0.0748098 0.807314
1 0.768554 0.702741 0.0723226 0.07202 0.807291
2 0.806628 0.395645 0.0727745 0.0729502 0.806703
2 0.716072 0.885014 0.0704152 0.0704826 0.806574
2 0.300021 0.581401 0.07156 0.0727179 0.806421
0 0.253316 0.63673 0.0721901 0.0727306 0.806269
1 0.918729 0.668487 0.0706463 0.0704676 0.806196
1 0.355357 0.457752 0.071569 0.0713392 0.805776
2 0.971085 0.311234 0.0578297 0.0684056 0.804164
2 0.390742 0.707712 0.0705608 0.0718794 0.803589
0 0.961595 0.864632 0.0685673 0.0687462 0.80355
2 0.962703 0.345855 0.0697628 0.0705553 0.803494
2 0.575682 0.077217 0.0754045 0.0751048 0.802221
0 0.642067 0.253383 0.0740421 0.0743731 0.801215
2 0.98153 0.174699 0.0369397 0.0686835 0.800665
0 0.0868673 0.678106 0.0712943 0.0710521 0.800442
2 0.855603 0.151636 0.0742088 0.0739126 0.799825
2 0.130928 0.292486 0.0716205 0.0713125 0.799471
1 0.328059 0.128054 0.0729763 0.072699 0.799345
0 0.869788 0.972807 0.0672071 0.0543858 0.798258
2 0.300395 0.123614 0.0736757 0.0732411 0.798115
2 0.268372 0.427886 0.0723815 0.0716662 0.7976
2 0.909725 0.363294 0.0691431 0.0683931 0.797415
1 0.776015 0.540409 0.0729748 0.0725138 0.797389
2 0.243239 0.494998 0.0720655 0.0724113 0.796451
2 0.336105 0.694355 0.069662 0.0705883 0.79639
2 0.113943 0.963666 0.0710199 0.0695114 0.796343
2 0.861297 0.94158 0.0682476 0.0693684 0.795743
2 0.342124 0.608291 0.0716016 0.0712646 0.794976
0 0.982409 0.910034 0.0351812 0.0714996 0.793802
0 0.821196 0.123968 0.0740995 0.0754739 0.793313
2 0.285134 0.813896 0.0702743 0.0702133 0.792757
2 0.813658 0.761675 0.0685489 0.0689965 0.792424
1 0.753775 0.474286 0.0730148 0.0731797 0.791589
2 0.866579 0.380879 0.0694746 0.0706898 0.791145
1 0.876657 0.597086 0.0704876 0.0705374 0.790451
1 0.226447 0.779656 0.0715686 0.0716631 0.790117
2 0.270126 0.710192 0.0710884 0.0705208 0.789617
0 0.27444 0.736616 0.0703763 0.0699408 0.789167
0 0.126915 0.770095 0.0715273 0.0716671 0.788359
1 0.2788 0.770128 0.0711171 0.070726 0.788342
2 0.185877 0.635865 0.0711941 0.0709054 0.788299
2 0.43579 0.261381 0.0730841 0.073486 0.788084
0 0.019696 0.582185 0.039392 0.0711643 0.786904
2 0.895787 0.625861 0.070997 0.0700376 0.78682
2 0.222528 0.126768 0.0737514 0.0743733 0.786516
0 0.0192708 0.514339 0.0385417 0.0725643 0.785543
2 0.84442 0.681685 0.0712229 0.0709719 0.784677
1 0.767415 0.521364 0.0724641 0.0729294 0.78465
0 0.132745 0.978999 0.0710119 0.0420027 0.783842
0 0.194158 0.690351 0.0710687 0.0707939 0.781377
0 0.594855 0.0664312 0.0750006 0.074415 0.781015
0 0.155204 0.690299 0.0722475 0.0705065 0.781005
1 0.319559 0.327474 0.0726135 0.071611 0.780837
2 0.48494 0.668119 0.0709455 0.0714778 0.780414
0 0.943078 0.332079 0.0700092 0.0699899 0.779386
2 0.702387 0.14323 0.0732571 0.0744994 0.777477
2 0.667544 0.871265 0.0702646 0.0702343 0.777222
0 0.0540753 0.787982 0.0707695 0.0707981 0.77721
2 0.682235 0.301271 0.0746201 0.074598 0.77697
1 0.305175 0.687249 0.0704556 0.0698013 0.776755
0 0.452829 0.767995 0.0721228 0.0722154 0.776646
1 0.977191 0.0645237 0.0451626 0.0660017 0.776179
2 0.507677 0.86146 0.0710781 0.0706551 0.775684
2 0.614396 0.254751 0.0734394 0.0740561 0.775289
2 0.894642 0.472582 0.0713224 0.0705576 0.775032
2 0.0666682 0.776199 0.0725058 0.0712828 0.774057
1 0.267119 0.0705688 0.073052 0.0731175 0.77389
1 0.855863 0.65967 0.0713295 0.0710175 0.773563
2 0.907255 0.436713 0.0702673 0.0698039 0.773316
2 0.541371 0.55104 0.0731323 0.0726025 0.772848
2 0.0205203 0.956584 0.0410406 0.0677044 0.771902
2 0.114423 0.298205 0.072742 0.0724111 0.771873
2 0.0439523 0.0637615 0.0730119 0.0722903 0.771709
0 0.832102 0.821895 0.069022 0.0693394 0.771641
1 0.720622 0.939317 0.0687326 0.0692513 0.77093
1 0.684826 0.408825 0.0756443 0.0753394 0.77093
2 0.809405 0.110541 0.0736753 0.0735809 0.770336
1 0.164906 0.309722 0.0733999 0.0734708 0.76941
0 0.909121 0.291206 0.0686104 0.0683127 0.769236
0 0.107065 0.162549 0.0726518 0.0727646 0.76824
2 0.222554 0.0205443 0.0722578 0.0410886 0.767278
0 0.617012 0.807774 0.071384 0.0709051 0.766264
1 0.887864 0.703765 0.0700592 0.0704506 0.766129
2 0.452466 0.0683806 0.0731241 0.0738849 0.765138
1 0.333207 0.220503 0.0729736 0.0715523 0.764889
2 0.39904 0.311586 0.0726218 0.0725558 0.76415
1 0.160621 0.265222 0.0719111 0.0724478 0.763837
2 0.475153 0.0341381 0.0738466 0.0682762 0.763795
2 0.939907 0.224162 0.0692596 0.0692373 0.760211
1 0.726541 0.57102 0.0757511 0.0764022 0.759584
2 0.772061 0.204798 0.0728232 0.0725182 0.759244
1 0.271289 0.119609 0.0733211 0.0741655 0.758901
2 0.337319 0.803983 0.0685307 0.0698792 0.75833
1 0.802665 0.676211 0.0728987 0.0725454 0.755816
1 0.636986 0.658296 0.0729247 0.0735793 0.754956
1 0.873697 0.0181191 0.0716621 0.0362383 0.754663
1 0.0410024 0.983914 0.070126 0.0321725 0.754439
0 0.602922 0.221899 0.0728888 0.072757 0.754315
2 0.468885 0.299391 0.0741139 0.0735021 0.753563
0 0.824173 0.147598 0.0719573 0.0721525 0.753437
0 0.615313 0.267769 0.0741528 0.0746848 0.752942
0 0.928719 0.347176 0.0690145 0.0691122 0.752829
0 0.0151915 0.75926 0.030383 0.0671505 0.752448
0 0.35657 0.698889 0.072082 0.0708184 0.750914
2 0.308711 0.563554 0.0708313 0.0708963 0.75089
1 0.24595 0.965092 0.0700981 0.0674261 0.750541
2 0.493221 0.844745 0.0724904 0.0720089 0.749106
2 0.266383 0.211326 0.0726846 0.0724783 0.749016
2 0.376719 0.666315 0.0712942 0.0706536 0.748571
1 0.493051 0.411289 0.0720422 0.0711731 0.746471
2 0.0699348 0.440166 0.0737354 0.0739265 0.746327
2 0.397524 0.333393 0.0724609 0.0730149 0.74308
0 0.79555 0.830985 0.0711259 0.0713222 0.742858
2 0.186224 0.724948 0.0715333 0.0712664 0.740214
2 0.207674 0.61418 0.0709796 0.0714664 0.739949
1 0.136403 0.895776 0.0706541 0.0717358 0.739024
2 0.600332 0.224657 0.0720575 0.0733083 0.738499
2 0.477732 0.0571002 0.0737865 0.0743337 0.73815
0 0.642196 0.482444 0.0724392 0.0725002 0.735151
2 0.0330769 0.119107 0.0661539 0.0731059 0.734406
1 0.797902 0.661525 0.0739914 0.0731392 0.732671
2 0.981929 0.972318 0.0355825 0.0553635 0.731448
0 0.974976 0.708957 0.049682 0.0675068 0.730443
1 0.758392 0.508381 0.0747673 0.074622 0.730409
1 0.97279 0.0219477 0.0533852 0.0434866 0.728818
2 0.913976 0.615418 0.069665 0.0709375 0.728779
2 0.11088 0.432368 0.0742801 0.0745768 0.728295
1 0.170947 0.880192 0.0711366 0.0712383 0.727961
1 0.334918 0.175001 0.0736179 0.0727221 0.727066
2 0.442439 0.595302 0.0714888 0.0716923 0.726869
1 0.452212 0.70484 0.0707872 0.0717501 0.726643
2 0.909257 0.291533 0.0701687 0.070128 0.726424
0 0.909484 0.957618 0.0703625 0.071242 0.725215
0 0.635276 0.173471 0.0735156 0.0743514 0.724151
1 0.750979 0.0171391 0.0740046 0.0342781 0.723986
1 0.734896 0.506341 0.073172 0.0733553 0.723294
2 0.057017 0.917187 0.0718594 0.0716379 0.722883
2 0.69057 0.248313 0.0737051 0.0732688 0.722404
2 0.0656117 0.340914 0.0732305 0.0736369 0.719606
2 0.261636 0.543611 0.0714633 0.0725033 0.71942
2 0.821411 0.230669 0.0697107 0.0717475 0.716278
1 0.778485 0.49152 0.0735001 0.0733564 0.712226
2 0.575748 0.125881 0.074921 0.0752079 0.711277
2 0.415647 0.86491 0.070376 0.0704823 0.708964
1 0.268435 0.979736 0.0705533 0.0405272 0.707447
0 0.104306 0.269804 0.0720529 0.0726197 0.705859
1 0.255799 0.775099 0.0717162 0.0705126 0.704832
0 0.982319 0.222375 0.0353615 0.0684979 0.704823
1 0.376439 0.473327 0.0716599 0.0711382 0.704008
2 0.84415 0.417441 0.0704426 0.0716171 0.703798
2 0.832063 0.821825 0.070669 0.0695557 0.70379
0 0.118874 0.617849 0.0726198 0.0724375 0.701493
0 0.965544 0.983011 0.0634119 0.0337025 0.70083
0 0.486088 0.803258 0.0711185 0.0715616 0.698093
1 0.401025 0.470392 0.0717113 0.0719393 0.697569
0 0.891864 0.319806 0.0694351 0.0699891 0.697468
1 0.631804 0.967477 0.0683259 0.0641235 0.692152
0 0.137186 0.608922 0.0720335 0.0724431 0.691574
1 0.079878 0.983425 0.0693088 0.0328632 0.690435
2 0.480402 0.500692 0.0718718 0.0707115 0.690077
0 0.0624623 0.762618 0.0719017 0.0719134 0.689706
1 0.652329 0.944049 0.0685949 0.0680054 0.689103
1 0.175133 0.113229 0.0753053 0.0749364 0.688452
0 0.434287 0.729777 0.069711 0.0699345 0.686749
1 0.271814 0.969242 0.0688977 0.0614323 0.685792
1 0.719511 0.71611 0.0727535 0.0713092 0.68442
2 0.888362 0.203302 0.0706684 0.0703877 0.682176
2 0.717682 0.0195398 0.0747054 0.0390795 0.680525
2 0.196059 0.606685 0.0725493 0.0729021 0.675905
0 0.896902 0.302125 0.0689053 0.0692285 0.675081
1 0.521048 0.976381 0.0672134 0.0472386 0.674271
1 0.349355 0.651644 0.0698702 0.0704582 0.673984
1 0.0511375 0.453443 0.0707404 0.0714169 0.673541
0 0.758729 0.182748 0.0728483 0.0731339 0.673232
0 0.832976 0.341472 0.06987 0.0693909 0.672866
2 0.492255 0.344878 0.0731445 0.0738842 0.672833
2 0.11016 0.414183 0.0741157 0.0740798 0.672453
2 0.969175 0.970242 0.0614384 0.0583336 0.672417
2 0.13934 0.679869 0.0716689 0.0718004 0.668047
0 0.118215 0.658409 0.0731137 0.0721802 0.665414
2 0.305402 0.872758 0.0699783 0.0715816 0.665224
2 0.343254 0.747838 0.0702672 0.0702494 0.665078
2 0.236349 0.114986 0.0742786 0.0749084 0.663977
1 0.915229 0.0315816 0.0716171 0.0627033 0.66352
0 0.655913 0.0572331 0.0744782 0.0739149 0.663246
0 0.771807 0.973299 0.0691526 0.0534025 0.661993
0 0.0303365 0.925651 0.0606731 0.0706604 0.660938
2 0.654196 0.525053 0.0721815 0.0719979 0.660204
0 0.308874 0.613956 0.0718279 0.0711071 0.657995
2 0.970451 0.283632 0.0590984 0.0673016 0.65739
2 0.981517 0.33497 0.036965 0.0692046 0.656951
1 0.431909 0.514445 0.0714975 0.071096 0.655623
2 0.331988 0.640582 0.0706318 0.0706903 0.654832
2 0.198085 0.837207 0.0723452 0.0713829 0.651717
0 0.593306 0.809016 0.0714888 0.0708698 0.650799
0 0.507866 0.0792653 0.0727459 0.0729032 0.649449
0 0.64875 0.812105 0.0704563 0.07062 0.649209
0 0.240736 0.584189 0.0719073 0.0713928 0.647722
1 0.530521 0.657151 0.0712668 0.0708355 0.645993
0 0.970899 0.171 0.058202 0.0679868 0.645174
2 0.290846 0.734703 0.0708886 0.0715122 0.644054
1 0.856672 0.769503 0.0702755 0.0701242 0.643539
2 0.43073 0.243706 0.0737202 0.0737246 0.642165
0 0.526927 0.0470239 0.0725153 0.0739757 0.640234
2 0.51721 0.513252 0.0722967 0.0722856 0.63969
1 0.185106 0.0853962 0.0755099 0.0745894 0.639583
1 0.564724 0.628322 0.0725827 0.072341 0.639336
2 0.29339 0.34233 0.0723587 0.0726402 0.635664
1 0.594524 0.375727 0.0735008 0.0734097 0.634833
1 0.70439 0.961831 0.0702332 0.0686489 0.63444
1 0.418817 0.543147 0.0711986 0.0709606 0.632437
1 0.253726 0.938867 0.071342 0.070956 0.632374
1 0.247612 0.983919 0.0700354 0.0321627 0.629997
1 0.346219 0.906576 0.0708438 0.0710012 0.629542
2 0.86823 0.174566 0.0731445 0.0722129 0.629482
2 0.970813 0.121446 0.0583731 0.0701681 0.627972
2 0.700866 0.502035 0.0725621 0.0725761 0.62592
0 0.708228 0.762353 0.0706066 0.0706398 0.625144
2 0.601054 0.143207 0.0738083 0.0734839 0.624076
2 0.265646 0.0267763 0.0735679 0.0535525 0.623423
1 0.399576 0.169397 0.0722837 0.0732686 0.619301
0 0.645423 0.782028 0.0723862 0.0722334 0.618887
1 0.0182003 0.469382 0.0362551 0.0692002 0.618405
0 0.581199 0.794809 0.072428 0.072324 0.617263
2 0.710849 0.785319 0.0709213 0.0708991 0.615867
2 0.535738 0.854666 0.0711724 0.0713516 0.614671
2 0.943863 0.790849 0.0703754 0.0706177 0.614334
1 0.0158925 0.206183 0.0312303 0.0726285 0.614053
2 0.977878 0.214616 0.0442443 0.0687422 0.61289
2 0.110315 0.396892 0.0739791 0.0736098 0.612277
2 0.54005 0.905984 0.0712461 0.0707472 0.608733
1 0.117526 0.837806 0.0701765 0.0702213 0.607572
2 0.502575 0.440506 0.0728331 0.0728437 0.604816
2 0.0294539 0.310264 0.0589078 0.0717189 0.602282
2 0.805902 0.482132 0.0730469 0.0742783 0.59872
2 0.798968 0.844119 0.0703714 0.0709549 0.595883
1 0.0162037 0.355916 0.0323886 0.068988 0.595077
2 0.2569 0.679985 0.070491 0.0700103 0.588198
2 0.854549 0.82355 0.0694494 0.0690985 0.588108
2 0.946657 0.0173185 0.0716042 0.0346371 0.587478
2 0.71186 0.982495 0.068812 0.0350092 0.585017
2 0.462327 0.499717 0.0693399 0.0701431 0.583355
1 0.458346 0.393066 0.0705521 0.070078 0.581438
2 0.103979 0.221384 0.0734347 0.0726779 0.580339
0 0.555323 0.0671837 0.0747702 0.0743005 0.580271
2 0.805153 0.959579 0.0703463 0.070175 0.579072
1 0.425515 0.948804 0.0700706 0.0701019 0.579038
2 0.494909 0.241198 0.0741095 0.0736928 0.578341
1 0.536168 0.313778 0.0746716 0.0745743 0.578025
2 0.110387 0.569943 0.0720021 0.0719677 0.577452
0 0.94016 0.0797601 0.0705528 0.0718552 0.577056
2 0.202321 0.5448 0.0723303 0.0725033 0.57661
0 0.902208 0.128897 0.0714445 0.0712008 0.576256
1 0.33616 0.352732 0.0715429 0.0719625 0.575961
2 0.206803 0.709386 0.0725363 0.0729017 0.575373
1 0.124247 0.0180601 0.0751964 0.0361201 0.573704
1 0.25594 0.520371 0.0711303 0.0712397 0.572322
1 0.0241919 0.0256204 0.0474357 0.0511762 0.56962
2 0.798291 0.797827 0.0690969 0.0694883 0.566216
2 0.761219 0.933905 0.0695875 0.0695225 0.564596
1 0.325374 0.356807 0.071435 0.0721015 0.560884
0 0.689493 0.248431 0.0728332 0.0729737 0.560669
2 0.0169826 0.929417 0.0339652 0.07062 0.560359
0 0.419044 0.746024 0.0711857 0.0707592 0.557634
0 0.586275 0.927693 0.0689807 0.068981 0.556007
2 0.030464 0.925271 0.060928 0.0710281 0.555294
0 0.0204995 0.1431 0.0408203 0.0735235 0.554082
1 0.161115 0.465491 0.0728482 0.0736823 0.553514
2 0.977016 0.0981577 0.0459684 0.0724587 0.553303
1 0.743832 0.701196 0.0726799 0.0725531 0.550549
2 0.417546 0.423756 0.0701903 0.0705913 0.550149
2 0.573991 0.0250731 0.0710724 0.0499564 0.547922
0 0.873313 0.114127 0.0721909 0.0730171 0.54422
1 0.0434013 0.0707109 0.0733295 0.0730811 0.542939
2 0.826725 0.504147 0.0716649 0.071258 0.540417
1 0.987727 0.0481982 0.0244404 0.0683483 0.536341
2 0.978937 0.763926 0.0421261 0.0694202 0.534282
2 0.688789 0.638096 0.0738899 0.0734447 0.531074
0 0.56057 0.747306 0.0707243 0.0710918 0.52136
1 0.932525 0.588579 0.0696554 0.0699798 0.520764
2 0.450493 0.270607 0.0734307 0.0729281 0.520164
0 0.138301 0.682011 0.0725426 0.0728394 0.517788
1 0.827747 0.014466 0.0738366 0.028932 0.517139
2 0.596867 0.848153 0.0724983 0.0720501 0.515937
2 0.646092 0.287945 0.0749607 0.0742547 0.514016
2 0.71049 0.700671 0.07167 0.0726217 0.513355
2 0.250618 0.880949 0.0714428 0.0710098 0.512451
2 0.920232 0.491428 0.0704542 0.0701201 0.512029
2 0.270351 0.613738 0.0708117 0.0714696 0.510874
2 0.563587 0.806266 0.0718292 0.0726841 0.508264
2 0.113144 0.382026 0.0736698 0.0740324 0.507935
2 0.181277 0.983002 0.0710624 0.0337578 0.5052
0 0.645818 0.288171 0.0739643 0.0737584 0.503698
2 0.89792 0.769459 0.0695015 0.070739 0.501483
2 0.0430433 0.208644 0.0706373 0.0717013 0.500046
