0 0.840276 0.641722 0.0763466 0.0756242 0.926002
0 0.843438 0.592858 0.0765335 0.0764484 0.925696
2 0.188608 0.654673 0.0747759 0.0745131 0.925676
0 0.220728 0.71512 0.0740626 0.0743657 0.924198
2 0.19124 0.287709 0.0733917 0.0721627 0.92314
1 0.644069 0.255186 0.0744883 0.0741597 0.9221
2 0.769386 0.452852 0.0756283 0.0760438 0.920872
2 0.607484 0.793212 0.0746708 0.0743317 0.919326
2 0.727719 0.433849 0.0764875 0.0761296 0.919192
2 0.156889 0.265105 0.0725693 0.0720242 0.919177
0 0.309761 0.706404 0.0731258 0.0735034 0.919149
1 0.103652 0.260647 0.0725579 0.0724502 0.918754
0 0.761321 0.153448 0.0775244 0.0763171 0.918378
2 0.886652 0.345291 0.0816433 0.079888 0.918122
0 0.895133 0.949895 0.0756561 0.0757217 0.918055
0 0.663613 0.201967 0.0745934 0.0747521 0.917266
2 0.921733 0.214712 0.0798553 0.0804145 0.916854
1 0.670146 0.831797 0.0750123 0.0743273 0.916593
2 0.212433 0.276426 0.0728589 0.0721019 0.916538
2 0.152233 0.718348 0.0739834 0.0741905 0.915999
0 0.278171 0.38348 0.0745666 0.0743565 0.915877
2 0.486738 0.413408 0.0771617 0.0771036 0.915754
2 0.727185 0.316057 0.0765251 0.0759542 0.915389
2 0.539195 0.774732 0.0756319 0.0752574 0.914717
2 0.76558 0.359084 0.0775907 0.0773308 0.914087
0 0.718384 0.214849 0.0758504 0.0752509 0.914084
2 0.151644 0.197753 0.0720219 0.071697 0.913758
1 0.245705 0.280147 0.0729268 0.0731259 0.913281
2 0.344696 0.403569 0.0753734 0.0750181 0.913197
0 0.811998 0.321597 0.0796517 0.0785337 0.913127
1 0.895415 0.725524 0.0755123 0.0758298 0.912858
2 0.586721 0.914428 0.0751451 0.0749315 0.912839
2 0.484295 0.458837 0.0759353 0.0754709 0.91278
0 0.157611 0.756215 0.0736933 0.0739325 0.912767
0 0.944558 0.197099 0.0784184 0.0785072 0.91272
0 0.181429 0.916773 0.0753871 0.0755928 0.91253
2 0.148339 0.554557 0.073926 0.074115 0.912
2 0.651068 0.344693 0.0752223 0.075039 0.911959
1 0.726143 0.840444 0.0741655 0.0742683 0.911648
2 0.80464 0.453394 0.0775048 0.0775179 0.91164
0 0.775521 0.0702369 0.0779139 0.0771928 0.91145
2 0.554928 0.781212 0.0757429 0.0753211 0.911377
0 0.747542 0.0944356 0.0763824 0.0763118 0.911237
2 0.919033 0.159792 0.0783728 0.0787068 0.911175
0 0.839445 0.284467 0.0785572 0.0778379 0.911058
2 0.503239 0.413182 0.077891 0.0779128 0.910874
0 0.278831 0.400864 0.0736086 0.0733851 0.910863
1 0.935618 0.768685 0.0771374 0.0762133 0.910467
0 0.543738 0.125826 0.0761126 0.0763129 0.910349
0 0.941495 0.645423 0.0779564 0.0776387 0.910269
0 0.530261 0.0973896 0.0752472 0.0744492 0.910229
0 0.239157 0.782995 0.0737063 0.0737274 0.910069
2 0.19997 0.193264 0.0724792 0.0731266 0.909939
0 0.779105 0.309229 0.0768771 0.0767493 0.909753
2 0.230906 0.754295 0.0748575 0.0747771 0.909655
0 0.850342 0.167009 0.080113 0.0790941 0.909644
1 0.911329 0.74841 0.0763153 0.0766325 0.909526
1 0.419384 0.897232 0.0756958 0.0753387 0.909468
2 0.676269 0.23084 0.0754913 0.0752861 0.909452
2 0.53128 0.751232 0.0755667 0.0753077 0.909209
2 0.623768 0.532673 0.0756309 0.0756799 0.908952
2 0.643386 0.829784 0.0753736 0.0749428 0.908904
0 0.587272 0.134008 0.0766861 0.0768018 0.908866
2 0.26484 0.740309 0.0745552 0.0744159 0.908718
2 0.144795 0.781869 0.0751702 0.0744536 0.90851
0 0.822478 0.0805165 0.0794739 0.0790621 0.908395
2 0.202248 0.171918 0.0728648 0.0731828 0.908355
0 0.301438 0.274719 0.0756842 0.0756119 0.908319
0 0.906954 0.213547 0.0784786 0.079289 0.908278
0 0.354613 0.356826 0.0760887 0.0756752 0.908058
2 0.609362 0.919366 0.0764431 0.0755482 0.907855
0 0.691287 0.105728 0.075388 0.0749223 0.907806
2 0.181711 0.191082 0.0729134 0.072894 0.907372
2 0.75007 0.0662559 0.0782841 0.0777917 0.907296
2 0.818517 0.432447 0.0774387 0.0773467 0.907247
0 0.892226 0.636268 0.0759392 0.0760867 0.90706
1 0.173438 0.253318 0.0721003 0.071973 0.907014
0 0.552704 0.447741 0.0757972 0.0749906 0.906979
0 0.921768 0.25512 0.0802792 0.0792195 0.906962
2 0.547347 0.48737 0.0760394 0.0764119 0.906939
1 0.631945 0.318174 0.0751135 0.0747889 0.906894
2 0.57006 0.0558626 0.0753654 0.0750377 0.906878
0 0.672356 0.460937 0.0761021 0.0759016 0.90686
1 0.591409 0.214878 0.075032 0.0752063 0.906833
2 0.624965 0.338561 0.075181 0.0747574 0.906762
2 0.643136 0.565959 0.0754993 0.0754009 0.906108
2 0.184743 0.275706 0.0720441 0.0719034 0.906089
1 0.627562 0.264877 0.0746735 0.0748157 0.906002
1 0.652891 0.731836 0.0756392 0.0756638 0.90599
2 0.917093 0.638864 0.0779276 0.0783777 0.905639
2 0.825688 0.0415552 0.0788841 0.0780609 0.905461
2 0.16664 0.503597 0.0750308 0.07468 0.905436
1 0.681822 0.386421 0.0760195 0.0757395 0.905333
0 0.70408 0.338301 0.0760577 0.0762664 0.905321
2 0.913091 0.311374 0.0820694 0.0820431 0.905319
2 0.585697 0.674069 0.0755314 0.0755915 0.905269
2 0.937562 0.314764 0.0831282 0.0828615 0.905255
2 0.0684181 0.227378 0.0740154 0.0737675 0.905206
1 0.399659 0.519092 0.0740239 0.0743415 0.905115
2 0.888231 0.933282 0.075728 0.0751205 0.904844
2 0.963423 0.638546 0.0731536 0.0797634 0.904834
2 0.827105 0.353695 0.079528 0.0791379 0.904597
0 0.608459 0.740926 0.0747581 0.0746548 0.904504
0 0.833877 0.122337 0.0789299 0.0782025 0.904241
2 0.842263 0.57275 0.0768204 0.077166 0.904181
2 0.885671 0.913092 0.0755241 0.0753271 0.904053
0 0.171063 0.81436 0.0751593 0.0753923 0.904035
2 0.108398 0.72373 0.073689 0.0738225 0.903983
0 0.571181 0.662937 0.0752413 0.0751049 0.903964
1 0.549501 0.934633 0.0756105 0.0755884 0.90396
2 0.822096 0.101424 0.0790297 0.0791413 0.903891
2 0.503121 0.884962 0.075633 0.0755497 0.903829
0 0.802162 0.230082 0.0779022 0.0774271 0.903801
0 0.210446 0.426321 0.0740627 0.0736507 0.903713
0 0.113544 0.582923 0.0748408 0.0745878 0.903678
2 0.199023 0.737722 0.074253 0.0747275 0.903674
2 0.179507 0.173372 0.0729134 0.0722724 0.903653
1 0.644703 0.770906 0.075154 0.0745126 0.903633
2 0.750292 0.486191 0.0751263 0.07534 0.903602
2 0.74343 0.896338 0.0750656 0.0748592 0.903597
0 0.601963 0.56705 0.0764168 0.0758232 0.903589
2 0.249157 0.0621165 0.0731916 0.0730292 0.903456
2 0.910876 0.651991 0.0763374 0.0758932 0.903349
2 0.444445 0.314679 0.0789642 0.0794046 0.903331
1 0.747131 0.662854 0.0755313 0.0759199 0.90332
2 0.652203 0.941276 0.0765163 0.0758812 0.903304
0 0.56159 0.631189 0.0759844 0.0752998 0.903301
2 0.143334 0.824039 0.0757229 0.0754353 0.903289
2 0.778783 0.211239 0.0766447 0.0763874 0.903198
2 0.663521 0.445724 0.0762311 0.0756458 0.903121
2 0.723109 0.747479 0.0745153 0.0747093 0.903045
1 0.0377113 0.862238 0.0723318 0.0710526 0.903039
0 0.852696 0.185066 0.07848 0.0789745 0.902985
2 0.72135 0.187123 0.0759794 0.0760029 0.902917
2 0.508466 0.357812 0.0777206 0.0773117 0.902719
0 0.181528 0.397601 0.0742152 0.0730844 0.902657
2 0.782407 0.784523 0.0740524 0.0744411 0.902445
1 0.276413 0.835441 0.0742625 0.074086 0.902122
2 0.0949217 0.683645 0.0746012 0.0742435 0.902069
0 0.887046 0.431049 0.0795553 0.0781854 0.902057
0 0.605523 0.512545 0.0754347 0.0748885 0.901996
1 0.565867 0.879074 0.0758205 0.0756065 0.901856
0 0.928266 0.111827 0.0799931 0.0803841 0.901832
2 0.666293 0.567881 0.0770228 0.0760397 0.901815
1 0.904356 0.769797 0.0761858 0.0758742 0.901658
2 0.73468 0.259498 0.0765274 0.0763297 0.90157
2 0.693456 0.535072 0.0765139 0.0759275 0.901523
2 0.907144 0.144427 0.0793999 0.0790835 0.901374
2 0.857262 0.735889 0.0747541 0.0742147 0.901315
2 0.880044 0.0317 0.0783558 0.0633094 0.901207
0 0.607099 0.125405 0.0762274 0.0769658 0.901063
0 0.756285 0.0332206 0.0777467 0.0664412 0.901049
0 0.812538 0.670878 0.07575 0.0752877 0.901043
1 0.604223 0.836659 0.075458 0.0759483 0.900644
2 0.0673861 0.246614 0.0728402 0.0734258 0.900573
1 0.277769 0.504289 0.0733919 0.0732891 0.900486
0 0.258448 0.699918 0.0743628 0.0743921 0.900482
0 0.0324279 0.0386009 0.0648559 0.0727899 0.900397
2 0.92233 0.181326 0.0789295 0.0779602 0.900244
2 0.145591 0.799157 0.074069 0.0742065 0.900207
1 0.806567 0.774922 0.0745173 0.0742981 0.899923
2 0.363892 0.305235 0.07748 0.076505 0.899896
1 0.0339728 0.916615 0.0679455 0.0750036 0.899714
2 0.238811 0.70264 0.0752338 0.0752321 0.89971
1 0.908816 0.691793 0.0759874 0.0759526 0.899585
2 0.228133 0.683171 0.0744879 0.0750212 0.899569
0 0.560686 0.260047 0.0759895 0.0760171 0.899545
2 0.620899 0.964852 0.0746275 0.0702953 0.899441
2 0.866321 0.269219 0.0791437 0.0782423 0.899304
2 0.755353 0.254913 0.0772589 0.0767947 0.899249
1 0.0922643 0.288456 0.0731672 0.0731428 0.899156
2 0.23231 0.446865 0.0738266 0.073369 0.899059
0 0.871673 0.314326 0.0787149 0.0790938 0.898886
2 0.145164 0.278227 0.072461 0.0721927 0.898845
1 0.330892 0.228134 0.0744045 0.0739139 0.898607
1 0.934436 0.739662 0.0759975 0.0763179 0.898554
0 0.54153 0.650716 0.0767059 0.0761045 0.898427
2 0.280472 0.726012 0.0743749 0.0741969 0.898067
0 0.618995 0.562272 0.0758278 0.0760685 0.898018
1 0.052693 0.841852 0.0740283 0.0743179 0.898006
1 0.435456 0.589116 0.0756374 0.0758371 0.897929
2 0.743072 0.411064 0.0772555 0.0773344 0.89785
1 0.608613 0.861857 0.0749044 0.0745827 0.897676
2 0.166806 0.871099 0.0771109 0.0769384 0.897555
2 0.632013 0.925902 0.0754062 0.0761036 0.89755
2 0.722398 0.0782931 0.0770531 0.0768151 0.897515
1 0.110331 0.796886 0.0741029 0.0744504 0.897282
2 0.530904 0.510603 0.0751455 0.0752094 0.897161
2 0.745069 0.47137 0.0757965 0.0757518 0.897071
1 0.676162 0.610837 0.0758213 0.0753777 0.896861
0 0.663633 0.541651 0.075083 0.0750238 0.896702
2 0.606524 0.776992 0.0750126 0.0756338 0.896566
2 0.187314 0.668517 0.0734871 0.0740476 0.896557
1 0.449172 0.646164 0.0753469 0.0752397 0.896478
2 0.18507 0.635067 0.0754796 0.075408 0.896371
2 0.643467 0.13891 0.0745864 0.0742158 0.896345
1 0.0982096 0.756008 0.0738307 0.0739719 0.896236
0 0.554076 0.383754 0.0761442 0.0760715 0.896095
1 0.418612 0.65857 0.0738546 0.0742023 0.896074
2 0.123881 0.180055 0.0722426 0.0727695 0.895648
1 0.038641 0.685714 0.0734835 0.072991 0.895615
2 0.630859 0.366076 0.07705 0.0767484 0.895552
2 0.685473 0.950981 0.076146 0.0760185 0.895459
1 0.487502 0.83984 0.0755647 0.0760063 0.895455
1 0.788421 0.917312 0.0739594 0.0740723 0.895408
1 0.426018 0.505479 0.0746195 0.0742203 0.895376
2 0.244258 0.455919 0.0736345 0.073307 0.895159
1 0.0499211 0.709392 0.0725018 0.0734348 0.895143
1 0.743629 0.927951 0.0748486 0.0746899 0.895137
2 0.246475 0.436876 0.0738667 0.0738703 0.895118
2 0.0275753 0.220956 0.0551505 0.0709189 0.895049
2 0.288695 0.310559 0.0762452 0.0755267 0.89476
2 0.541392 0.79835 0.0753201 0.0750191 0.894719
1 0.509224 0.811008 0.0758259 0.0752182 0.89467
0 0.892508 0.0523365 0.0814777 0.081471 0.894586
0 0.668477 0.220202 0.0746782 0.073632 0.894233
2 0.459908 0.456468 0.0753778 0.0751027 0.894029
0 0.292325 0.4455 0.0742877 0.0748051 0.893957
2 0.949947 0.622822 0.0796658 0.0784666 0.893863
2 0.846881 0.841591 0.0757532 0.0758125 0.893772
2 0.21504 0.0317881 0.0734296 0.063388 0.893761
2 0.210918 0.93046 0.0743392 0.0745331 0.893734
0 0.511377 0.450639 0.075421 0.0757377 0.893453
2 0.162647 0.0329796 0.0722006 0.0656873 0.893409
0 0.575301 0.772165 0.0761984 0.074815 0.893142
2 0.0807771 0.151403 0.0744798 0.0740064 0.892921
2 0.574218 0.898045 0.0771357 0.0767601 0.892827
1 0.618937 0.311357 0.0756653 0.076294 0.892806
0 0.683568 0.153467 0.0755424 0.0753648 0.892771
2 0.578874 0.612718 0.0754574 0.0750235 0.892709
2 0.965038 0.158157 0.0699234 0.0788828 0.89263
1 0.50034 0.542536 0.0748684 0.0751588 0.892456
0 0.737867 0.555244 0.0757893 0.0756665 0.892349
2 0.857604 0.0362973 0.0785271 0.0725946 0.892048
1 0.66986 0.751386 0.0748951 0.0748802 0.891625
2 0.964756 0.176005 0.070487 0.0803159 0.891389
1 0.657188 0.320766 0.0752458 0.0748066 0.891113
1 0.77819 0.904014 0.0744184 0.0748455 0.891107
2 0.739572 0.168314 0.0760548 0.0756664 0.891022
2 0.865388 0.632164 0.0762501 0.0760771 0.891007
1 0.03157 0.884984 0.0631401 0.075082 0.890917
2 0.577375 0.14521 0.0763638 0.0753632 0.890915
2 0.176557 0.889301 0.077371 0.0765709 0.890896
1 0.766335 0.835743 0.0743732 0.0750509 0.890879
2 0.0870198 0.259987 0.0729366 0.0734853 0.890455
2 0.589557 0.954875 0.0763884 0.0761295 0.890327
2 0.809919 0.207917 0.0786277 0.0773991 0.890277
2 0.586386 0.809409 0.0759136 0.0756767 0.890275
1 0.498464 0.0773897 0.0746861 0.0745563 0.890062
1 0.159271 0.0860531 0.0737813 0.0738101 0.890014
2 0.201085 0.71391 0.0751401 0.0749867 0.889889
0 0.60695 0.0388464 0.0743166 0.0754017 0.88988
2 0.341435 0.291444 0.0777918 0.077447 0.889702
1 0.263186 0.529649 0.0726313 0.0729033 0.889552
2 0.773723 0.192392 0.0778544 0.0774756 0.889406
0 0.576636 0.47506 0.0759796 0.075107 0.889346
2 0.887258 0.665207 0.0758114 0.0759706 0.889232
2 0.652058 0.106132 0.0753765 0.0753768 0.889102
1 0.407272 0.572175 0.0750237 0.0750469 0.888815
2 0.155606 0.809108 0.0756493 0.0749618 0.888689
2 0.635194 0.710206 0.0758296 0.075362 0.888515
1 0.726168 0.79897 0.0742043 0.0739582 0.888456
0 0.886794 0.371949 0.0799396 0.0794167 0.888408
2 0.274526 0.446128 0.074096 0.0745794 0.888248
1 0.487377 0.566256 0.0749657 0.0743402 0.888235
1 0.0774389 0.627936 0.0730507 0.0727169 0.888231
2 0.754738 0.188757 0.0762537 0.0760399 0.888088
0 0.225062 0.811953 0.0743453 0.073786 0.887973
1 0.0350677 0.389266 0.0701355 0.0741263 0.887573
1 0.466263 0.560245 0.0750483 0.0752561 0.887443
2 0.877515 0.4054 0.0797768 0.0786411 0.887389
1 0.735822 0.598409 0.0772947 0.0772823 0.887046
0 0.832124 0.697117 0.074798 0.0746477 0.886802
2 0.670982 0.484008 0.0751247 0.0754973 0.8868
0 0.0175081 0.135291 0.0350162 0.0720713 0.886706
2 0.529271 0.623471 0.0761684 0.0761053 0.886625
1 0.25154 0.640788 0.074259 0.0742353 0.886583
2 0.0750438 0.199716 0.0727871 0.072747 0.886546
1 0.21799 0.900096 0.076078 0.0758213 0.886501
2 0.829879 0.746227 0.0742619 0.0741432 0.886464
2 0.640513 0.520788 0.075171 0.0749506 0.886426
2 0.119609 0.687546 0.0746488 0.0745184 0.886416
2 0.640418 0.956677 0.0766567 0.075951 0.886312
1 0.0747913 0.746161 0.0729652 0.0733643 0.88631
0 0.666592 0.165652 0.074951 0.0749366 0.886284
0 0.487071 0.329464 0.0802358 0.0791722 0.886235
2 0.215322 0.103504 0.0731984 0.0724773 0.886091
0 0.601657 0.711822 0.0750282 0.0755341 0.886067
2 0.0286103 0.952509 0.0571899 0.0748186 0.885817
1 0.738742 0.69357 0.0768175 0.0759023 0.885774
2 0.180091 0.451462 0.0747866 0.0743259 0.885315
0 0.666632 0.516181 0.0756024 0.0748865 0.885271
2 0.635505 0.0340671 0.0758583 0.0681343 0.885219
2 0.153754 0.29166 0.0729438 0.0728344 0.885142
1 0.672416 0.254693 0.0754989 0.0754937 0.88505
1 0.0261152 0.657793 0.0522304 0.0717608 0.884905
1 0.689012 0.708648 0.0759461 0.0760695 0.88482
1 0.352606 0.241427 0.0750127 0.0751084 0.88479
0 0.568085 0.517417 0.0751875 0.075091 0.884592
1 0.722253 0.926153 0.074972 0.0756882 0.884568
1 0.260109 0.493776 0.0723538 0.0722406 0.88455
2 0.334328 0.35311 0.0749397 0.0751055 0.884286
2 0.689763 0.478118 0.0760971 0.0760286 0.88427
2 0.607541 0.188059 0.0743664 0.0742213 0.884171
2 0.797645 0.7902 0.0738785 0.073498 0.883918
1 0.192603 0.877616 0.0758281 0.0761379 0.883636
2 0.678754 0.0288115 0.0764082 0.0572016 0.883517
2 0.783431 0.391786 0.0766115 0.0762345 0.883387
2 0.159143 0.829454 0.0751613 0.0752919 0.883362
0 0.0905838 0.201181 0.0731858 0.0740745 0.883025
2 0.855176 0.857874 0.0763123 0.0759007 0.882864
1 0.377652 0.920979 0.0738535 0.0738804 0.882801
1 0.209811 0.854475 0.076462 0.0761883 0.882796
2 0.204548 0.727267 0.0747414 0.0742954 0.882746
1 0.666476 0.696659 0.0752539 0.0746851 0.882596
2 0.804923 0.703497 0.0762742 0.0758984 0.882462
1 0.0603144 0.773183 0.0739724 0.0744018 0.882112
2 0.962878 0.565425 0.0742443 0.0785791 0.881388
2 0.138552 0.763201 0.073383 0.0736816 0.880953
0 0.483591 0.0289861 0.0747995 0.0577556 0.880848
1 0.837731 0.905922 0.0749578 0.0752787 0.880797
2 0.944639 0.82492 0.0806583 0.0817951 0.880673
2 0.817857 0.72365 0.075844 0.0757239 0.880642
2 0.959931 0.0588848 0.0788532 0.080533 0.880494
1 0.0868486 0.457876 0.07529 0.0751475 0.880432
2 0.172105 0.784728 0.0748742 0.0743947 0.880293
2 0.381523 0.949812 0.0749339 0.0739164 0.879975
0 0.055732 0.0471511 0.0733292 0.0734076 0.879871
1 0.123852 0.228699 0.0723109 0.0723252 0.879725
2 0.898391 0.971713 0.0748386 0.0565746 0.879695
2 0.029353 0.0594978 0.0587061 0.0730783 0.879556
1 0.922071 0.782365 0.0756433 0.0754005 0.879311
2 0.0270125 0.178435 0.0540251 0.073327 0.879188
1 0.692105 0.292205 0.0756742 0.0754742 0.879068
1 0.703112 0.798592 0.0750383 0.0746325 0.878618
0 0.217272 0.81883 0.0752233 0.0750727 0.87841
1 0.302595 0.937175 0.0745359 0.0746977 0.878394
1 0.656084 0.887648 0.0751044 0.0746542 0.877735
2 0.161475 0.116763 0.0732369 0.0731903 0.87772
2 0.66858 0.815035 0.0749065 0.0748547 0.877574
1 0.91112 0.713017 0.076396 0.0757174 0.877534
2 0.834266 0.445699 0.07771 0.077676 0.877255
0 0.835612 0.627921 0.0770117 0.0764997 0.877248
1 0.50858 0.92473 0.0749318 0.0750252 0.877023
2 0.862196 0.64294 0.0763573 0.0762055 0.877015
2 0.0698727 0.349198 0.0740194 0.0731262 0.877001
2 0.172344 0.833973 0.0750791 0.0750165 0.876918
2 0.722644 0.879958 0.0749529 0.0749661 0.876831
0 0.0224292 0.0729258 0.0448584 0.0734377 0.876666
2 0.782251 0.441931 0.0764846 0.0768696 0.876601
1 0.290955 0.52431 0.0735866 0.0735805 0.876404
1 0.500298 0.11137 0.0750189 0.0753887 0.876337
2 0.56996 0.428224 0.0753399 0.0761017 0.876108
1 0.242089 0.0907624 0.0729224 0.0729741 0.875639
1 0.536955 0.905322 0.0760098 0.0755779 0.875543
0 0.651111 0.968185 0.0752773 0.0636295 0.875422
0 0.0617736 0.0311013 0.0724448 0.0614773 0.875106
2 0.566562 0.966699 0.0761649 0.0666016 0.875103
2 0.9013 0.242378 0.0803766 0.0789854 0.874845
0 0.897606 0.0278341 0.080196 0.0556163 0.874783
1 0.773817 0.859133 0.0742212 0.074522 0.874755
1 0.883529 0.733344 0.0749867 0.0753771 0.874711
1 0.647225 0.665266 0.0760355 0.0758942 0.874486
1 0.103427 0.870638 0.0749107 0.0751755 0.874439
0 0.22565 0.405734 0.0716857 0.0730006 0.8736
2 0.600145 0.288517 0.0761194 0.0752378 0.873583
2 0.618806 0.484228 0.0751365 0.0755561 0.873001
2 0.0389043 0.965577 0.0730568 0.0688454 0.872914
2 0.143271 0.254786 0.071951 0.0721707 0.87285
1 0.366814 0.471935 0.0735418 0.0737265 0.872686
1 0.345037 0.608069 0.0739169 0.074301 0.872419
2 0.609171 0.455658 0.0765308 0.0761614 0.872403
2 0.648268 0.273919 0.0752444 0.0751815 0.872331
2 0.854095 0.0690393 0.0810591 0.0798053 0.872126
2 0.18474 0.302891 0.0727434 0.0727111 0.871833
2 0.589861 0.447332 0.0763669 0.076081 0.871407
1 0.460513 0.59034 0.0759051 0.0759043 0.871291
0 0.58788 0.0861604 0.0760014 0.075891 0.871171
2 0.778758 0.45988 0.0756027 0.075573 0.870712
2 0.962901 0.406307 0.0741972 0.0794301 0.870674
0 0.830312 0.48054 0.0769508 0.0774927 0.870547
2 0.837215 0.719207 0.074194 0.0737896 0.870486
2 0.265179 0.802664 0.075334 0.0747419 0.870462
1 0.818074 0.820923 0.0755453 0.0758226 0.869933
2 0.295991 0.298582 0.0753815 0.0747047 0.869844
2 0.856487 0.722574 0.0750595 0.0751841 0.869566
2 0.929664 0.602756 0.0793831 0.0797014 0.869112
1 0.479455 0.0953438 0.0735117 0.0735042 0.869014
2 0.211018 0.450822 0.0735976 0.0738 0.868835
1 0.0484433 0.446913 0.0740229 0.0736844 0.868832
2 0.0816367 0.330448 0.0738662 0.0736365 0.868786
2 0.772782 0.240886 0.0765928 0.0764655 0.868245
1 0.406337 0.250745 0.0759842 0.0771393 0.867877
2 0.642391 0.200888 0.0745151 0.0740272 0.867556
1 0.383299 0.83567 0.0750358 0.0746155 0.867418
0 0.804425 0.041682 0.0776325 0.0777391 0.867029
2 0.861054 0.466873 0.0789356 0.0781999 0.866632
2 0.722066 0.481653 0.0752883 0.0758096 0.866585
0 0.978312 0.145619 0.0428391 0.0794967 0.866039
2 0.711405 0.306728 0.0772812 0.0766566 0.865789
2 0.113331 0.34352 0.0727484 0.0732494 0.865438
1 0.180562 0.542028 0.0740582 0.0740649 0.864459
1 0.279862 0.588761 0.0726222 0.0722837 0.86435
1 0.252542 0.107408 0.0729014 0.0731941 0.864338
2 0.0551611 0.300181 0.0730275 0.0730898 0.864251
2 0.593196 0.968438 0.0754824 0.0631237 0.864012
1 0.253056 0.846428 0.075503 0.0753361 0.863988
2 0.8974 0.162093 0.0795773 0.0797286 0.863905
0 0.0235089 0.0946742 0.046994 0.0739796 0.863889
1 0.898656 0.7412 0.0764509 0.0763239 0.863811
2 0.229034 0.305183 0.0729718 0.0727392 0.863456
2 0.193782 0.0396407 0.0754681 0.0741304 0.862698
1 0.893627 0.705588 0.0753021 0.0759623 0.862686
0 0.720017 0.0189549 0.0763631 0.0379098 0.86224
1 0.360948 0.890859 0.075054 0.0749491 0.861885
1 0.210063 0.577104 0.0740039 0.0741426 0.861548
2 0.701725 0.926066 0.0760532 0.0767536 0.860938
1 0.329497 0.852142 0.0744144 0.074556 0.860931
2 0.930232 0.0403446 0.0837208 0.0806893 0.860861
2 0.718651 0.239066 0.0752584 0.0751142 0.860858
2 0.0471658 0.024241 0.0722976 0.0484819 0.8606
1 0.263395 0.627032 0.0737137 0.0735044 0.85962
2 0.792171 0.0289762 0.0769314 0.0578904 0.859399
1 0.765864 0.645855 0.0770693 0.0770737 0.859017
2 0.629513 0.085804 0.0765657 0.0765929 0.858648
2 0.535272 0.731446 0.0747101 0.075021 0.858353
2 0.581051 0.63721 0.0751275 0.0749214 0.858276
2 0.729966 0.0276094 0.0762695 0.054679 0.858247
2 0.109153 0.100294 0.0736291 0.072909 0.858213
2 0.204336 0.628778 0.0746355 0.074535 0.857792
1 0.678428 0.271542 0.0757929 0.0756408 0.857496
0 0.0401724 0.182802 0.0740687 0.0738563 0.857032
1 0.280573 0.883672 0.0740427 0.0743183 0.856431
2 0.0464056 0.284058 0.0758412 0.0752187 0.856254
2 0.778721 0.165004 0.0780122 0.0775055 0.856095
0 0.853472 0.225475 0.0785767 0.0784941 0.85563
2 0.378325 0.969255 0.0736417 0.0614897 0.855502
2 0.244106 0.381464 0.0742995 0.0747637 0.855278
0 0.031255 0.134312 0.06251 0.0693604 0.855267
2 0.0794722 0.181749 0.0734425 0.0731606 0.855258
2 0.640564 0.117442 0.0750208 0.0747331 0.855006
1 0.574356 0.0297789 0.0734119 0.0594549 0.854554
2 0.832456 0.971087 0.0745523 0.0578262 0.854465
0 0.142416 0.681481 0.0743089 0.0740019 0.854329
2 0.425477 0.863898 0.0753555 0.0751995 0.854293
2 0.974716 0.163121 0.0505672 0.0787991 0.85412
2 0.605184 0.0743176 0.076443 0.0772546 0.853914
2 0.83505 0.429861 0.0779915 0.0775539 0.853361
0 0.967635 0.709455 0.064119 0.0782322 0.853295
1 0.28842 0.914577 0.0747013 0.0748747 0.853125
1 0.34545 0.203898 0.0735751 0.074005 0.852922
1 0.0586253 0.536446 0.0740418 0.0731197 0.851216
1 0.704783 0.77672 0.0748349 0.0744621 0.851092
2 0.525418 0.72176 0.0755771 0.0752691 0.851079
1 0.778812 0.949392 0.0734123 0.0730457 0.850627
0 0.571483 0.5937 0.0746506 0.0749777 0.850607
1 0.271782 0.141093 0.0713495 0.0723185 0.850094
2 0.0247314 0.962176 0.0494627 0.069088 0.849983
2 0.0942748 0.13267 0.0745771 0.0744118 0.849207
0 0.97761 0.59779 0.0441776 0.0752346 0.849121
1 0.384498 0.872117 0.0748182 0.0745665 0.84879
0 0.543349 0.0230629 0.0741571 0.0457802 0.848729
2 0.709268 0.139004 0.0741627 0.0749602 0.848442
2 0.408632 0.634705 0.073929 0.074197 0.848097
2 0.730023 0.0436993 0.0763104 0.0763226 0.848063
0 0.601144 0.601161 0.0774235 0.0773081 0.847457
2 0.452141 0.416324 0.0761486 0.0754801 0.847263
1 0.347189 0.67528 0.0737633 0.074306 0.847159
2 0.645485 0.480844 0.0749633 0.0747199 0.846943
0 0.807182 0.278253 0.077575 0.0774277 0.846131
1 0.367381 0.82071 0.074286 0.0745207 0.845615
1 0.303085 0.90519 0.0744227 0.0745312 0.845408
2 0.231294 0.191071 0.0733684 0.0736962 0.845083
1 0.383737 0.792674 0.0750427 0.0751735 0.844948
2 0.92756 0.82396 0.0783829 0.0784805 0.844894
1 0.607243 0.314985 0.0760349 0.076665 0.84463
2 0.847009 0.353451 0.0798527 0.0798735 0.844329
1 0.677682 0.63468 0.0769012 0.076634 0.844157
2 0.479366 0.760449 0.0754867 0.074453 0.843979
2 0.0306241 0.0214321 0.0601922 0.0428642 0.843539
1 0.0674839 0.792727 0.074455 0.0732988 0.843398
1 0.619961 0.805493 0.0750715 0.0751947 0.842905
2 0.925533 0.351242 0.0830006 0.0826586 0.842722
2 0.628753 0.491009 0.0747788 0.0746924 0.842709
2 0.243059 0.406969 0.0743985 0.0737936 0.84269
1 0.397368 0.904422 0.0747119 0.0740875 0.841843
1 0.0264501 0.844211 0.0529002 0.0743969 0.841811
2 0.704013 0.166427 0.0750992 0.0751282 0.841029
0 0.472656 0.0237702 0.0739317 0.047324 0.840227
1 0.344306 0.870272 0.0747137 0.0743689 0.840057
2 0.249483 0.364203 0.074482 0.0739918 0.839456
0 0.331108 0.416232 0.0740047 0.0734802 0.839168
0 0.96991 0.532536 0.0601793 0.0781348 0.839129
0 0.911344 0.194926 0.0785481 0.0783203 0.838894
0 0.809886 0.0232566 0.076897 0.0464039 0.837869
1 0.927833 0.806058 0.0774055 0.0766035 0.837463
1 0.0752043 0.927076 0.0759346 0.0758905 0.837317
2 0.20547 0.146299 0.0729713 0.072669 0.837142
2 0.960273 0.130404 0.0782803 0.0785789 0.836507
2 0.420627 0.336564 0.0770671 0.0781385 0.836502
2 0.083997 0.598928 0.0746718 0.0736324 0.836498
2 0.542338 0.294729 0.0772274 0.0772014 0.83638
1 0.063141 0.901374 0.0764128 0.0756222 0.836219
0 0.738153 0.0197521 0.0757072 0.0395042 0.835849
1 0.837734 0.869555 0.0757816 0.0751352 0.835529
1 0.730258 0.820338 0.0756127 0.0744629 0.835446
2 0.968674 0.741112 0.062652 0.0766283 0.835203
2 0.498405 0.382172 0.0780714 0.0775534 0.834874
2 0.857715 0.763475 0.0744057 0.0740688 0.834584
1 0.829362 0.92738 0.0746528 0.0746037 0.834488
2 0.284695 0.2772 0.074255 0.0748427 0.834395
1 0.269078 0.566124 0.0725995 0.072823 0.834224
2 0.575371 0.932737 0.0748865 0.0754421 0.833965
2 0.705613 0.97748 0.0759652 0.0450409 0.833361
1 0.425213 0.531772 0.074843 0.0751103 0.833016
0 0.970131 0.052737 0.0597374 0.0805779 0.832813
2 0.113751 0.196396 0.0728213 0.0732264 0.831446
2 0.490052 0.602768 0.075603 0.0747181 0.829889
2 0.554909 0.359706 0.0777248 0.0778544 0.829333
2 0.112074 0.161128 0.0734771 0.0729023 0.829182
0 0.719313 0.112987 0.0758606 0.0761099 0.828098
1 0.0683578 0.472934 0.0744892 0.0747089 0.828033
1 0.347109 0.748331 0.0747161 0.0741911 0.826696
2 0.193441 0.25474 0.0726958 0.0729043 0.826642
1 0.406259 0.0567706 0.0762078 0.0761559 0.82562
1 0.240529 0.510683 0.0735666 0.0724195 0.825292
2 0.635267 0.845801 0.0744954 0.0742676 0.825042
2 0.191548 0.69192 0.0745227 0.0741152 0.822006
2 0.260682 0.722765 0.0738903 0.0738916 0.821743
2 0.748638 0.911761 0.0751309 0.0749275 0.821117
2 0.841284 0.613314 0.0765711 0.0761789 0.81996
1 0.116782 0.837844 0.0750877 0.0753571 0.818095
1 0.794812 0.754883 0.0742585 0.0744966 0.817863
1 0.104678 0.245044 0.0726119 0.0728452 0.817309
1 0.788398 0.833319 0.074383 0.0748848 0.816371
2 0.772906 0.294976 0.0776608 0.0769249 0.816335
2 0.51011 0.298454 0.0784891 0.0781766 0.815282
2 0.0277114 0.156328 0.0552381 0.0723607 0.814962
2 0.797545 0.47816 0.0770323 0.0775093 0.814475
2 0.769925 0.277823 0.0775671 0.0780516 0.813721
1 0.0996726 0.833191 0.0748166 0.0750638 0.813631
2 0.846461 0.704538 0.0754728 0.0747271 0.81274
0 0.279761 0.370046 0.0740513 0.0740159 0.812734
2 0.221874 0.144736 0.0720015 0.0730664 0.812307
2 0.0174965 0.916285 0.0349929 0.0732119 0.811973
0 0.228743 0.791048 0.0746703 0.0743182 0.811725
2 0.679525 0.97599 0.0737844 0.0480209 0.811623
2 0.917123 0.373451 0.0796726 0.0808111 0.811201
2 0.334846 0.930319 0.0744804 0.0740952 0.810763
1 0.0188667 0.813427 0.0376999 0.0697014 0.810686
1 0.24687 0.0253611 0.0718025 0.0506707 0.810587
2 0.60639 0.758838 0.0763347 0.074164 0.810231
1 0.772824 0.72172 0.0741173 0.0742234 0.810067
0 0.224047 0.667701 0.0747124 0.0749568 0.810011
1 0.481014 0.130295 0.0754202 0.074967 0.809693
2 0.532966 0.639049 0.0745014 0.0744674 0.809518
1 0.324357 0.79954 0.0734508 0.0736103 0.809358
2 0.397064 0.968508 0.0731715 0.0629838 0.808489
1 0.37321 0.494666 0.0715907 0.0726727 0.808254
2 0.973316 0.0944336 0.0533686 0.0807702 0.807948
2 0.243 0.0512655 0.0734848 0.0721539 0.807767
0 0.208434 0.0934284 0.0724816 0.0729184 0.807593
1 0.0902034 0.80144 0.0745672 0.075098 0.807551
2 0.219491 0.729251 0.0742424 0.0741102 0.807094
1 0.296766 0.776939 0.074469 0.0738333 0.806033
2 0.556138 0.283298 0.0772388 0.0778113 0.805784
2 0.953753 0.413326 0.0803141 0.0806334 0.8056
2 0.404567 0.974979 0.0749949 0.0500416 0.804798
0 0.973617 0.56993 0.0527664 0.0749325 0.803689
2 0.703514 0.512311 0.0757071 0.0756293 0.803247
2 0.867497 0.60867 0.077537 0.0778469 0.803111
1 0.705403 0.690104 0.0767555 0.0757382 0.8017
2 0.257295 0.244743 0.0748357 0.0743913 0.801597
1 0.0737761 0.823164 0.0733588 0.0731621 0.800896
2 0.767693 0.436534 0.0763159 0.0773418 0.799529
2 0.695659 0.126971 0.0750187 0.0746534 0.799214
1 0.388998 0.546513 0.0739935 0.0744205 0.799113
0 0.30509 0.490896 0.0733928 0.0732901 0.798627
1 0.069752 0.804346 0.0740461 0.0730396 0.798504
2 0.407572 0.422252 0.0763514 0.075667 0.798127
2 0.0677064 0.676193 0.0720092 0.0725913 0.7978
2 0.120903 0.0803776 0.0729432 0.0733892 0.7976
1 0.417459 0.810329 0.0744713 0.0750488 0.797545
2 0.933588 0.548718 0.0805893 0.0820696 0.796745
1 0.0762651 0.702833 0.074227 0.0741981 0.796132
2 0.706209 0.362197 0.0766333 0.076142 0.793584
2 0.107158 0.64895 0.0749178 0.0748903 0.793369
1 0.842961 0.890367 0.0751818 0.0753342 0.792217
1 0.0483017 0.957505 0.0761377 0.0759678 0.790447
2 0.971354 0.342564 0.0572914 0.0806073 0.790286
2 0.443369 0.885094 0.0757669 0.0757145 0.790022
2 0.338555 0.0235932 0.0731121 0.047149 0.788963
2 0.128441 0.777677 0.0740711 0.0743042 0.788668
2 0.761518 0.308403 0.0770258 0.076892 0.788222
1 0.768767 0.682331 0.0757128 0.075684 0.786374
1 0.363718 0.910837 0.0738725 0.0737169 0.786263
2 0.941987 0.391854 0.0803616 0.0803474 0.78611
2 0.808563 0.654121 0.0765423 0.0763569 0.785996
0 0.780281 0.583998 0.0761095 0.0761409 0.784009
0 0.57821 0.795952 0.0755997 0.0749911 0.78369
2 0.741825 0.146296 0.0757685 0.0752306 0.781372
2 0.0771453 0.0265105 0.0722704 0.0527113 0.78028
2 0.42539 0.400602 0.0761473 0.0761124 0.779872
2 0.525487 0.0196483 0.0733559 0.0392966 0.779387
2 0.641565 0.0250174 0.0760567 0.0500348 0.778354
2 0.204717 0.655861 0.0748252 0.074992 0.777403
2 0.504759 0.270045 0.0789164 0.0785571 0.775788
0 0.0624837 0.179963 0.0737121 0.0737939 0.775743
2 0.0343616 0.979666 0.0679071 0.0406036 0.77564
2 0.0270824 0.286585 0.0541648 0.0748268 0.775353
2 0.694227 0.438076 0.0759795 0.0760664 0.77532
2 0.222085 0.768044 0.0737911 0.0738292 0.774917
1 0.108901 0.365658 0.0738208 0.0735419 0.774753
1 0.183108 0.567474 0.0754706 0.0753553 0.773287
2 0.660718 0.141898 0.0756453 0.075243 0.773227
1 0.503862 0.0588685 0.0732487 0.0731407 0.772741
2 0.421758 0.634467 0.0736043 0.0739792 0.77231
2 0.0243778 0.112043 0.0482127 0.0732653 0.771521
2 0.107951 0.05543 0.0719674 0.0720176 0.77148
2 0.086748 0.319833 0.0728376 0.072896 0.769847
1 0.503903 0.978375 0.0730381 0.043249 0.769791
2 0.287207 0.733595 0.0729958 0.0734644 0.769451
2 0.202929 0.819149 0.0738721 0.0748747 0.769382
2 0.747798 0.109204 0.0772625 0.0770948 0.768008
2 0.164838 0.314223 0.0719955 0.0723268 0.767124
1 0.0211103 0.778478 0.0422206 0.0708126 0.765704
1 0.458756 0.686223 0.0755513 0.0758411 0.762734
2 0.49901 0.395841 0.0765759 0.0763435 0.762024
2 0.0407265 0.6304 0.0736589 0.0733185 0.760141
1 0.758111 0.719958 0.0748442 0.0756662 0.759547
2 0.248584 0.210481 0.0726903 0.0734612 0.758102
2 0.849771 0.967005 0.0732307 0.0655621 0.756157
2 0.980395 0.75473 0.0387922 0.0771696 0.755052
1 0.069413 0.854626 0.0719232 0.0722824 0.754937
2 0.508985 0.659289 0.0752744 0.0754753 0.753322
0 0.678101 0.117538 0.0751803 0.0752244 0.75277
2 0.97765 0.415632 0.0446992 0.0803792 0.75171
1 0.800124 0.174821 0.0791731 0.0785743 0.751571
2 0.488499 0.673555 0.0757023 0.0751919 0.751225
2 0.259978 0.256305 0.0752504 0.0743108 0.750748
2 0.908646 0.965861 0.0748095 0.0682783 0.750468
1 0.619288 0.282531 0.0749363 0.0745475 0.749979
1 0.0821031 0.502426 0.0730188 0.0737981 0.748882
1 0.422486 0.937154 0.0750755 0.0752649 0.747458
2 0.547623 0.591501 0.0762523 0.0757979 0.745294
1 0.473551 0.971313 0.0745783 0.057169 0.742046
2 0.93554 0.146251 0.0804583 0.0800328 0.741941
1 0.376511 0.775482 0.0744234 0.0750521 0.741512
2 0.146324 0.84527 0.0749774 0.0752655 0.740547
2 0.961164 0.834956 0.0776714 0.0823851 0.739368
2 0.82014 0.329162 0.0787481 0.0787319 0.737659
1 0.49525 0.788298 0.0738878 0.0740627 0.736714
2 0.551125 0.102651 0.0755255 0.075626 0.736543
1 0.048024 0.316438 0.0728316 0.0727746 0.734282
2 0.962315 0.368688 0.0748734 0.0800854 0.73326
1 0.0329696 0.461124 0.0659392 0.0735514 0.730808
2 0.032017 0.255 0.0640339 0.074365 0.728722
2 0.244445 0.195684 0.0731258 0.072993 0.728013
2 0.235805 0.728025 0.0744395 0.0741283 0.727677
2 0.491272 0.877754 0.0749617 0.0750748 0.725257
2 0.847124 0.112588 0.0798916 0.0802718 0.72437
1 0.242983 0.912283 0.0755119 0.074654 0.723804
2 0.642379 0.625184 0.076104 0.0764658 0.722018
2 0.213283 0.308553 0.0729661 0.0735401 0.721117
2 0.770203 0.524288 0.0758604 0.0761755 0.719985
2 0.607373 0.367419 0.0752718 0.0751112 0.71986
2 0.975371 0.909169 0.0489849 0.0777123 0.717873
2 0.080402 0.0377918 0.0729772 0.0719314 0.717096
2 0.338016 0.184862 0.072923 0.0732718 0.716084
0 0.958602 0.205289 0.0794117 0.0789077 0.715619
1 0.360392 0.966426 0.0718808 0.0671472 0.714926
1 0.194693 0.335849 0.0724569 0.0725861 0.713368
2 0.304401 0.976998 0.0737509 0.0460049 0.710767
2 0.837033 0.556565 0.0790534 0.0777839 0.710266
2 0.191718 0.0294638 0.0737061 0.0587533 0.70829
2 0.53825 0.342575 0.0788372 0.0778455 0.707828
2 0.807168 0.29293 0.0776125 0.076991 0.707161
2 0.0221258 0.628106 0.0442515 0.0726891 0.703013
1 0.0193422 0.590652 0.0386844 0.0702871 0.702432
1 0.437016 0.977584 0.0710215 0.044833 0.702349
1 0.225099 0.563462 0.0720274 0.0717079 0.702267
0 0.520351 0.59737 0.0754786 0.0751473 0.702056
1 0.812101 0.784101 0.0746331 0.0745715 0.700807
1 0.047775 0.761556 0.0719404 0.0732969 0.700751
1 0.651474 0.783589 0.074028 0.0739363 0.700321
2 0.0232298 0.980851 0.0458982 0.0379425 0.698865
0 0.579537 0.826896 0.0742121 0.0755993 0.698777
2 0.0537977 0.161719 0.0738635 0.0734436 0.698222
2 0.549054 0.859511 0.074403 0.0739994 0.696684
1 0.329175 0.561838 0.0719856 0.0716035 0.696671
1 0.709633 0.60999 0.0752188 0.0753345 0.695623
2 0.508007 0.332564 0.079594 0.0787902 0.69317
0 0.960726 0.783193 0.0774694 0.0783949 0.692533
1 0.105395 0.49952 0.0743092 0.0740707 0.690899
1 0.376104 0.445324 0.0737279 0.0740814 0.690242
0 0.866892 0.23309 0.0778397 0.0780816 0.687775
2 0.586442 0.562664 0.075868 0.0759048 0.686819
2 0.261252 0.0428093 0.0728848 0.0728836 0.684122
2 0.847339 0.279186 0.0774578 0.0778216 0.684067
1 0.509838 0.774357 0.0744119 0.0745286 0.681769
2 0.631581 0.0441573 0.0750059 0.0757874 0.681391
0 0.795699 0.67489 0.0754346 0.0744749 0.681324
2 0.806521 0.262616 0.0779819 0.0782142 0.676203
2 0.846818 0.655652 0.076915 0.0762487 0.675937
2 0.474676 0.772471 0.075679 0.0757786 0.672621
2 0.967742 0.510588 0.0643322 0.0798406 0.671718
1 0.48578 0.904431 0.0739286 0.0743919 0.670952
1 0.872562 0.70613 0.074955 0.0750565 0.670019
2 0.151169 0.488593 0.076621 0.0764074 0.664786
1 0.519317 0.961509 0.0757606 0.0741314 0.663518
2 0.55673 0.514998 0.0753965 0.0757582 0.662764
2 0.241057 0.762319 0.0734167 0.073782 0.662689
2 0.802085 0.978933 0.0744892 0.0421332 0.6591
1 0.355906 0.792233 0.0743558 0.0747587 0.658437
2 0.766487 0.0236817 0.0756964 0.0473205 0.656228
2 0.725375 0.968573 0.0750021 0.0628533 0.655447
1 0.0681243 0.676897 0.0748619 0.0740674 0.651248
2 0.187206 0.928594 0.0749728 0.0747208 0.649783
0 0.29238 0.3312 0.0755587 0.0757723 0.649407
1 0.618066 0.855138 0.0741177 0.0748571 0.646745
2 0.778565 0.806112 0.073424 0.0734668 0.643715
2 0.472244 0.281806 0.0807348 0.0796519 0.641533
0 0.843279 0.399384 0.0775579 0.0780745 0.641062
1 0.35717 0.644302 0.0730227 0.0737215 0.638805
1 0.395481 0.780262 0.0741471 0.0741775 0.637951
1 0.325293 0.588895 0.0719042 0.0723347 0.636368
2 0.58244 0.729123 0.0736725 0.0739262 0.634754
2 0.63362 0.791349 0.0738657 0.0742768 0.630969
2 0.468037 0.0414693 0.0745984 0.074009 0.630621
2 0.280525 0.368931 0.0744455 0.074383 0.630184
1 0.473307 0.0819599 0.0741533 0.0745162 0.628394
2 0.558107 0.543811 0.0755384 0.0750463 0.625412
2 0.31703 0.370653 0.07512 0.0749306 0.624579
2 0.595058 0.27901 0.0751574 0.0747203 0.624115
2 0.980538 0.693229 0.0387947 0.0787605 0.623937
2 0.529737 0.13385 0.0763697 0.0758994 0.620905
1 0.477604 0.928662 0.0736755 0.0735584 0.620517
1 0.886684 0.757202 0.0751137 0.0757706 0.617313
0 0.731609 0.118388 0.0760173 0.0756174 0.617074
2 0.934277 0.169283 0.0785831 0.0782368 0.616556
2 0.330236 0.299523 0.0758551 0.0767556 0.615441
2 0.191228 0.01705 0.0713421 0.0341 0.613644
1 0.365369 0.980158 0.0743742 0.0396846 0.611649
0 0.733425 0.229836 0.0759495 0.0763827 0.608236
1 0.126919 0.984564 0.0739289 0.0304182 0.607603
2 0.591325 0.624116 0.0765623 0.0773067 0.596147
1 0.0212147 0.477728 0.0423967 0.071055 0.594363
1 0.0166273 0.571075 0.0331986 0.0684845 0.593869
1 0.0311096 0.757597 0.0622192 0.0727787 0.593799
1 0.573688 0.216573 0.0742104 0.0739803 0.593575
1 0.289492 0.568971 0.0727029 0.0726242 0.58983
0 0.273211 0.34636 0.0746252 0.0741345 0.588387
1 0.312503 0.78637 0.0727542 0.0724377 0.586811
1 0.918767 0.811928 0.0761635 0.0783091 0.585623
0 0.632155 0.0440222 0.0767157 0.0760983 0.581131
2 0.435138 0.374449 0.0774317 0.0771814 0.580664
2 0.511299 0.317767 0.0798819 0.0783092 0.57938
1 0.899942 0.800615 0.076071 0.0759287 0.578614
2 0.980844 0.485659 0.038311 0.078372 0.578353
1 0.726167 0.907791 0.0751258 0.0744164 0.576261
2 0.262923 0.975153 0.0705114 0.0496941 0.576106
1 0.0459462 0.745984 0.071199 0.0717911 0.575661
2 0.774374 0.470811 0.0755335 0.0758472 0.57483
1 0.458524 0.789501 0.0747866 0.0754002 0.574634
1 0.0322615 0.592384 0.064467 0.0714061 0.573066
1 0.14021 0.0850381 0.0723972 0.0729887 0.568609
1 0.428903 0.78843 0.0739663 0.0737528 0.568239
1 0.0673288 0.583641 0.0734575 0.0735031 0.566541
2 0.690903 0.554017 0.0761835 0.0757138 0.565626
2 0.978471 0.391874 0.0430576 0.0808602 0.564516
1 0.514897 0.0659127 0.0718006 0.0724799 0.563125
2 0.893059 0.0798835 0.0816553 0.0804495 0.562411
2 0.717012 0.465413 0.0754448 0.0757889 0.562368
2 0.952194 0.865978 0.0826229 0.0812096 0.557282
2 0.600376 0.977104 0.0754583 0.0457916 0.557196
1 0.123878 0.210251 0.0728618 0.0720567 0.55719
0 0.574958 0.0926606 0.0763302 0.0756717 0.55479
1 0.0383518 0.533567 0.0718685 0.073374 0.554518
1 0.143619 0.0713833 0.0726887 0.0725501 0.553064
0 0.785614 0.06447 0.0782125 0.0774039 0.552838
1 0.322751 0.634099 0.0729283 0.0726577 0.552482
2 0.902942 0.544103 0.0817488 0.0804379 0.551151
2 0.980433 0.844567 0.0391346 0.0819817 0.550065
1 0.305367 0.213559 0.0707299 0.0708176 0.550036
0 0.0386636 0.0590638 0.0722098 0.0740547 0.548812
2 0.822774 0.0297244 0.075518 0.0594488 0.54672
1 0.499077 0.959396 0.0742401 0.0750446 0.546223
1 0.103812 0.890281 0.0748518 0.0750259 0.545984
1 0.0197267 0.750805 0.0390795 0.0717659 0.545402
0 0.858892 0.146634 0.0789181 0.0785784 0.544105
2 0.981936 0.289555 0.0361279 0.0803117 0.544021
1 0.809025 0.93534 0.0740059 0.0739834 0.541771
1 0.635146 0.680432 0.0743626 0.0752854 0.539571
2 0.530377 0.160383 0.0760653 0.0764497 0.533806
1 0.135091 0.320935 0.0715663 0.0715177 0.53364
1 0.410298 0.480819 0.0747375 0.0748878 0.532571
1 0.410091 0.756242 0.0739753 0.0738966 0.532297
0 0.511584 0.38828 0.0771936 0.0778983 0.531322
2 0.39501 0.377676 0.0764496 0.0760194 0.526127
2 0.33016 0.982609 0.0737724 0.0345686 0.521772
2 0.86119 0.675706 0.0756632 0.0760779 0.517096
1 0.22544 0.487655 0.0722235 0.0720826 0.515978
0 0.512463 0.317026 0.0800821 0.0788552 0.512677
1 0.013885 0.20011 0.0276326 0.0727081 0.511378
1 0.353004 0.581877 0.0722142 0.0723938 0.500135
0 0.840276 0.641722 0.0763466 0.0756242 0.926002
0 0.843438 0.592858 0.0765335 0.0764484 0.925696
2 0.188608 0.654673 0.0747759 0.0745131 0.925676
0 0.220728 0.71512 0.0740626 0.0743657 0.924198
2 0.19124 0.287709 0.0733917 0.0721627 0.92314
1 0.644069 0.255186 0.0744883 0.0741597 0.9221
2 0.769386 0.452852 0.0756283 0.0760438 0.920872
2 0.607484 0.793212 0.0746708 0.0743317 0.919326
2 0.727719 0.433849 0.0764875 0.0761296 0.919192
2 0.156889 0.265105 0.0725693 0.0720242 0.919177
0 0.309761 0.706404 0.0731258 0.0735034 0.919149
1 0.103652 0.260647 0.0725579 0.0724502 0.918754
0 0.761321 0.153448 0.0775244 0.0763171 0.918378
2 0.886652 0.345291 0.0816433 0.079888 0.918122
0 0.895133 0.949895 0.0756561 0.0757217 0.918055
0 0.663613 0.201967 0.0745934 0.0747521 0.917266
2 0.921733 0.214712 0.0798553 0.0804145 0.916854
1 0.670146 0.831797 0.0750123 0.0743273 0.916593
2 0.212433 0.276426 0.0728589 0.0721019 0.916538
2 0.152233 0.718348 0.0739834 0.0741905 0.915999
0 0.278171 0.38348 0.0745666 0.0743565 0.915877
2 0.486738 0.413408 0.0771617 0.0771036 0.915754
2 0.727185 0.316057 0.0765251 0.0759542 0.915389
2 0.539195 0.774732 0.0756319 0.0752574 0.914717
2 0.76558 0.359084 0.0775907 0.0773308 0.914087
0 0.718384 0.214849 0.0758504 0.0752509 0.914084
2 0.151644 0.197753 0.0720219 0.071697 0.913758
1 0.245705 0.280147 0.0729268 0.0731259 0.913281
2 0.344696 0.403569 0.0753734 0.0750181 0.913197
0 0.811998 0.321597 0.0796517 0.0785337 0.913127
1 0.895415 0.725524 0.0755123 0.0758298 0.912858
2 0.586721 0.914428 0.0751451 0.0749315 0.912839
2 0.484295 0.458837 0.0759353 0.0754709 0.91278
0 0.157611 0.756215 0.0736933 0.0739325 0.912767
0 0.944558 0.197099 0.0784184 0.0785072 0.91272
0 0.181429 0.916773 0.0753871 0.0755928 0.91253
2 0.148339 0.554557 0.073926 0.074115 0.912
2 0.651068 0.344693 0.0752223 0.075039 0.911959
1 0.726143 0.840444 0.0741655 0.0742683 0.911648
2 0.80464 0.453394 0.0775048 0.0775179 0.91164
0 0.775521 0.0702369 0.0779139 0.0771928 0.91145
2 0.554928 0.781212 0.0757429 0.0753211 0.911377
0 0.747542 0.0944356 0.0763824 0.0763118 0.911237
2 0.919033 0.159792 0.0783728 0.0787068 0.911175
0 0.839445 0.284467 0.0785572 0.0778379 0.911058
2 0.503239 0.413182 0.077891 0.0779128 0.910874
0 0.278831 0.400864 0.0736086 0.0733851 0.910863
1 0.935618 0.768685 0.0771374 0.0762133 0.910467
0 0.543738 0.125826 0.0761126 0.0763129 0.910349
0 0.941495 0.645423 0.0779564 0.0776387 0.910269
0 0.530261 0.0973896 0.0752472 0.0744492 0.910229
0 0.239157 0.782995 0.0737063 0.0737274 0.910069
2 0.19997 0.193264 0.0724792 0.0731266 0.909939
0 0.779105 0.309229 0.0768771 0.0767493 0.909753
2 0.230906 0.754295 0.0748575 0.0747771 0.909655
0 0.850342 0.167009 0.080113 0.0790941 0.909644
1 0.911329 0.74841 0.0763153 0.0766325 0.909526
1 0.419384 0.897232 0.0756958 0.0753387 0.909468
2 0.676269 0.23084 0.0754913 0.0752861 0.909452
2 0.53128 0.751232 0.0755667 0.0753077 0.909209
2 0.623768 0.532673 0.0756309 0.0756799 0.908952
2 0.643386 0.829784 0.0753736 0.0749428 0.908904
0 0.587272 0.134008 0.0766861 0.0768018 0.908866
2 0.26484 0.740309 0.0745552 0.0744159 0.908718
2 0.144795 0.781869 0.0751702 0.0744536 0.90851
0 0.822478 0.0805165 0.0794739 0.0790621 0.908395
2 0.202248 0.171918 0.0728648 0.0731828 0.908355
0 0.301438 0.274719 0.0756842 0.0756119 0.908319
0 0.906954 0.213547 0.0784786 0.079289 0.908278
0 0.354613 0.356826 0.0760887 0.0756752 0.908058
2 0.609362 0.919366 0.0764431 0.0755482 0.907855
0 0.691287 0.105728 0.075388 0.0749223 0.907806
2 0.181711 0.191082 0.0729134 0.072894 0.907372
2 0.75007 0.0662559 0.0782841 0.0777917 0.907296
2 0.818517 0.432447 0.0774387 0.0773467 0.907247
0 0.892226 0.636268 0.0759392 0.0760867 0.90706
1 0.173438 0.253318 0.0721003 0.071973 0.907014
0 0.552704 0.447741 0.0757972 0.0749906 0.906979
0 0.921768 0.25512 0.0802792 0.0792195 0.906962
2 0.547347 0.48737 0.0760394 0.0764119 0.906939
1 0.631945 0.318174 0.0751135 0.0747889 0.906894
2 0.57006 0.0558626 0.0753654 0.0750377 0.906878
0 0.672356 0.460937 0.0761021 0.0759016 0.90686
1 0.591409 0.214878 0.075032 0.0752063 0.906833
2 0.624965 0.338561 0.075181 0.0747574 0.906762
2 0.643136 0.565959 0.0754993 0.0754009 0.906108
2 0.184743 0.275706 0.0720441 0.0719034 0.906089
1 0.627562 0.264877 0.0746735 0.0748157 0.906002
1 0.652891 0.731836 0.0756392 0.0756638 0.90599
2 0.917093 0.638864 0.0779276 0.0783777 0.905639
2 0.825688 0.0415552 0.0788841 0.0780609 0.905461
2 0.16664 0.503597 0.0750308 0.07468 0.905436
1 0.681822 0.386421 0.0760195 0.0757395 0.905333
0 0.70408 0.338301 0.0760577 0.0762664 0.905321
2 0.913091 0.311374 0.0820694 0.0820431 0.905319
2 0.585697 0.674069 0.0755314 0.0755915 0.905269
2 0.937562 0.314764 0.0831282 0.0828615 0.905255
2 0.0684181 0.227378 0.0740154 0.0737675 0.905206
1 0.399659 0.519092 0.0740239 0.0743415 0.905115
2 0.888231 0.933282 0.075728 0.0751205 0.904844
2 0.963423 0.638546 0.0731536 0.0797634 0.904834
2 0.827105 0.353695 0.079528 0.0791379 0.904597
0 0.608459 0.740926 0.0747581 0.0746548 0.904504
0 0.833877 0.122337 0.0789299 0.0782025 0.904241
2 0.842263 0.57275 0.0768204 0.077166 0.904181
2 0.885671 0.913092 0.0755241 0.0753271 0.904053
0 0.171063 0.81436 0.0751593 0.0753923 0.904035
2 0.108398 0.72373 0.073689 0.0738225 0.903983
0 0.571181 0.662937 0.0752413 0.0751049 0.903964
1 0.549501 0.934633 0.0756105 0.0755884 0.90396
2 0.822096 0.101424 0.0790297 0.0791413 0.903891
2 0.503121 0.884962 0.075633 0.0755497 0.903829
0 0.802162 0.230082 0.0779022 0.0774271 0.903801
0 0.210446 0.426321 0.0740627 0.0736507 0.903713
0 0.113544 0.582923 0.0748408 0.0745878 0.903678
2 0.199023 0.737722 0.074253 0.0747275 0.903674
2 0.179507 0.173372 0.0729134 0.0722724 0.903653
1 0.644703 0.770906 0.075154 0.0745126 0.903633
2 0.750292 0.486191 0.0751263 0.07534 0.903602
2 0.74343 0.896338 0.0750656 0.0748592 0.903597
0 0.601963 0.56705 0.0764168 0.0758232 0.903589
2 0.249157 0.0621165 0.0731916 0.0730292 0.903456
2 0.910876 0.651991 0.0763374 0.0758932 0.903349
2 0.444445 0.314679 0.0789642 0.0794046 0.903331
1 0.747131 0.662854 0.0755313 0.0759199 0.90332
2 0.652203 0.941276 0.0765163 0.0758812 0.903304
0 0.56159 0.631189 0.0759844 0.0752998 0.903301
2 0.143334 0.824039 0.0757229 0.0754353 0.903289
2 0.778783 0.211239 0.0766447 0.0763874 0.903198
2 0.663521 0.445724 0.0762311 0.0756458 0.903121
2 0.723109 0.747479 0.0745153 0.0747093 0.903045
1 0.0377113 0.862238 0.0723318 0.0710526 0.903039
0 0.852696 0.185066 0.07848 0.0789745 0.902985
2 0.72135 0.187123 0.0759794 0.0760029 0.902917
2 0.508466 0.357812 0.0777206 0.0773117 0.902719
0 0.181528 0.397601 0.0742152 0.0730844 0.902657
2 0.782407 0.784523 0.0740524 0.0744411 0.902445
1 0.276413 0.835441 0.0742625 0.074086 0.902122
2 0.0949217 0.683645 0.0746012 0.0742435 0.902069
0 0.887046 0.431049 0.0795553 0.0781854 0.902057
0 0.605523 0.512545 0.0754347 0.0748885 0.901996
1 0.565867 0.879074 0.0758205 0.0756065 0.901856
0 0.928266 0.111827 0.0799931 0.0803841 0.901832
2 0.666293 0.567881 0.0770228 0.0760397 0.901815
1 0.904356 0.769797 0.0761858 0.0758742 0.901658
2 0.73468 0.259498 0.0765274 0.0763297 0.90157
2 0.693456 0.535072 0.0765139 0.0759275 0.901523
2 0.907144 0.144427 0.0793999 0.0790835 0.901374
2 0.857262 0.735889 0.0747541 0.0742147 0.901315
2 0.880044 0.0317 0.0783558 0.0633094 0.901207
0 0.607099 0.125405 0.0762274 0.0769658 0.901063
0 0.756285 0.0332206 0.0777467 0.0664412 0.901049
0 0.812538 0.670878 0.07575 0.0752877 0.901043
1 0.604223 0.836659 0.075458 0.0759483 0.900644
2 0.0673861 0.246614 0.0728402 0.0734258 0.900573
1 0.277769 0.504289 0.0733919 0.0732891 0.900486
0 0.258448 0.699918 0.0743628 0.0743921 0.900482
0 0.0324279 0.0386009 0.0648559 0.0727899 0.900397
2 0.92233 0.181326 0.0789295 0.0779602 0.900244
2 0.145591 0.799157 0.074069 0.0742065 0.900207
1 0.806567 0.774922 0.0745173 0.0742981 0.899923
2 0.363892 0.305235 0.07748 0.076505 0.899896
1 0.0339728 0.916615 0.0679455 0.0750036 0.899714
2 0.238811 0.70264 0.0752338 0.0752321 0.89971
1 0.908816 0.691793 0.0759874 0.0759526 0.899585
2 0.228133 0.683171 0.0744879 0.0750212 0.899569
0 0.560686 0.260047 0.0759895 0.0760171 0.899545
2 0.620899 0.964852 0.0746275 0.0702953 0.899441
2 0.866321 0.269219 0.0791437 0.0782423 0.899304
2 0.755353 0.254913 0.0772589 0.0767947 0.899249
1 0.0922643 0.288456 0.0731672 0.0731428 0.899156
2 0.23231 0.446865 0.0738266 0.073369 0.899059
0 0.871673 0.314326 0.0787149 0.0790938 0.898886
2 0.145164 0.278227 0.072461 0.0721927 0.898845
1 0.330892 0.228134 0.0744045 0.0739139 0.898607
1 0.934436 0.739662 0.0759975 0.0763179 0.898554
0 0.54153 0.650716 0.0767059 0.0761045 0.898427
2 0.280472 0.726012 0.0743749 0.0741969 0.898067
0 0.618995 0.562272 0.0758278 0.0760685 0.898018
1 0.052693 0.841852 0.0740283 0.0743179 0.898006
1 0.435456 0.589116 0.0756374 0.0758371 0.897929
2 0.743072 0.411064 0.0772555 0.0773344 0.89785
1 0.608613 0.861857 0.0749044 0.0745827 0.897676
2 0.166806 0.871099 0.0771109 0.0769384 0.897555
2 0.632013 0.925902 0.0754062 0.0761036 0.89755
2 0.722398 0.0782931 0.0770531 0.0768151 0.897515
1 0.110331 0.796886 0.0741029 0.0744504 0.897282
2 0.530904 0.510603 0.0751455 0.0752094 0.897161
2 0.745069 0.47137 0.0757965 0.0757518 0.897071
1 0.676162 0.610837 0.0758213 0.0753777 0.896861
0 0.663633 0.541651 0.075083 0.0750238 0.896702
2 0.606524 0.776992 0.0750126 0.0756338 0.896566
2 0.187314 0.668517 0.0734871 0.0740476 0.896557
1 0.449172 0.646164 0.0753469 0.0752397 0.896478
2 0.18507 0.635067 0.0754796 0.075408 0.896371
2 0.643467 0.13891 0.0745864 0.0742158 0.896345
1 0.0982096 0.756008 0.0738307 0.0739719 0.896236
0 0.554076 0.383754 0.0761442 0.0760715 0.896095
1 0.418612 0.65857 0.0738546 0.0742023 0.896074
2 0.123881 0.180055 0.0722426 0.0727695 0.895648
1 0.038641 0.685714 0.0734835 0.072991 0.895615
2 0.630859 0.366076 0.07705 0.0767484 0.895552
2 0.685473 0.950981 0.076146 0.0760185 0.895459
1 0.487502 0.83984 0.0755647 0.0760063 0.895455
1 0.788421 0.917312 0.0739594 0.0740723 0.895408
1 0.426018 0.505479 0.0746195 0.0742203 0.895376
2 0.244258 0.455919 0.0736345 0.073307 0.895159
1 0.0499211 0.709392 0.0725018 0.0734348 0.895143
1 0.743629 0.927951 0.0748486 0.0746899 0.895137
2 0.246475 0.436876 0.0738667 0.0738703 0.895118
2 0.0275753 0.220956 0.0551505 0.0709189 0.895049
2 0.288695 0.310559 0.0762452 0.0755267 0.89476
2 0.541392 0.79835 0.0753201 0.0750191 0.894719
1 0.509224 0.811008 0.0758259 0.0752182 0.89467
0 0.892508 0.0523365 0.0814777 0.081471 0.894586
0 0.668477 0.220202 0.0746782 0.073632 0.894233
2 0.459908 0.456468 0.0753778 0.0751027 0.894029
0 0.292325 0.4455 0.0742877 0.0748051 0.893957
2 0.949947 0.622822 0.0796658 0.0784666 0.893863
2 0.846881 0.841591 0.0757532 0.0758125 0.893772
2 0.21504 0.0317881 0.0734296 0.063388 0.893761
2 0.210918 0.93046 0.0743392 0.0745331 0.893734
0 0.511377 0.450639 0.075421 0.0757377 0.893453
2 0.162647 0.0329796 0.0722006 0.0656873 0.893409
0 0.575301 0.772165 0.0761984 0.074815 0.893142
2 0.0807771 0.151403 0.0744798 0.0740064 0.892921
2 0.574218 0.898045 0.0771357 0.0767601 0.892827
1 0.618937 0.311357 0.0756653 0.076294 0.892806
0 0.683568 0.153467 0.0755424 0.0753648 0.892771
2 0.578874 0.612718 0.0754574 0.0750235 0.892709
2 0.965038 0.158157 0.0699234 0.0788828 0.89263
1 0.50034 0.542536 0.0748684 0.0751588 0.892456
0 0.737867 0.555244 0.0757893 0.0756665 0.892349
2 0.857604 0.0362973 0.0785271 0.0725946 0.892048
1 0.66986 0.751386 0.0748951 0.0748802 0.891625
2 0.964756 0.176005 0.070487 0.0803159 0.891389
1 0.657188 0.320766 0.0752458 0.0748066 0.891113
1 0.77819 0.904014 0.0744184 0.0748455 0.891107
2 0.739572 0.168314 0.0760548 0.0756664 0.891022
2 0.865388 0.632164 0.0762501 0.0760771 0.891007
1 0.03157 0.884984 0.0631401 0.075082 0.890917
2 0.577375 0.14521 0.0763638 0.0753632 0.890915
2 0.176557 0.889301 0.077371 0.0765709 0.890896
1 0.766335 0.835743 0.0743732 0.0750509 0.890879
2 0.0870198 0.259987 0.0729366 0.0734853 0.890455
2 0.589557 0.954875 0.0763884 0.0761295 0.890327
2 0.809919 0.207917 0.0786277 0.0773991 0.890277
2 0.586386 0.809409 0.0759136 0.0756767 0.890275
1 0.498464 0.0773897 0.0746861 0.0745563 0.890062
1 0.159271 0.0860531 0.0737813 0.0738101 0.890014
2 0.201085 0.71391 0.0751401 0.0749867 0.889889
0 0.60695 0.0388464 0.0743166 0.0754017 0.88988
2 0.341435 0.291444 0.0777918 0.077447 0.889702
1 0.263186 0.529649 0.0726313 0.0729033 0.889552
2 0.773723 0.192392 0.0778544 0.0774756 0.889406
0 0.576636 0.47506 0.0759796 0.075107 0.889346
2 0.887258 0.665207 0.0758114 0.0759706 0.889232
2 0.652058 0.106132 0.0753765 0.0753768 0.889102
1 0.407272 0.572175 0.0750237 0.0750469 0.888815
2 0.155606 0.809108 0.0756493 0.0749618 0.888689
2 0.635194 0.710206 0.0758296 0.075362 0.888515
1 0.726168 0.79897 0.0742043 0.0739582 0.888456
0 0.886794 0.371949 0.0799396 0.0794167 0.888408
2 0.274526 0.446128 0.074096 0.0745794 0.888248
1 0.487377 0.566256 0.0749657 0.0743402 0.888235
1 0.0774389 0.627936 0.0730507 0.0727169 0.888231
2 0.754738 0.188757 0.0762537 0.0760399 0.888088
0 0.225062 0.811953 0.0743453 0.073786 0.887973
1 0.0350677 0.389266 0.0701355 0.0741263 0.887573
1 0.466263 0.560245 0.0750483 0.0752561 0.887443
2 0.877515 0.4054 0.0797768 0.0786411 0.887389
1 0.735822 0.598409 0.0772947 0.0772823 0.887046
0 0.832124 0.697117 0.074798 0.0746477 0.886802
2 0.670982 0.484008 0.0751247 0.0754973 0.8868
0 0.0175081 0.135291 0.0350162 0.0720713 0.886706
2 0.529271 0.623471 0.0761684 0.0761053 0.886625
1 0.25154 0.640788 0.074259 0.0742353 0.886583
2 0.0750438 0.199716 0.0727871 0.072747 0.886546
1 0.21799 0.900096 0.076078 0.0758213 0.886501
2 0.829879 0.746227 0.0742619 0.0741432 0.886464
2 0.640513 0.520788 0.075171 0.0749506 0.886426
2 0.119609 0.687546 0.0746488 0.0745184 0.886416
2 0.640418 0.956677 0.0766567 0.075951 0.886312
1 0.0747913 0.746161 0.0729652 0.0733643 0.88631
0 0.666592 0.165652 0.074951 0.0749366 0.886284
0 0.487071 0.329464 0.0802358 0.0791722 0.886235
2 0.215322 0.103504 0.0731984 0.0724773 0.886091
0 0.601657 0.711822 0.0750282 0.0755341 0.886067
2 0.0286103 0.952509 0.0571899 0.0748186 0.885817
1 0.738742 0.69357 0.0768175 0.0759023 0.885774
2 0.180091 0.451462 0.0747866 0.0743259 0.885315
0 0.666632 0.516181 0.0756024 0.0748865 0.885271
2 0.635505 0.0340671 0.0758583 0.0681343 0.885219
2 0.153754 0.29166 0.0729438 0.0728344 0.885142
1 0.672416 0.254693 0.0754989 0.0754937 0.88505
1 0.0261152 0.657793 0.0522304 0.0717608 0.884905
1 0.689012 0.708648 0.0759461 0.0760695 0.88482
1 0.352606 0.241427 0.0750127 0.0751084 0.88479
0 0.568085 0.517417 0.0751875 0.075091 0.884592
1 0.722253 0.926153 0.074972 0.0756882 0.884568
1 0.260109 0.493776 0.0723538 0.0722406 0.88455
2 0.334328 0.35311 0.0749397 0.0751055 0.884286
2 0.689763 0.478118 0.0760971 0.0760286 0.88427
2 0.607541 0.188059 0.0743664 0.0742213 0.884171
2 0.797645 0.7902 0.0738785 0.073498 0.883918
1 0.192603 0.877616 0.0758281 0.0761379 0.883636
2 0.678754 0.0288115 0.0764082 0.0572016 0.883517
2 0.783431 0.391786 0.0766115 0.0762345 0.883387
2 0.159143 0.829454 0.0751613 0.0752919 0.883362
0 0.0905838 0.201181 0.0731858 0.0740745 0.883025
2 0.855176 0.857874 0.0763123 0.0759007 0.882864
1 0.377652 0.920979 0.0738535 0.0738804 0.882801
1 0.209811 0.854475 0.076462 0.0761883 0.882796
2 0.204548 0.727267 0.0747414 0.0742954 0.882746
1 0.666476 0.696659 0.0752539 0.0746851 0.882596
2 0.804923 0.703497 0.0762742 0.0758984 0.882462
1 0.0603144 0.773183 0.0739724 0.0744018 0.882112
2 0.962878 0.565425 0.0742443 0.0785791 0.881388
2 0.138552 0.763201 0.073383 0.0736816 0.880953
0 0.483591 0.0289861 0.0747995 0.0577556 0.880848
1 0.837731 0.905922 0.0749578 0.0752787 0.880797
2 0.944639 0.82492 0.0806583 0.0817951 0.880673
2 0.817857 0.72365 0.075844 0.0757239 0.880642
2 0.959931 0.0588848 0.0788532 0.080533 0.880494
1 0.0868486 0.457876 0.07529 0.0751475 0.880432
2 0.172105 0.784728 0.0748742 0.0743947 0.880293
2 0.381523 0.949812 0.0749339 0.0739164 0.879975
0 0.055732 0.0471511 0.0733292 0.0734076 0.879871
1 0.123852 0.228699 0.0723109 0.0723252 0.879725
2 0.898391 0.971713 0.0748386 0.0565746 0.879695
2 0.029353 0.0594978 0.0587061 0.0730783 0.879556
1 0.922071 0.782365 0.0756433 0.0754005 0.879311
2 0.0270125 0.178435 0.0540251 0.073327 0.879188
1 0.692105 0.292205 0.0756742 0.0754742 0.879068
1 0.703112 0.798592 0.0750383 0.0746325 0.878618
0 0.217272 0.81883 0.0752233 0.0750727 0.87841
1 0.302595 0.937175 0.0745359 0.0746977 0.878394
1 0.656084 0.887648 0.0751044 0.0746542 0.877735
2 0.161475 0.116763 0.0732369 0.0731903 0.87772
2 0.66858 0.815035 0.0749065 0.0748547 0.877574
1 0.91112 0.713017 0.076396 0.0757174 0.877534
2 0.834266 0.445699 0.07771 0.077676 0.877255
0 0.835612 0.627921 0.0770117 0.0764997 0.877248
1 0.50858 0.92473 0.0749318 0.0750252 0.877023
2 0.862196 0.64294 0.0763573 0.0762055 0.877015
2 0.0698727 0.349198 0.0740194 0.0731262 0.877001
2 0.172344 0.833973 0.0750791 0.0750165 0.876918
2 0.722644 0.879958 0.0749529 0.0749661 0.876831
0 0.0224292 0.0729258 0.0448584 0.0734377 0.876666
2 0.782251 0.441931 0.0764846 0.0768696 0.876601
1 0.290955 0.52431 0.0735866 0.0735805 0.876404
1 0.500298 0.11137 0.0750189 0.0753887 0.876337
2 0.56996 0.428224 0.0753399 0.0761017 0.876108
1 0.242089 0.0907624 0.0729224 0.0729741 0.875639
1 0.536955 0.905322 0.0760098 0.0755779 0.875543
0 0.651111 0.968185 0.0752773 0.0636295 0.875422
0 0.0617736 0.0311013 0.0724448 0.0614773 0.875106
2 0.566562 0.966699 0.0761649 0.0666016 0.875103
2 0.9013 0.242378 0.0803766 0.0789854 0.874845
0 0.897606 0.0278341 0.080196 0.0556163 0.874783
1 0.773817 0.859133 0.0742212 0.074522 0.874755
1 0.883529 0.733344 0.0749867 0.0753771 0.874711
1 0.647225 0.665266 0.0760355 0.0758942 0.874486
1 0.103427 0.870638 0.0749107 0.0751755 0.874439
0 0.22565 0.405734 0.0716857 0.0730006 0.8736
2 0.600145 0.288517 0.0761194 0.0752378 0.873583
2 0.618806 0.484228 0.0751365 0.0755561 0.873001
2 0.0389043 0.965577 0.0730568 0.0688454 0.872914
2 0.143271 0.254786 0.071951 0.0721707 0.87285
1 0.366814 0.471935 0.0735418 0.0737265 0.872686
1 0.345037 0.608069 0.0739169 0.074301 0.872419
2 0.609171 0.455658 0.0765308 0.0761614 0.872403
2 0.648268 0.273919 0.0752444 0.0751815 0.872331
2 0.854095 0.0690393 0.0810591 0.0798053 0.872126
2 0.18474 0.302891 0.0727434 0.0727111 0.871833
2 0.589861 0.447332 0.0763669 0.076081 0.871407
1 0.460513 0.59034 0.0759051 0.0759043 0.871291
0 0.58788 0.0861604 0.0760014 0.075891 0.871171
2 0.778758 0.45988 0.0756027 0.075573 0.870712
2 0.962901 0.406307 0.0741972 0.0794301 0.870674
0 0.830312 0.48054 0.0769508 0.0774927 0.870547
2 0.837215 0.719207 0.074194 0.0737896 0.870486
2 0.265179 0.802664 0.075334 0.0747419 0.870462
1 0.818074 0.820923 0.0755453 0.0758226 0.869933
2 0.295991 0.298582 0.0753815 0.0747047 0.869844
2 0.856487 0.722574 0.0750595 0.0751841 0.869566
2 0.929664 0.602756 0.0793831 0.0797014 0.869112
1 0.479455 0.0953438 0.0735117 0.0735042 0.869014
2 0.211018 0.450822 0.0735976 0.0738 0.868835
1 0.0484433 0.446913 0.0740229 0.0736844 0.868832
2 0.0816367 0.330448 0.0738662 0.0736365 0.868786
2 0.772782 0.240886 0.0765928 0.0764655 0.868245
1 0.406337 0.250745 0.0759842 0.0771393 0.867877
2 0.642391 0.200888 0.0745151 0.0740272 0.867556
1 0.383299 0.83567 0.0750358 0.0746155 0.867418
0 0.804425 0.041682 0.0776325 0.0777391 0.867029
2 0.861054 0.466873 0.0789356 0.0781999 0.866632
2 0.722066 0.481653 0.0752883 0.0758096 0.866585
0 0.978312 0.145619 0.0428391 0.0794967 0.866039
2 0.711405 0.306728 0.0772812 0.0766566 0.865789
2 0.113331 0.34352 0.0727484 0.0732494 0.865438
1 0.180562 0.542028 0.0740582 0.0740649 0.864459
1 0.279862 0.588761 0.0726222 0.0722837 0.86435
1 0.252542 0.107408 0.0729014 0.0731941 0.864338
2 0.0551611 0.300181 0.0730275 0.0730898 0.864251
2 0.593196 0.968438 0.0754824 0.0631237 0.864012
1 0.253056 0.846428 0.075503 0.0753361 0.863988
2 0.8974 0.162093 0.0795773 0.0797286 0.863905
0 0.0235089 0.0946742 0.046994 0.0739796 0.863889
1 0.898656 0.7412 0.0764509 0.0763239 0.863811
2 0.229034 0.305183 0.0729718 0.0727392 0.863456
2 0.193782 0.0396407 0.0754681 0.0741304 0.862698
1 0.893627 0.705588 0.0753021 0.0759623 0.862686
0 0.720017 0.0189549 0.0763631 0.0379098 0.86224
1 0.360948 0.890859 0.075054 0.0749491 0.861885
1 0.210063 0.577104 0.0740039 0.0741426 0.861548
2 0.701725 0.926066 0.0760532 0.0767536 0.860938
1 0.329497 0.852142 0.0744144 0.074556 0.860931
2 0.930232 0.0403446 0.0837208 0.0806893 0.860861
2 0.718651 0.239066 0.0752584 0.0751142 0.860858
2 0.0471658 0.024241 0.0722976 0.0484819 0.8606
1 0.263395 0.627032 0.0737137 0.0735044 0.85962
2 0.792171 0.0289762 0.0769314 0.0578904 0.859399
1 0.765864 0.645855 0.0770693 0.0770737 0.859017
2 0.629513 0.085804 0.0765657 0.0765929 0.858648
2 0.535272 0.731446 0.0747101 0.075021 0.858353
2 0.581051 0.63721 0.0751275 0.0749214 0.858276
2 0.729966 0.0276094 0.0762695 0.054679 0.858247
2 0.109153 0.100294 0.0736291 0.072909 0.858213
2 0.204336 0.628778 0.0746355 0.074535 0.857792
1 0.678428 0.271542 0.0757929 0.0756408 0.857496
0 0.0401724 0.182802 0.0740687 0.0738563 0.857032
1 0.280573 0.883672 0.0740427 0.0743183 0.856431
2 0.0464056 0.284058 0.0758412 0.0752187 0.856254
2 0.778721 0.165004 0.0780122 0.0775055 0.856095
0 0.853472 0.225475 0.0785767 0.0784941 0.85563
2 0.378325 0.969255 0.0736417 0.0614897 0.855502
2 0.244106 0.381464 0.0742995 0.0747637 0.855278
0 0.031255 0.134312 0.06251 0.0693604 0.855267
2 0.0794722 0.181749 0.0734425 0.0731606 0.855258
2 0.640564 0.117442 0.0750208 0.0747331 0.855006
1 0.574356 0.0297789 0.0734119 0.0594549 0.854554
2 0.832456 0.971087 0.0745523 0.0578262 0.854465
0 0.142416 0.681481 0.0743089 0.0740019 0.854329
2 0.425477 0.863898 0.0753555 0.0751995 0.854293
2 0.974716 0.163121 0.0505672 0.0787991 0.85412
2 0.605184 0.0743176 0.076443 0.0772546 0.853914
2 0.83505 0.429861 0.0779915 0.0775539 0.853361
0 0.967635 0.709455 0.064119 0.0782322 0.853295
1 0.28842 0.914577 0.0747013 0.0748747 0.853125
1 0.34545 0.203898 0.0735751 0.074005 0.852922
1 0.0586253 0.536446 0.0740418 0.0731197 0.851216
1 0.704783 0.77672 0.0748349 0.0744621 0.851092
2 0.525418 0.72176 0.0755771 0.0752691 0.851079
1 0.778812 0.949392 0.0734123 0.0730457 0.850627
0 0.571483 0.5937 0.0746506 0.0749777 0.850607
1 0.271782 0.141093 0.0713495 0.0723185 0.850094
2 0.0247314 0.962176 0.0494627 0.069088 0.849983
2 0.0942748 0.13267 0.0745771 0.0744118 0.849207
0 0.97761 0.59779 0.0441776 0.0752346 0.849121
1 0.384498 0.872117 0.0748182 0.0745665 0.84879
0 0.543349 0.0230629 0.0741571 0.0457802 0.848729
2 0.709268 0.139004 0.0741627 0.0749602 0.848442
2 0.408632 0.634705 0.073929 0.074197 0.848097
2 0.730023 0.0436993 0.0763104 0.0763226 0.848063
0 0.601144 0.601161 0.0774235 0.0773081 0.847457
2 0.452141 0.416324 0.0761486 0.0754801 0.847263
1 0.347189 0.67528 0.0737633 0.074306 0.847159
2 0.645485 0.480844 0.0749633 0.0747199 0.846943
0 0.807182 0.278253 0.077575 0.0774277 0.846131
1 0.367381 0.82071 0.074286 0.0745207 0.845615
1 0.303085 0.90519 0.0744227 0.0745312 0.845408
2 0.231294 0.191071 0.0733684 0.0736962 0.845083
1 0.383737 0.792674 0.0750427 0.0751735 0.844948
2 0.92756 0.82396 0.0783829 0.0784805 0.844894
1 0.607243 0.314985 0.0760349 0.076665 0.84463
2 0.847009 0.353451 0.0798527 0.0798735 0.844329
1 0.677682 0.63468 0.0769012 0.076634 0.844157
2 0.479366 0.760449 0.0754867 0.074453 0.843979
2 0.0306241 0.0214321 0.0601922 0.0428642 0.843539
1 0.0674839 0.792727 0.074455 0.0732988 0.843398
1 0.619961 0.805493 0.0750715 0.0751947 0.842905
2 0.925533 0.351242 0.0830006 0.0826586 0.842722
2 0.628753 0.491009 0.0747788 0.0746924 0.842709
2 0.243059 0.406969 0.0743985 0.0737936 0.84269
1 0.397368 0.904422 0.0747119 0.0740875 0.841843
1 0.0264501 0.844211 0.0529002 0.0743969 0.841811
2 0.704013 0.166427 0.0750992 0.0751282 0.841029
0 0.472656 0.0237702 0.0739317 0.047324 0.840227
1 0.344306 0.870272 0.0747137 0.0743689 0.840057
2 0.249483 0.364203 0.074482 0.0739918 0.839456
0 0.331108 0.416232 0.0740047 0.0734802 0.839168
0 0.96991 0.532536 0.0601793 0.0781348 0.839129
0 0.911344 0.194926 0.0785481 0.0783203 0.838894
0 0.809886 0.0232566 0.076897 0.0464039 0.837869
1 0.927833 0.806058 0.0774055 0.0766035 0.837463
1 0.0752043 0.927076 0.0759346 0.0758905 0.837317
2 0.20547 0.146299 0.0729713 0.072669 0.837142
2 0.960273 0.130404 0.0782803 0.0785789 0.836507
2 0.420627 0.336564 0.0770671 0.0781385 0.836502
2 0.083997 0.598928 0.0746718 0.0736324 0.836498
2 0.542338 0.294729 0.0772274 0.0772014 0.83638
1 0.063141 0.901374 0.0764128 0.0756222 0.836219
0 0.738153 0.0197521 0.0757072 0.0395042 0.835849
1 0.837734 0.869555 0.0757816 0.0751352 0.835529
1 0.730258 0.820338 0.0756127 0.0744629 0.835446
2 0.968674 0.741112 0.062652 0.0766283 0.835203
2 0.498405 0.382172 0.0780714 0.0775534 0.834874
2 0.857715 0.763475 0.0744057 0.0740688 0.834584
1 0.829362 0.92738 0.0746528 0.0746037 0.834488
2 0.284695 0.2772 0.074255 0.0748427 0.834395
1 0.269078 0.566124 0.0725995 0.072823 0.834224
2 0.575371 0.932737 0.0748865 0.0754421 0.833965
2 0.705613 0.97748 0.0759652 0.0450409 0.833361
1 0.425213 0.531772 0.074843 0.0751103 0.833016
0 0.970131 0.052737 0.0597374 0.0805779 0.832813
2 0.113751 0.196396 0.0728213 0.0732264 0.831446
2 0.490052 0.602768 0.075603 0.0747181 0.829889
2 0.554909 0.359706 0.0777248 0.0778544 0.829333
2 0.112074 0.161128 0.0734771 0.0729023 0.829182
0 0.719313 0.112987 0.0758606 0.0761099 0.828098
1 0.0683578 0.472934 0.0744892 0.0747089 0.828033
1 0.347109 0.748331 0.0747161 0.0741911 0.826696
2 0.193441 0.25474 0.0726958 0.0729043 0.826642
1 0.406259 0.0567706 0.0762078 0.0761559 0.82562
1 0.240529 0.510683 0.0735666 0.0724195 0.825292
2 0.635267 0.845801 0.0744954 0.0742676 0.825042
2 0.191548 0.69192 0.0745227 0.0741152 0.822006
2 0.260682 0.722765 0.0738903 0.0738916 0.821743
2 0.748638 0.911761 0.0751309 0.0749275 0.821117
2 0.841284 0.613314 0.0765711 0.0761789 0.81996
1 0.116782 0.837844 0.0750877 0.0753571 0.818095
1 0.794812 0.754883 0.0742585 0.0744966 0.817863
1 0.104678 0.245044 0.0726119 0.0728452 0.817309
1 0.788398 0.833319 0.074383 0.0748848 0.816371
2 0.772906 0.294976 0.0776608 0.0769249 0.816335
2 0.51011 0.298454 0.0784891 0.0781766 0.815282
2 0.0277114 0.156328 0.0552381 0.0723607 0.814962
2 0.797545 0.47816 0.0770323 0.0775093 0.814475
2 0.769925 0.277823 0.0775671 0.0780516 0.813721
1 0.0996726 0.833191 0.0748166 0.0750638 0.813631
2 0.846461 0.704538 0.0754728 0.0747271 0.81274
0 0.279761 0.370046 0.0740513 0.0740159 0.812734
2 0.221874 0.144736 0.0720015 0.0730664 0.812307
2 0.0174965 0.916285 0.0349929 0.0732119 0.811973
0 0.228743 0.791048 0.0746703 0.0743182 0.811725
2 0.679525 0.97599 0.0737844 0.0480209 0.811623
2 0.917123 0.373451 0.0796726 0.0808111 0.811201
2 0.334846 0.930319 0.0744804 0.0740952 0.810763
1 0.0188667 0.813427 0.0376999 0.0697014 0.810686
1 0.24687 0.0253611 0.0718025 0.0506707 0.810587
2 0.60639 0.758838 0.0763347 0.074164 0.810231
1 0.772824 0.72172 0.0741173 0.0742234 0.810067
0 0.224047 0.667701 0.0747124 0.0749568 0.810011
1 0.481014 0.130295 0.0754202 0.074967 0.809693
2 0.532966 0.639049 0.0745014 0.0744674 0.809518
1 0.324357 0.79954 0.0734508 0.0736103 0.809358
2 0.397064 0.968508 0.0731715 0.0629838 0.808489
1 0.37321 0.494666 0.0715907 0.0726727 0.808254
2 0.973316 0.0944336 0.0533686 0.0807702 0.807948
2 0.243 0.0512655 0.0734848 0.0721539 0.807767
0 0.208434 0.0934284 0.0724816 0.0729184 0.807593
1 0.0902034 0.80144 0.0745672 0.075098 0.807551
2 0.219491 0.729251 0.0742424 0.0741102 0.807094
1 0.296766 0.776939 0.074469 0.0738333 0.806033
2 0.556138 0.283298 0.0772388 0.0778113 0.805784
2 0.953753 0.413326 0.0803141 0.0806334 0.8056
2 0.404567 0.974979 0.0749949 0.0500416 0.804798
0 0.973617 0.56993 0.0527664 0.0749325 0.803689
2 0.703514 0.512311 0.0757071 0.0756293 0.803247
2 0.867497 0.60867 0.077537 0.0778469 0.803111
1 0.705403 0.690104 0.0767555 0.0757382 0.8017
2 0.257295 0.244743 0.0748357 0.0743913 0.801597
1 0.0737761 0.823164 0.0733588 0.0731621 0.800896
2 0.767693 0.436534 0.0763159 0.0773418 0.799529
2 0.695659 0.126971 0.0750187 0.0746534 0.799214
1 0.388998 0.546513 0.0739935 0.0744205 0.799113
0 0.30509 0.490896 0.0733928 0.0732901 0.798627
1 0.069752 0.804346 0.0740461 0.0730396 0.798504
2 0.407572 0.422252 0.0763514 0.075667 0.798127
2 0.0677064 0.676193 0.0720092 0.0725913 0.7978
2 0.120903 0.0803776 0.0729432 0.0733892 0.7976
1 0.417459 0.810329 0.0744713 0.0750488 0.797545
2 0.933588 0.548718 0.0805893 0.0820696 0.796745
1 0.0762651 0.702833 0.074227 0.0741981 0.796132
2 0.706209 0.362197 0.0766333 0.076142 0.793584
2 0.107158 0.64895 0.0749178 0.0748903 0.793369
1 0.842961 0.890367 0.0751818 0.0753342 0.792217
1 0.0483017 0.957505 0.0761377 0.0759678 0.790447
2 0.971354 0.342564 0.0572914 0.0806073 0.790286
2 0.443369 0.885094 0.0757669 0.0757145 0.790022
2 0.338555 0.0235932 0.0731121 0.047149 0.788963
2 0.128441 0.777677 0.0740711 0.0743042 0.788668
2 0.761518 0.308403 0.0770258 0.076892 0.788222
1 0.768767 0.682331 0.0757128 0.075684 0.786374
1 0.363718 0.910837 0.0738725 0.0737169 0.786263
2 0.941987 0.391854 0.0803616 0.0803474 0.78611
2 0.808563 0.654121 0.0765423 0.0763569 0.785996
0 0.780281 0.583998 0.0761095 0.0761409 0.784009
0 0.57821 0.795952 0.0755997 0.0749911 0.78369
2 0.741825 0.146296 0.0757685 0.0752306 0.781372
2 0.0771453 0.0265105 0.0722704 0.0527113 0.78028
2 0.42539 0.400602 0.0761473 0.0761124 0.779872
2 0.525487 0.0196483 0.0733559 0.0392966 0.779387
2 0.641565 0.0250174 0.0760567 0.0500348 0.778354
2 0.204717 0.655861 0.0748252 0.074992 0.777403
2 0.504759 0.270045 0.0789164 0.0785571 0.775788
0 0.0624837 0.179963 0.0737121 0.0737939 0.775743
2 0.0343616 0.979666 0.0679071 0.0406036 0.77564
2 0.0270824 0.286585 0.0541648 0.0748268 0.775353
2 0.694227 0.438076 0.0759795 0.0760664 0.77532
2 0.222085 0.768044 0.0737911 0.0738292 0.774917
1 0.108901 0.365658 0.0738208 0.0735419 0.774753
1 0.183108 0.567474 0.0754706 0.0753553 0.773287
2 0.660718 0.141898 0.0756453 0.075243 0.773227
1 0.503862 0.0588685 0.0732487 0.0731407 0.772741
2 0.421758 0.634467 0.0736043 0.0739792 0.77231
2 0.0243778 0.112043 0.0482127 0.0732653 0.771521
2 0.107951 0.05543 0.0719674 0.0720176 0.77148
2 0.086748 0.319833 0.0728376 0.072896 0.769847
1 0.503903 0.978375 0.0730381 0.043249 0.769791
2 0.287207 0.733595 0.0729958 0.0734644 0.769451
2 0.202929 0.819149 0.0738721 0.0748747 0.769382
2 0.747798 0.109204 0.0772625 0.0770948 0.768008
2 0.164838 0.314223 0.0719955 0.0723268 0.767124
1 0.0211103 0.778478 0.0422206 0.0708126 0.765704
1 0.458756 0.686223 0.0755513 0.0758411 0.762734
2 0.49901 0.395841 0.0765759 0.0763435 0.762024
2 0.0407265 0.6304 0.0736589 0.0733185 0.760141
1 0.758111 0.719958 0.0748442 0.0756662 0.759547
2 0.248584 0.210481 0.0726903 0.0734612 0.758102
2 0.849771 0.967005 0.0732307 0.0655621 0.756157
2 0.980395 0.75473 0.0387922 0.0771696 0.755052
1 0.069413 0.854626 0.0719232 0.0722824 0.754937
2 0.508985 0.659289 0.0752744 0.0754753 0.753322
0 0.678101 0.117538 0.0751803 0.0752244 0.75277
2 0.97765 0.415632 0.0446992 0.0803792 0.75171
1 0.800124 0.174821 0.0791731 0.0785743 0.751571
2 0.488499 0.673555 0.0757023 0.0751919 0.751225
2 0.259978 0.256305 0.0752504 0.0743108 0.750748
2 0.908646 0.965861 0.0748095 0.0682783 0.750468
1 0.619288 0.282531 0.0749363 0.0745475 0.749979
1 0.0821031 0.502426 0.0730188 0.0737981 0.748882
1 0.422486 0.937154 0.0750755 0.0752649 0.747458
2 0.547623 0.591501 0.0762523 0.0757979 0.745294
1 0.473551 0.971313 0.0745783 0.057169 0.742046
2 0.93554 0.146251 0.0804583 0.0800328 0.741941
1 0.376511 0.775482 0.0744234 0.0750521 0.741512
2 0.146324 0.84527 0.0749774 0.0752655 0.740547
2 0.961164 0.834956 0.0776714 0.0823851 0.739368
2 0.82014 0.329162 0.0787481 0.0787319 0.737659
1 0.49525 0.788298 0.0738878 0.0740627 0.736714
2 0.551125 0.102651 0.0755255 0.075626 0.736543
1 0.048024 0.316438 0.0728316 0.0727746 0.734282
2 0.962315 0.368688 0.0748734 0.0800854 0.73326
1 0.0329696 0.461124 0.0659392 0.0735514 0.730808
2 0.032017 0.255 0.0640339 0.074365 0.728722
2 0.244445 0.195684 0.0731258 0.072993 0.728013
2 0.235805 0.728025 0.0744395 0.0741283 0.727677
2 0.491272 0.877754 0.0749617 0.0750748 0.725257
2 0.847124 0.112588 0.0798916 0.0802718 0.72437
1 0.242983 0.912283 0.0755119 0.074654 0.723804
2 0.642379 0.625184 0.076104 0.0764658 0.722018
2 0.213283 0.308553 0.0729661 0.0735401 0.721117
2 0.770203 0.524288 0.0758604 0.0761755 0.719985
2 0.607373 0.367419 0.0752718 0.0751112 0.71986
2 0.975371 0.909169 0.0489849 0.0777123 0.717873
2 0.080402 0.0377918 0.0729772 0.0719314 0.717096
2 0.338016 0.184862 0.072923 0.0732718 0.716084
0 0.958602 0.205289 0.0794117 0.0789077 0.715619
1 0.360392 0.966426 0.0718808 0.0671472 0.714926
1 0.194693 0.335849 0.0724569 0.0725861 0.713368
2 0.304401 0.976998 0.0737509 0.0460049 0.710767
2 0.837033 0.556565 0.0790534 0.0777839 0.710266
2 0.191718 0.0294638 0.0737061 0.0587533 0.70829
2 0.53825 0.342575 0.0788372 0.0778455 0.707828
2 0.807168 0.29293 0.0776125 0.076991 0.707161
2 0.0221258 0.628106 0.0442515 0.0726891 0.703013
1 0.0193422 0.590652 0.0386844 0.0702871 0.702432
1 0.437016 0.977584 0.0710215 0.044833 0.702349
1 0.225099 0.563462 0.0720274 0.0717079 0.702267
0 0.520351 0.59737 0.0754786 0.0751473 0.702056
1 0.812101 0.784101 0.0746331 0.0745715 0.700807
1 0.047775 0.761556 0.0719404 0.0732969 0.700751
1 0.651474 0.783589 0.074028 0.0739363 0.700321
2 0.0232298 0.980851 0.0458982 0.0379425 0.698865
0 0.579537 0.826896 0.0742121 0.0755993 0.698777
2 0.0537977 0.161719 0.0738635 0.0734436 0.698222
2 0.549054 0.859511 0.074403 0.0739994 0.696684
1 0.329175 0.561838 0.0719856 0.0716035 0.696671
1 0.709633 0.60999 0.0752188 0.0753345 0.695623
2 0.508007 0.332564 0.079594 0.0787902 0.69317
0 0.960726 0.783193 0.0774694 0.0783949 0.692533
1 0.105395 0.49952 0.0743092 0.0740707 0.690899
1 0.376104 0.445324 0.0737279 0.0740814 0.690242
0 0.866892 0.23309 0.0778397 0.0780816 0.687775
2 0.586442 0.562664 0.075868 0.0759048 0.686819
2 0.261252 0.0428093 0.0728848 0.0728836 0.684122
2 0.847339 0.279186 0.0774578 0.0778216 0.684067
1 0.509838 0.774357 0.0744119 0.0745286 0.681769
2 0.631581 0.0441573 0.0750059 0.0757874 0.681391
0 0.795699 0.67489 0.0754346 0.0744749 0.681324
2 0.806521 0.262616 0.0779819 0.0782142 0.676203
2 0.846818 0.655652 0.076915 0.0762487 0.675937
2 0.474676 0.772471 0.075679 0.0757786 0.672621
2 0.967742 0.510588 0.0643322 0.0798406 0.671718
1 0.48578 0.904431 0.0739286 0.0743919 0.670952
1 0.872562 0.70613 0.074955 0.0750565 0.670019
2 0.151169 0.488593 0.076621 0.0764074 0.664786
1 0.519317 0.961509 0.0757606 0.0741314 0.663518
2 0.55673 0.514998 0.0753965 0.0757582 0.662764
2 0.241057 0.762319 0.0734167 0.073782 0.662689
2 0.802085 0.978933 0.0744892 0.0421332 0.6591
1 0.355906 0.792233 0.0743558 0.0747587 0.658437
2 0.766487 0.0236817 0.0756964 0.0473205 0.656228
2 0.725375 0.968573 0.0750021 0.0628533 0.655447
1 0.0681243 0.676897 0.0748619 0.0740674 0.651248
2 0.187206 0.928594 0.0749728 0.0747208 0.649783
0 0.29238 0.3312 0.0755587 0.0757723 0.649407
1 0.618066 0.855138 0.0741177 0.0748571 0.646745
2 0.778565 0.806112 0.073424 0.0734668 0.643715
2 0.472244 0.281806 0.0807348 0.0796519 0.641533
0 0.843279 0.399384 0.0775579 0.0780745 0.641062
1 0.35717 0.644302 0.0730227 0.0737215 0.638805
1 0.395481 0.780262 0.0741471 0.0741775 0.637951
1 0.325293 0.588895 0.0719042 0.0723347 0.636368
2 0.58244 0.729123 0.0736725 0.0739262 0.634754
2 0.63362 0.791349 0.0738657 0.0742768 0.630969
2 0.468037 0.0414693 0.0745984 0.074009 0.630621
2 0.280525 0.368931 0.0744455 0.074383 0.630184
1 0.473307 0.0819599 0.0741533 0.0745162 0.628394
2 0.558107 0.543811 0.0755384 0.0750463 0.625412
2 0.31703 0.370653 0.07512 0.0749306 0.624579
2 0.595058 0.27901 0.0751574 0.0747203 0.624115
2 0.980538 0.693229 0.0387947 0.0787605 0.623937
2 0.529737 0.13385 0.0763697 0.0758994 0.620905
1 0.477604 0.928662 0.0736755 0.0735584 0.620517
1 0.886684 0.757202 0.0751137 0.0757706 0.617313
0 0.731609 0.118388 0.0760173 0.0756174 0.617074
2 0.934277 0.169283 0.0785831 0.0782368 0.616556
2 0.330236 0.299523 0.0758551 0.0767556 0.615441
2 0.191228 0.01705 0.0713421 0.0341 0.613644
1 0.365369 0.980158 0.0743742 0.0396846 0.611649
0 0.733425 0.229836 0.0759495 0.0763827 0.608236
1 0.126919 0.984564 0.0739289 0.0304182 0.607603
2 0.591325 0.624116 0.0765623 0.0773067 0.596147
1 0.0212147 0.477728 0.0423967 0.071055 0.594363
1 0.0166273 0.571075 0.0331986 0.0684845 0.593869
1 0.0311096 0.757597 0.0622192 0.0727787 0.593799
1 0.573688 0.216573 0.0742104 0.0739803 0.593575
1 0.289492 0.568971 0.0727029 0.0726242 0.58983
0 0.273211 0.34636 0.0746252 0.0741345 0.588387
1 0.312503 0.78637 0.0727542 0.0724377 0.586811
1 0.918767 0.811928 0.0761635 0.0783091 0.585623
0 0.632155 0.0440222 0.0767157 0.0760983 0.581131
2 0.435138 0.374449 0.0774317 0.0771814 0.580664
2 0.511299 0.317767 0.0798819 0.0783092 0.57938
1 0.899942 0.800615 0.076071 0.0759287 0.578614
2 0.980844 0.485659 0.038311 0.078372 0.578353
1 0.726167 0.907791 0.0751258 0.0744164 0.576261
2 0.262923 0.975153 0.0705114 0.0496941 0.576106
1 0.0459462 0.745984 0.071199 0.0717911 0.575661
2 0.774374 0.470811 0.0755335 0.0758472 0.57483
1 0.458524 0.789501 0.0747866 0.0754002 0.574634
1 0.0322615 0.592384 0.064467 0.0714061 0.573066
1 0.14021 0.0850381 0.0723972 0.0729887 0.568609
1 0.428903 0.78843 0.0739663 0.0737528 0.568239
1 0.0673288 0.583641 0.0734575 0.0735031 0.566541
2 0.690903 0.554017 0.0761835 0.0757138 0.565626
2 0.978471 0.391874 0.0430576 0.0808602 0.564516
1 0.514897 0.0659127 0.0718006 0.0724799 0.563125
2 0.893059 0.0798835 0.0816553 0.0804495 0.562411
2 0.717012 0.465413 0.0754448 0.0757889 0.562368
2 0.952194 0.865978 0.0826229 0.0812096 0.557282
2 0.600376 0.977104 0.0754583 0.0457916 0.557196
1 0.123878 0.210251 0.0728618 0.0720567 0.55719
0 0.574958 0.0926606 0.0763302 0.0756717 0.55479
1 0.0383518 0.533567 0.0718685 0.073374 0.554518
1 0.143619 0.0713833 0.0726887 0.0725501 0.553064
0 0.785614 0.06447 0.0782125 0.0774039 0.552838
1 0.322751 0.634099 0.0729283 0.0726577 0.552482
2 0.902942 0.544103 0.0817488 0.0804379 0.551151
2 0.980433 0.844567 0.0391346 0.0819817 0.550065
1 0.305367 0.213559 0.0707299 0.0708176 0.550036
0 0.0386636 0.0590638 0.0722098 0.0740547 0.548812
2 0.822774 0.0297244 0.075518 0.0594488 0.54672
1 0.499077 0.959396 0.0742401 0.0750446 0.546223
1 0.103812 0.890281 0.0748518 0.0750259 0.545984
1 0.0197267 0.750805 0.0390795 0.0717659 0.545402
0 0.858892 0.146634 0.0789181 0.0785784 0.544105
2 0.981936 0.289555 0.0361279 0.0803117 0.544021
1 0.809025 0.93534 0.0740059 0.0739834 0.541771
1 0.635146 0.680432 0.0743626 0.0752854 0.539571
2 0.530377 0.160383 0.0760653 0.0764497 0.533806
1 0.135091 0.320935 0.0715663 0.0715177 0.53364
1 0.410298 0.480819 0.0747375 0.0748878 0.532571
1 0.410091 0.756242 0.0739753 0.0738966 0.532297
0 0.511584 0.38828 0.0771936 0.0778983 0.531322
2 0.39501 0.377676 0.0764496 0.0760194 0.526127
2 0.33016 0.982609 0.0737724 0.0345686 0.521772
2 0.86119 0.675706 0.0756632 0.0760779 0.517096
1 0.22544 0.487655 0.0722235 0.0720826 0.515978
0 0.512463 0.317026 0.0800821 0.0788552 0.512677
1 0.013885 0.20011 0.0276326 0.0727081 0.511378
1 0.353004 0.581877 0.0722142 0.0723938 0.500135
