2 0.751346 0.864031 0.0719584 0.0721418 0.932841
0 0.75985 0.506182 0.0744139 0.0743075 0.929148
0 0.515258 0.895634 0.0727915 0.0733986 0.928709
0 0.868531 0.48746 0.0745447 0.0750288 0.924872
0 0.376635 0.341356 0.0737605 0.0737214 0.924779
0 0.468796 0.899732 0.0729351 0.072451 0.924349
0 0.687216 0.877631 0.0730752 0.0721914 0.923943
0 0.517484 0.875856 0.07338 0.0728954 0.923554
0 0.730808 0.22876 0.074159 0.0740572 0.923532
0 0.387909 0.24714 0.0742359 0.0744628 0.92323
0 0.592146 0.52674 0.0728619 0.0721693 0.922858
0 0.633726 0.772221 0.0716284 0.0721779 0.922412
0 0.69154 0.666868 0.0726479 0.072078 0.921996
0 0.81708 0.576237 0.0744701 0.0735942 0.921613
0 0.933673 0.879916 0.07234 0.0723545 0.921251
0 0.0302978 0.131217 0.0605957 0.0719913 0.920762
2 0.208849 0.834608 0.0739735 0.0741135 0.9197
0 0.495901 0.809375 0.0710605 0.0712356 0.919666
0 0.758419 0.880272 0.0723713 0.0728844 0.918772
0 0.744831 0.844296 0.0721942 0.0718063 0.91856
0 0.280013 0.722871 0.0749815 0.0745197 0.91851
2 0.872589 0.666641 0.0732697 0.0738121 0.918214
0 0.515745 0.719147 0.07195 0.072562 0.917952
0 0.334152 0.623155 0.0737148 0.0737579 0.917888
0 0.164313 0.682794 0.0739152 0.0735895 0.917493
0 0.24318 0.124785 0.0748819 0.0742518 0.91719
0 0.179049 0.108336 0.0737914 0.0725872 0.917111
0 0.27345 0.118804 0.0745948 0.0747114 0.91668
0 0.153769 0.790815 0.0739578 0.0733638 0.915465
2 0.779641 0.255044 0.0754066 0.075688 0.915443
0 0.493799 0.869721 0.0718933 0.0713497 0.915251
0 0.210897 0.0257921 0.0731537 0.0513079 0.914792
2 0.509416 0.80109 0.0716484 0.0712079 0.914753
0 0.147087 0.713033 0.0749793 0.0751155 0.914634
0 0.188921 0.714174 0.074628 0.0750124 0.914422
0 0.960919 0.517444 0.0727675 0.0727564 0.91442
2 0.689986 0.728118 0.072184 0.0721743 0.914112
2 0.777306 0.688699 0.0716471 0.0709762 0.913858
2 0.698654 0.238654 0.0736464 0.0729056 0.913836
0 0.506846 0.607849 0.0730331 0.0732791 0.913659
0 0.876666 0.721104 0.0728657 0.0730678 0.913561
0 0.818496 0.641302 0.0730881 0.0721172 0.91356
2 0.458542 0.81251 0.0718988 0.0711887 0.913524
0 0.302333 0.769348 0.074923 0.0747751 0.91344
0 0.673986 0.664112 0.071916 0.0718132 0.913277
2 0.267999 0.280251 0.073581 0.073166 0.913132
2 0.055262 0.842082 0.0742869 0.0747025 0.91307
2 0.399732 0.725688 0.071891 0.0722719 0.91298
0 0.600674 0.769882 0.0725472 0.0729867 0.912974
0 0.923644 0.253846 0.0743908 0.074931 0.912812
0 0.764015 0.653714 0.0713739 0.0718065 0.912669
2 0.0777258 0.859527 0.0743433 0.0745178 0.912505
0 0.64253 0.682833 0.0723683 0.0722612 0.912421
0 0.72391 0.584846 0.072827 0.0729655 0.912397
0 0.135315 0.60705 0.0743377 0.0743528 0.912388
0 0.277733 0.684114 0.0747002 0.0740114 0.912163
0 0.936761 0.624981 0.0744938 0.0744057 0.9121
2 0.782494 0.903765 0.0733128 0.0729343 0.912066
0 0.754055 0.621887 0.0729301 0.0727146 0.911933
0 0.874773 0.433579 0.0742184 0.0740421 0.911612
2 0.836336 0.876369 0.0716257 0.072139 0.911472
0 0.938215 0.267326 0.0737473 0.0740595 0.910844
0 0.257316 0.697935 0.0740016 0.0739705 0.910555
0 0.56891 0.878491 0.0725945 0.0722401 0.910344
0 0.835211 0.714438 0.0715519 0.0718026 0.91027
0 0.51876 0.58369 0.0733026 0.0726158 0.910211
0 0.784645 0.763326 0.0709327 0.0707543 0.910141
2 0.630259 0.798679 0.0727928 0.0717651 0.910049
0 0.931673 0.599924 0.0746822 0.0740457 0.910004
0 0.893591 0.850306 0.0725121 0.0712933 0.909812
0 0.592066 0.276982 0.0742876 0.0732256 0.90971
2 0.714694 0.256549 0.0732754 0.0730082 0.90965
2 0.256405 0.865523 0.0750949 0.0746201 0.909642
0 0.0985603 0.878039 0.0744496 0.0743357 0.909511
0 0.225612 0.0315687 0.073679 0.0631373 0.909431
0 0.410205 0.818517 0.0720455 0.0727139 0.909419
0 0.243799 0.204447 0.0745885 0.0743905 0.909237
2 0.101435 0.793913 0.0744268 0.0740892 0.909037
0 0.245045 0.243569 0.0742048 0.0745725 0.908987
0 0.734662 0.884482 0.0718218 0.0720001 0.90898
0 0.672577 0.222972 0.0736935 0.0735837 0.90894
0 0.784831 0.887617 0.0724448 0.0731503 0.908885
0 0.828419 0.295351 0.0745596 0.0742647 0.90881
0 0.900452 0.818297 0.0717974 0.0732765 0.908755
2 0.946641 0.691497 0.0739307 0.0739322 0.908562
0 0.134886 0.828825 0.0753724 0.0750732 0.908126
2 0.876729 0.884645 0.0727951 0.072271 0.907488
0 0.442354 0.86814 0.0724117 0.0722179 0.907433
0 0.848524 0.77753 0.0724606 0.0720884 0.907391
2 0.324169 0.861281 0.0738147 0.0730417 0.907263
1 0.694737 0.301258 0.0740681 0.0739002 0.907171
0 0.300441 0.894603 0.0743215 0.074588 0.907147
0 0.856826 0.626584 0.073637 0.0729837 0.906918
0 0.18944 0.736851 0.0756769 0.0752292 0.90679
0 0.888166 0.594392 0.0728735 0.0731316 0.906468
2 0.791945 0.820433 0.0727354 0.0724787 0.906344
0 0.236569 0.149765 0.0742621 0.0737041 0.9062
2 0.744638 0.609689 0.0740314 0.073294 0.9062
0 0.381748 0.310674 0.0736999 0.073868 0.906186
2 0.303952 0.792619 0.0749303 0.0746855 0.906162
1 0.362288 0.63273 0.0737265 0.0743577 0.90609
0 0.299702 0.687399 0.0732196 0.0725968 0.905915
0 0.260119 0.0656012 0.073197 0.0732349 0.9059
2 0.608414 0.034731 0.0717545 0.0692383 0.90579
2 0.475369 0.398843 0.0741936 0.0739983 0.905511
1 0.942134 0.386743 0.0739801 0.0737507 0.905449
2 0.522215 0.682666 0.0711959 0.0713303 0.905421
0 0.229458 0.767498 0.075739 0.0756397 0.905122
0 0.341155 0.355876 0.0738808 0.0739317 0.905102
2 0.79963 0.93279 0.0727459 0.0724907 0.904942
1 0.914218 0.45821 0.07425 0.0741884 0.904785
1 0.919546 0.0772526 0.074905 0.074816 0.904542
0 0.396796 0.686779 0.0719502 0.0718498 0.904541
0 0.243889 0.723977 0.0755081 0.0750592 0.904412
2 0.732038 0.813188 0.0725929 0.0718147 0.904175
2 0.294304 0.295781 0.0729802 0.0727923 0.904161
0 0.404684 0.914072 0.0733322 0.0730648 0.904158
2 0.169857 0.704888 0.0745291 0.0747709 0.904153
2 0.644145 0.715208 0.0726444 0.0719585 0.90414
0 0.869452 0.859235 0.0722679 0.072139 0.904037
2 0.937857 0.0355851 0.0748219 0.0710995 0.904004
2 0.931066 0.721332 0.0718006 0.0721074 0.904001
2 0.536268 0.747758 0.0722383 0.0723545 0.90375
0 0.380099 0.0432006 0.0738605 0.0735259 0.903487
0 0.947299 0.486962 0.0722301 0.072127 0.90346
0 0.181181 0.759484 0.0742918 0.0741468 0.903322
2 0.314593 0.369449 0.0724825 0.0734919 0.90295
0 0.55898 0.794156 0.0713158 0.071693 0.9029
0 0.453398 0.893696 0.0709818 0.0720211 0.902821
0 0.694307 0.652808 0.0722675 0.0723372 0.902698
2 0.0365922 0.848672 0.071408 0.0729225 0.902566
0 0.467577 0.719492 0.0726667 0.0727167 0.902563
0 0.238307 0.808572 0.075072 0.0751123 0.902432
2 0.83027 0.0449794 0.0745949 0.074497 0.902139
0 0.806684 0.566527 0.0728336 0.0728403 0.90213
0 0.301524 0.806836 0.0750027 0.0741688 0.902115
1 0.455264 0.583804 0.0732863 0.0727251 0.902073
2 0.235954 0.2641 0.0728173 0.0727987 0.901903
2 0.921102 0.838396 0.0730377 0.0732662 0.901894
0 0.840826 0.897802 0.0726755 0.0728806 0.901711
2 0.584148 0.634006 0.0721453 0.0718084 0.90169
0 0.261823 0.031014 0.0732231 0.0618852 0.901683
2 0.61933 0.676388 0.0729122 0.0718185 0.901654
0 0.912963 0.551053 0.0728985 0.0728624 0.901571
0 0.560469 0.73551 0.0709722 0.0708577 0.901322
0 0.284933 0.744753 0.0733271 0.0735569 0.901263
0 0.210137 0.126649 0.0734028 0.0738352 0.90118
0 0.382552 0.845589 0.0738381 0.0731907 0.900972
1 0.42202 0.606166 0.0721042 0.0730357 0.900928
2 0.331347 0.787887 0.0737831 0.0734364 0.900725
1 0.755322 0.389102 0.0759452 0.0756074 0.900698
2 0.121533 0.785651 0.0753818 0.0750978 0.900661
0 0.0837699 0.799852 0.0747426 0.0747574 0.900497
2 0.610083 0.646914 0.0722901 0.0725864 0.900397
0 0.738153 0.681638 0.0712023 0.0717278 0.900351
0 0.869679 0.833665 0.0724665 0.071335 0.900119
2 0.568241 0.843577 0.0711848 0.0706991 0.900022
0 0.390993 0.939783 0.0737636 0.0728889 0.899995
0 0.951148 0.808183 0.073385 0.0728151 0.899948
2 0.19628 0.0786845 0.0740018 0.0737288 0.899822
1 0.607175 0.450167 0.0738422 0.0732451 0.899698
2 0.19081 0.33863 0.0726035 0.0724666 0.899433
0 0.829661 0.625188 0.0737726 0.0734179 0.899408
0 0.579782 0.782544 0.0723202 0.0721958 0.899306
1 0.616173 0.473675 0.0736975 0.0728667 0.899275
0 0.697341 0.840748 0.072016 0.0718311 0.899152
0 0.692877 0.863292 0.0739159 0.0734001 0.898986
2 0.533821 0.781289 0.0714637 0.0722618 0.898791
2 0.869208 0.468623 0.0746258 0.0745247 0.898768
0 0.2868 0.21087 0.0754626 0.0750924 0.898653
0 0.748304 0.671148 0.0724504 0.0720683 0.898449
0 0.469779 0.859269 0.071814 0.0715067 0.898437
2 0.435858 0.716099 0.0723443 0.0724937 0.898418
0 0.370372 0.874225 0.0723987 0.0729778 0.898376
1 0.443663 0.645952 0.0738226 0.0730757 0.898294
2 0.86955 0.608444 0.0738186 0.0737722 0.898015
2 0.374716 0.795255 0.0740803 0.0744123 0.897947
2 0.405596 0.668478 0.0732168 0.0728231 0.897944
0 0.594238 0.85013 0.0726645 0.0724094 0.897937
2 0.394198 0.803906 0.0730302 0.0728693 0.897865
0 0.868293 0.690632 0.0729076 0.0733295 0.897845
0 0.635921 0.895338 0.0713888 0.0716827 0.897798
0 0.726685 0.663548 0.0714832 0.0714184 0.897636
2 0.971014 0.613478 0.0577335 0.0721331 0.897524
1 0.959362 0.659672 0.0746204 0.0745373 0.897457
0 0.923431 0.675904 0.0741775 0.0735884 0.89736
2 0.580777 0.844648 0.0712786 0.0710398 0.897293
2 0.736515 0.297692 0.073826 0.0735857 0.897287
0 0.169956 0.0719148 0.0729394 0.0729759 0.897275
0 0.954225 0.772644 0.0744711 0.0738197 0.897111
1 0.281736 0.892612 0.07341 0.0732849 0.897093
2 0.815372 0.603362 0.0724762 0.0730419 0.897069
2 0.533191 0.52841 0.0724563 0.0723892 0.897048
0 0.466617 0.832451 0.0718129 0.071829 0.896885
2 0.358318 0.0250806 0.0731207 0.0498184 0.896691
1 0.776823 0.506185 0.074157 0.0747282 0.896621
0 0.557457 0.665055 0.0727277 0.0720427 0.896585
1 0.290312 0.39712 0.0737019 0.0735569 0.896564
1 0.735897 0.360599 0.0751823 0.0752271 0.89591
2 0.213019 0.711802 0.0739028 0.0738441 0.895881
2 0.384804 0.831562 0.0733877 0.0737898 0.895868
2 0.279062 0.853793 0.0747329 0.0742867 0.895861
2 0.566551 0.310142 0.0737438 0.0733685 0.895781
2 0.477723 0.802088 0.0716558 0.0713234 0.89578
1 0.236682 0.918544 0.0731785 0.0731895 0.895776
2 0.780269 0.928689 0.0740271 0.07388 0.895719
1 0.268509 0.385459 0.0741979 0.0738557 0.895678
2 0.829212 0.826526 0.0733753 0.0727575 0.895596
0 0.416201 0.698805 0.0727839 0.0727035 0.895563
0 0.6545 0.735852 0.0709841 0.0710855 0.895553
0 0.459581 0.764968 0.0719082 0.0718131 0.895341
2 0.817313 0.814593 0.0731403 0.0722428 0.895287
1 0.145853 0.244895 0.0749115 0.0750895 0.895149
0 0.432651 0.803185 0.0729084 0.0713387 0.894705
1 0.0321133 0.908385 0.0642266 0.0752213 0.894656
1 0.0645602 0.938361 0.0756454 0.0757105 0.894526
2 0.822096 0.912547 0.0726761 0.0725632 0.894484
0 0.317579 0.801852 0.0754798 0.0756022 0.894462
1 0.320703 0.401214 0.0744361 0.0741602 0.894379
1 0.131874 0.213704 0.075223 0.0744496 0.894347
0 0.318018 0.756703 0.0732767 0.0736743 0.89415
0 0.348877 0.865545 0.0739855 0.0740295 0.894149
2 0.796461 0.654518 0.0724815 0.0724771 0.894136
2 0.826333 0.852943 0.0727158 0.0729692 0.894094
2 0.1362 0.526585 0.0750766 0.0752675 0.893974
0 0.159784 0.932581 0.0729864 0.0739332 0.893855
1 0.110973 0.853465 0.0753047 0.0749474 0.893851
1 0.228208 0.625539 0.0736912 0.0735491 0.893777
0 0.619392 0.860157 0.0727564 0.0720568 0.893735
2 0.962031 0.749859 0.0741066 0.0734055 0.893734
2 0.321046 0.0353522 0.0741025 0.0707045 0.89362
1 0.678216 0.0741387 0.0738073 0.0738914 0.893578
0 0.146252 0.68023 0.0744948 0.0733183 0.893517
2 0.710001 0.28784 0.0737082 0.0735307 0.893515
2 0.19704 0.701517 0.0748829 0.0753032 0.893402
2 0.402626 0.335363 0.0744466 0.0746261 0.893261
2 0.277396 0.142148 0.0749718 0.0746465 0.893242
0 0.201156 0.887727 0.0732386 0.0739304 0.893203
1 0.103086 0.203418 0.0745947 0.0747266 0.893074
1 0.699313 0.440262 0.075313 0.0756775 0.893001
0 0.197897 0.806516 0.0740015 0.0737565 0.892968
2 0.845886 0.584784 0.0741915 0.0739725 0.89293
2 0.749468 0.946398 0.073086 0.0730679 0.892916
2 0.440288 0.743976 0.0722158 0.0722006 0.892771
2 0.348761 0.0844859 0.0757425 0.0751814 0.892651
1 0.470218 0.0303014 0.0726396 0.0603462 0.892614
0 0.793022 0.680976 0.0726604 0.0728308 0.892482
2 0.273101 0.296673 0.0728537 0.0730381 0.892176
0 0.825865 0.684193 0.0722889 0.072972 0.892007
1 0.419812 0.631345 0.073296 0.0731037 0.891918
2 0.0277908 0.860773 0.0555816 0.0738384 0.891605
2 0.217364 0.217826 0.0736274 0.0731868 0.891445
1 0.727097 0.432814 0.0748816 0.0752475 0.891344
2 0.505266 0.692653 0.0717197 0.0714233 0.891327
1 0.196256 0.364675 0.0722673 0.0723531 0.891299
0 0.816228 0.69034 0.072221 0.0714327 0.891181
2 0.69466 0.769139 0.0730228 0.0728107 0.890983
2 0.510005 0.558307 0.0725393 0.0730996 0.890926
1 0.470014 0.600272 0.0733543 0.0730173 0.89067
0 0.893278 0.524956 0.073867 0.0735865 0.890522
0 0.226299 0.186623 0.0743866 0.0742952 0.890508
2 0.807499 0.720032 0.0714375 0.0711847 0.890459
2 0.547953 0.64519 0.0715494 0.0717234 0.890298
2 0.380472 0.904074 0.0744697 0.0742607 0.890203
1 0.906109 0.394238 0.0734478 0.0732429 0.890177
2 0.846736 0.96664 0.073048 0.0666878 0.890113
1 0.57766 0.486867 0.0720387 0.071353 0.890058
0 0.530518 0.799876 0.0714874 0.071178 0.889986
0 0.736711 0.570338 0.0726051 0.0726261 0.889972
2 0.758842 0.831694 0.0722815 0.0727411 0.889725
2 0.711752 0.679697 0.0715294 0.0718477 0.889544
2 0.478588 0.733751 0.0724665 0.0720103 0.889212
1 0.251583 0.446162 0.0735134 0.0733696 0.889019
2 0.789255 0.840248 0.0712577 0.0716473 0.888857
0 0.433026 0.822977 0.0729389 0.0724651 0.888731
1 0.206244 0.347662 0.0732212 0.0729877 0.888701
1 0.374551 0.434771 0.0748803 0.0746682 0.888683
2 0.237214 0.891211 0.0739496 0.0738655 0.888448
2 0.894513 0.725549 0.0727839 0.0721943 0.888274
1 0.815648 0.407234 0.0748236 0.0744792 0.888239
0 0.859739 0.577152 0.0736923 0.0733032 0.888147
1 0.0804249 0.6561 0.0753066 0.0755654 0.888057
2 0.944732 0.523224 0.0733515 0.0729874 0.887932
0 0.611986 0.729062 0.0715504 0.0721981 0.887784
0 0.416886 0.714647 0.0726472 0.0717485 0.88763
0 0.26247 0.476818 0.0756463 0.0748465 0.887605
1 0.457832 0.609556 0.0720085 0.071858 0.887531
0 0.980537 0.62077 0.0389105 0.0736011 0.88748
2 0.674958 0.801502 0.0718132 0.0718815 0.887346
2 0.0928273 0.816249 0.0743109 0.0749714 0.887115
2 0.428248 0.755593 0.0731967 0.0730589 0.887006
1 0.303149 0.667958 0.0736743 0.0737082 0.88684
2 0.766678 0.730765 0.0723415 0.0717042 0.886581
2 0.814111 0.0489642 0.0750972 0.074844 0.886535
2 0.140849 0.92605 0.0747398 0.0747801 0.886387
0 0.897748 0.762888 0.0721836 0.0712296 0.886308
2 0.391763 0.709509 0.0733235 0.0730896 0.886199
2 0.570802 0.264604 0.0732848 0.0729681 0.886146
2 0.253418 0.0783641 0.074273 0.0738816 0.885978
1 0.0743843 0.686726 0.0746445 0.0744394 0.885888
2 0.721948 0.520992 0.0737127 0.0735954 0.885631
1 0.408413 0.651712 0.0727501 0.0723349 0.885615
2 0.668083 0.766699 0.0729388 0.0717295 0.885602
1 0.331718 0.437494 0.0739783 0.0738764 0.885435
0 0.347232 0.746484 0.0733196 0.0735481 0.885309
2 0.913449 0.749939 0.0721314 0.072225 0.885256
2 0.9394 0.575027 0.0736778 0.0733059 0.884819
2 0.238648 0.468021 0.0737186 0.0740932 0.884539
1 0.803762 0.235613 0.0771902 0.0769422 0.884538
1 0.22581 0.512398 0.0737916 0.0734055 0.88448
2 0.30088 0.136449 0.0738782 0.0738887 0.884376
1 0.0536797 0.594617 0.0738136 0.0739229 0.884108
0 0.539226 0.600968 0.0728924 0.0719795 0.883971
0 0.811215 0.859849 0.0726059 0.0726559 0.883947
1 0.258969 0.526192 0.0753057 0.0752739 0.883597
1 0.9113 0.923479 0.0729515 0.0727812 0.883421
0 0.410517 0.793704 0.072159 0.0730656 0.883374
1 0.690887 0.0591096 0.0739689 0.0738975 0.883295
0 0.64907 0.819706 0.0715622 0.0722985 0.883175
0 0.226248 0.129863 0.0731625 0.0739352 0.883154
2 0.0767492 0.768234 0.0755482 0.0752766 0.882924
2 0.772252 0.864982 0.072411 0.0731264 0.882746
2 0.507285 0.513775 0.0729986 0.0722176 0.882667
2 0.309983 0.0292737 0.073275 0.0585473 0.882641
1 0.383042 0.619048 0.0745702 0.0743811 0.882575
2 0.499319 0.751559 0.0719019 0.0716854 0.882542
1 0.156723 0.283078 0.0746323 0.075275 0.882066
2 0.882629 0.56255 0.0733871 0.0732632 0.882062
0 0.192879 0.154645 0.0749732 0.0747755 0.882048
2 0.158048 0.876852 0.073893 0.0744499 0.88203
2 0.114178 0.817446 0.0753148 0.0751478 0.881992
2 0.378962 0.0233068 0.0735322 0.0466136 0.881675
1 0.961477 0.391478 0.0735104 0.0744131 0.8815
0 0.567916 0.729416 0.071439 0.0717501 0.88134
1 0.0376852 0.964779 0.0728567 0.069976 0.880967
1 0.0985077 0.622773 0.0755463 0.0751989 0.880918
1 0.0342608 0.945058 0.0685217 0.0731239 0.880899
0 0.0872243 0.881175 0.0734172 0.0741701 0.880835
0 0.346972 0.372491 0.0741105 0.0740689 0.880735
2 0.85117 0.477957 0.0739426 0.0738449 0.880364
2 0.535745 0.715523 0.0709307 0.0704033 0.880086
1 0.269014 0.920005 0.0741377 0.0740028 0.879713
2 0.0312587 0.0385803 0.0620501 0.0730679 0.878808
2 0.69065 0.747705 0.073501 0.0729949 0.878584
2 0.751506 0.182464 0.0739111 0.0744987 0.878247
1 0.625812 0.101796 0.0721314 0.0722878 0.878079
1 0.0315863 0.611477 0.0631726 0.0737855 0.878027
1 0.26146 0.407472 0.0728234 0.073963 0.878005
2 0.0497972 0.824127 0.0741611 0.0746254 0.877932
0 0.364076 0.909617 0.0740848 0.0742615 0.877719
2 0.616059 0.069437 0.0713593 0.0718849 0.877715
1 0.760431 0.0682585 0.0759222 0.0757372 0.877654
0 0.300804 0.0370929 0.0732354 0.0717064 0.877286
2 0.921053 0.705164 0.073518 0.0731638 0.877027
0 0.835949 0.679635 0.0724024 0.0734539 0.876922
2 0.945139 0.896192 0.0717447 0.0717449 0.876146
2 0.329967 0.325109 0.0733274 0.0733886 0.875316
2 0.705121 0.820218 0.0721086 0.0722706 0.875183
2 0.65326 0.224129 0.0742975 0.0743474 0.875125
1 0.280945 0.456035 0.0749089 0.0748599 0.875082
2 0.43019 0.416854 0.0743981 0.0745675 0.875037
1 0.0816782 0.16808 0.0736303 0.0736425 0.874988
0 0.620495 0.773728 0.072158 0.0713593 0.874828
1 0.77764 0.393133 0.0756108 0.0754567 0.874653
0 0.691656 0.599195 0.0731211 0.0726303 0.874648
2 0.568907 0.0239669 0.0717903 0.0479042 0.874527
2 0.352063 0.898541 0.0747266 0.0741674 0.87435
2 0.966064 0.584062 0.0675957 0.0733875 0.87406
1 0.931906 0.436031 0.0744629 0.0741833 0.873871
1 0.746917 0.0856822 0.0741529 0.0742888 0.873828
1 0.0652756 0.132776 0.0727788 0.0734215 0.873622
1 0.463486 0.0929471 0.0735022 0.0735939 0.873572
0 0.244864 0.339542 0.0724554 0.0718861 0.873433
1 0.391598 0.136466 0.0735588 0.073276 0.873419
1 0.819875 0.258005 0.0757019 0.0771214 0.873295
1 0.300163 0.611627 0.0743289 0.074791 0.873188
2 0.633471 0.738317 0.0721733 0.0710484 0.872977
0 0.660981 0.595711 0.0722249 0.0729639 0.872834
1 0.851972 0.668405 0.0728966 0.0734745 0.872786
0 0.763882 0.250476 0.0747808 0.0749508 0.87196
1 0.37993 0.568872 0.0747855 0.0745823 0.871863
1 0.853914 0.374238 0.0742027 0.0743286 0.871788
2 0.0780767 0.920602 0.0757413 0.0754192 0.87171
1 0.691346 0.456856 0.0749688 0.0746075 0.871686
1 0.72088 0.0485386 0.0756364 0.075705 0.871678
1 0.27069 0.550265 0.0754958 0.0753279 0.871563
2 0.040145 0.0289305 0.0734052 0.0575273 0.871477
0 0.891676 0.813559 0.0714453 0.0713142 0.871172
2 0.814721 0.672475 0.0723639 0.0727209 0.871072
0 0.658762 0.512813 0.0735229 0.0733586 0.870972
1 0.0397027 0.564969 0.0744646 0.0759045 0.87026
2 0.714193 0.713937 0.072307 0.0717582 0.870216
0 0.752669 0.892949 0.0714846 0.0718933 0.870014
2 0.551789 0.0233367 0.0711348 0.0466175 0.870013
2 0.335758 0.296703 0.0732195 0.0737755 0.869944
2 0.125824 0.0343101 0.0737192 0.0686203 0.869928
2 0.164006 0.845999 0.0745234 0.074453 0.869902
0 0.655515 0.921867 0.0737473 0.0736618 0.86975
1 0.816354 0.197031 0.0761147 0.0765513 0.869282
0 0.547265 0.855799 0.0708913 0.0725384 0.869252
0 0.254993 0.795841 0.0765265 0.0756867 0.869246
0 0.496945 0.853234 0.0717318 0.0718262 0.869169
2 0.641439 0.519338 0.073461 0.0733506 0.86899
0 0.877403 0.909587 0.0726103 0.0724016 0.868176
2 0.607588 0.0637185 0.0699868 0.0700708 0.868004
0 0.294166 0.0913787 0.0742389 0.074372 0.867801
1 0.970541 0.701716 0.0588816 0.0729744 0.86754
1 0.19951 0.409795 0.0746158 0.0745983 0.867416
1 0.714672 0.0298344 0.0738934 0.0596688 0.86726
1 0.0979593 0.959446 0.0742254 0.0743675 0.866683
1 0.338483 0.462013 0.0744034 0.0740581 0.866555
0 0.836918 0.508506 0.0747315 0.0743981 0.866448
1 0.235182 0.960179 0.0724541 0.0736835 0.866444
0 0.918123 0.266741 0.0740429 0.074023 0.866406
2 0.60224 0.917601 0.0720839 0.0721287 0.866364
1 0.68051 0.118693 0.0748936 0.0744356 0.864865
1 0.08678 0.384004 0.0744016 0.0742002 0.864672
2 0.203965 0.188298 0.0748864 0.0747325 0.864666
0 0.560699 0.7503 0.0713742 0.0712494 0.864462
2 0.181209 0.79168 0.0752147 0.0752914 0.864429
0 0.497061 0.634462 0.0729307 0.0731598 0.864334
2 0.8842 0.758413 0.0721127 0.0726491 0.863871
1 0.633958 0.582049 0.0722124 0.0727093 0.863853
2 0.65617 0.0777497 0.071412 0.0718037 0.863545
0 0.20741 0.102918 0.0746365 0.0750713 0.862729
2 0.436236 0.895492 0.0723698 0.0722404 0.862722
0 0.467519 0.885125 0.072224 0.072414 0.86199
0 0.894544 0.830939 0.0724758 0.0722751 0.861869
2 0.439181 0.341699 0.0744918 0.0745437 0.861436
2 0.361716 0.292559 0.0728313 0.072736 0.86105
1 0.0305474 0.148909 0.0610947 0.0721313 0.860835
2 0.337907 0.733366 0.073934 0.0745775 0.860699
1 0.905787 0.416727 0.0736603 0.0727363 0.860655
1 0.899471 0.444515 0.0735262 0.0735067 0.860639
0 0.730468 0.65159 0.0729055 0.0716991 0.860628
0 0.146199 0.0349917 0.073867 0.0699835 0.860313
0 0.974832 0.0335423 0.0496311 0.066983 0.860203
2 0.815233 0.54444 0.0744917 0.0748322 0.859739
2 0.797449 0.588687 0.0732185 0.0738029 0.85964
2 0.412852 0.394566 0.0748962 0.0747449 0.859337
1 0.951028 0.407063 0.0739861 0.074541 0.859145
2 0.532287 0.637621 0.0717506 0.0715779 0.859092
1 0.20751 0.465411 0.0735642 0.0731314 0.858923
0 0.50285 0.436923 0.0725058 0.0725132 0.858905
1 0.981504 0.545097 0.0364681 0.0725145 0.858861
1 0.972046 0.646107 0.0559089 0.0739466 0.858778
2 0.809747 0.516678 0.0733582 0.0748665 0.85866
1 0.0247588 0.477515 0.0495177 0.0711221 0.858506
0 0.932945 0.338808 0.073616 0.0729744 0.858378
1 0.702708 0.203792 0.0742514 0.0743116 0.85818
1 0.753266 0.0429844 0.0762955 0.0760332 0.857924
1 0.489546 0.0808531 0.0726378 0.0729316 0.857743
1 0.0243957 0.930389 0.0487174 0.0753595 0.857481
2 0.024892 0.409565 0.0496539 0.0732218 0.85744
0 0.731567 0.865871 0.072654 0.0719551 0.857015
2 0.573058 0.243802 0.0745803 0.0745729 0.856952
1 0.0817337 0.309498 0.0739761 0.0737662 0.856418
2 0.365624 0.780376 0.074686 0.0749342 0.855901
1 0.043264 0.924984 0.0750692 0.0754787 0.8558
1 0.907776 0.43011 0.0737488 0.0736179 0.855437
1 0.224187 0.967022 0.0728833 0.0659556 0.854937
2 0.592945 0.646566 0.073237 0.0727481 0.854579
0 0.885411 0.835268 0.0717224 0.0720562 0.854508
2 0.480873 0.757902 0.0710596 0.0706739 0.85392
1 0.10552 0.239848 0.0739178 0.0735307 0.85373
1 0.72695 0.0665302 0.0749273 0.0747064 0.853417
1 0.75851 0.414705 0.0755154 0.0750613 0.853297
1 0.0813253 0.464027 0.0745854 0.0741571 0.852461
2 0.0289573 0.0277951 0.0579146 0.0555233 0.852313
2 0.773493 0.717145 0.0711954 0.0707787 0.852019
1 0.17113 0.412969 0.0729717 0.0730924 0.851903
1 0.508335 0.23184 0.0740541 0.0737976 0.851852
0 0.906392 0.533949 0.0734718 0.0735542 0.851427
1 0.0577996 0.070978 0.0733592 0.0738932 0.850897
2 0.974812 0.18988 0.0501026 0.076778 0.850893
2 0.206851 0.310135 0.0726757 0.0714332 0.850734
1 0.530328 0.972313 0.0723884 0.0551224 0.850136
0 0.553941 0.728826 0.0709699 0.0707638 0.849453
2 0.0536422 0.760894 0.0759149 0.0748959 0.848827
1 0.357887 0.460647 0.0747582 0.075382 0.84858
2 0.638842 0.910678 0.0728329 0.0729919 0.848374
0 0.804549 0.731421 0.0728599 0.0725521 0.847882
1 0.976911 0.467218 0.045866 0.0692431 0.847845
2 0.970835 0.778987 0.0583302 0.0743346 0.846227
1 0.215192 0.638614 0.0734597 0.0734463 0.845731
2 0.745075 0.20296 0.0739044 0.0739336 0.845664
1 0.756616 0.440801 0.0761302 0.0756918 0.845313
1 0.466751 0.526491 0.072105 0.0721359 0.844926
2 0.328628 0.0854533 0.0750848 0.0748576 0.844591
1 0.432687 0.151741 0.072908 0.0732549 0.844451
1 0.696365 0.524915 0.0731073 0.0733807 0.844296
0 0.424635 0.108387 0.073021 0.0727298 0.843788
1 0.977339 0.512653 0.0453226 0.0720609 0.843596
1 0.682693 0.501995 0.0730193 0.0733847 0.843098
0 0.593486 0.307495 0.0732503 0.0731506 0.842942
1 0.761304 0.347385 0.074706 0.0742929 0.842371
2 0.369008 0.0296753 0.0723166 0.0593507 0.842305
0 0.818939 0.529558 0.0749424 0.0750038 0.841917
2 0.60409 0.836617 0.0716908 0.0710442 0.84167
2 0.95778 0.532602 0.0731504 0.0729406 0.841543
2 0.92536 0.654062 0.0740854 0.0740484 0.841429
1 0.30979 0.524323 0.0746532 0.0745088 0.841405
1 0.0221106 0.768292 0.0442213 0.0762753 0.841372
2 0.370905 0.758156 0.0730301 0.0730583 0.841232
0 0.428285 0.861879 0.0721419 0.0719429 0.841143
1 0.0433211 0.27785 0.074182 0.0739869 0.841106
0 0.821859 0.0239866 0.0726002 0.0479733 0.841036
2 0.320177 0.123088 0.0741748 0.074111 0.840292
2 0.291746 0.027106 0.0739983 0.054034 0.839705
1 0.375128 0.477074 0.0750719 0.0752529 0.839504
1 0.380683 0.529487 0.0738813 0.0729522 0.839087
2 0.7646 0.607551 0.0727509 0.0731783 0.838756
2 0.916582 0.854853 0.0729767 0.0728668 0.838066
2 0.759529 0.207421 0.0751446 0.0748757 0.837933
2 0.973372 0.523941 0.0532564 0.0723045 0.837868
1 0.97058 0.43189 0.05884 0.0737436 0.837613
2 0.0762375 0.0293844 0.0740506 0.058562 0.836965
1 0.405385 0.152894 0.07528 0.0746132 0.83548
0 0.549666 0.251112 0.0732389 0.0734432 0.835429
0 0.35915 0.686256 0.0730429 0.0716561 0.834813
2 0.564387 0.684905 0.0713907 0.0716192 0.834571
0 0.584465 0.766851 0.0709415 0.0707901 0.834445
1 0.552881 0.124946 0.0739004 0.0730778 0.834219
2 0.332944 0.809529 0.0751316 0.0753612 0.834143
0 0.0674248 0.814486 0.0747884 0.074243 0.834089
2 0.605792 0.235713 0.0727141 0.0725654 0.833409
2 0.29121 0.727697 0.0750176 0.0745682 0.833264
2 0.696784 0.573367 0.0731678 0.0732918 0.833006
1 0.408224 0.174153 0.0741054 0.0732081 0.832637
2 0.0227623 0.108 0.0453379 0.0727102 0.832591
0 0.979365 0.746532 0.0412128 0.0697278 0.8324
1 0.500362 0.264353 0.0736556 0.0733932 0.832358
1 0.613362 0.0894499 0.0710811 0.0704889 0.831997
2 0.196646 0.0186408 0.072532 0.0372817 0.831557
2 0.463829 0.668851 0.072288 0.0730274 0.831318
1 0.819835 0.225101 0.0762407 0.077157 0.830854
1 0.0207357 0.428058 0.0414715 0.0732341 0.830183
2 0.536571 0.768334 0.071887 0.0715637 0.829637
2 0.594235 0.255743 0.0740011 0.0736934 0.829122
0 0.926069 0.794926 0.071702 0.0715579 0.828112
2 0.585745 0.0331043 0.0710571 0.065785 0.828051
2 0.340894 0.835961 0.0740907 0.072809 0.82778
1 0.103334 0.472176 0.0739153 0.0739134 0.827601
2 0.253236 0.320581 0.0720131 0.0725794 0.82731
1 0.0185237 0.829378 0.0370474 0.0733742 0.827203
2 0.140022 0.309846 0.0757377 0.0755002 0.826026
2 0.609065 0.908823 0.0721184 0.07223 0.825259
2 0.162316 0.801224 0.0738585 0.074651 0.824956
0 0.427222 0.979178 0.0731985 0.0416431 0.824888
1 0.958478 0.460416 0.0742989 0.0744102 0.824851
1 0.801274 0.429927 0.074382 0.0747025 0.824849
2 0.830583 0.959883 0.0728453 0.0721035 0.824652
1 0.511975 0.298805 0.0748413 0.0750489 0.82449
2 0.510659 0.913988 0.0724768 0.0717834 0.823774
2 0.329057 0.0189786 0.0730573 0.0379312 0.823245
1 0.212197 0.557923 0.0737354 0.0740713 0.822314
2 0.950675 0.296618 0.0724291 0.0721282 0.822222
2 0.153591 0.741108 0.0747287 0.0752787 0.822052
2 0.24946 0.0978717 0.0734932 0.0731492 0.820874
2 0.160887 0.719904 0.0741499 0.074823 0.820551
1 0.15876 0.532369 0.0741007 0.0743544 0.820328
0 0.588629 0.551673 0.0733904 0.0725631 0.819744
0 0.497208 0.655755 0.0714529 0.0714144 0.81967
1 0.0847102 0.44561 0.0731247 0.0738581 0.818735
0 0.399568 0.856616 0.0720059 0.0716475 0.818565
2 0.559121 0.0420602 0.0699062 0.0699787 0.818499
2 0.147153 0.728444 0.074691 0.0742994 0.818421
1 0.0673576 0.0424902 0.0731271 0.0729365 0.818263
0 0.720872 0.881672 0.0724043 0.0724346 0.817781
2 0.405384 0.0252136 0.072245 0.0504272 0.817217
2 0.977074 0.323165 0.0457344 0.0702561 0.817079
2 0.758869 0.489667 0.0748016 0.074801 0.816575
0 0.441739 0.756778 0.072675 0.072872 0.81652
2 0.972272 0.207631 0.0548519 0.0757097 0.81494
2 0.486554 0.765544 0.0714271 0.0711247 0.813894
1 0.645495 0.560815 0.0722739 0.0716429 0.813078
2 0.184383 0.170265 0.0742894 0.073874 0.812791
0 0.586955 0.67288 0.0717283 0.071874 0.81233
1 0.349722 0.572043 0.0752369 0.0749561 0.811705
1 0.231239 0.683155 0.073101 0.0728507 0.811253
2 0.0205253 0.176791 0.0410076 0.0696499 0.811144
2 0.150598 0.161132 0.074146 0.0734952 0.811126
0 0.568196 0.805354 0.0730799 0.0721407 0.81071
1 0.897863 0.266825 0.0745693 0.0752376 0.810461
0 0.975548 0.820175 0.0487801 0.0723297 0.810285
1 0.840426 0.334483 0.0740402 0.074005 0.808482
1 0.0665431 0.962667 0.0741141 0.072065 0.806768
2 0.376297 0.924466 0.0735399 0.0740986 0.806388
2 0.421393 0.359947 0.0745016 0.0749162 0.806024
1 0.320535 0.484672 0.0743916 0.0752481 0.805691
1 0.0251113 0.329714 0.0502225 0.0755493 0.804697
1 0.380773 0.112989 0.0722785 0.07237 0.804578
0 0.725994 0.475931 0.0739435 0.0737975 0.80439
2 0.121493 0.979079 0.0740619 0.0418423 0.803801
1 0.932622 0.418029 0.0739452 0.074351 0.803096
0 0.21056 0.802854 0.0738956 0.074327 0.802484
1 0.0784216 0.135308 0.0725408 0.0725903 0.801335
0 0.50754 0.846048 0.0716541 0.0719738 0.801017
2 0.589541 0.685961 0.0707285 0.0709885 0.800319
2 0.435367 0.778304 0.0721987 0.0723978 0.800297
2 0.895596 0.866614 0.0721745 0.0720318 0.800209
0 0.781961 0.788976 0.0728113 0.0718595 0.799636
2 0.543485 0.542288 0.0731506 0.0725558 0.799201
2 0.517818 0.0581012 0.0721933 0.0725619 0.799008
0 0.912154 0.525664 0.0736813 0.0738983 0.798738
1 0.225137 0.943191 0.0740028 0.0742353 0.798183
1 0.492273 0.289507 0.0740391 0.0736934 0.797809
1 0.0266153 0.449435 0.0530559 0.0745094 0.79734
2 0.380248 0.967258 0.0726315 0.0652134 0.796707
2 0.543303 0.697497 0.0713615 0.0714199 0.796235
2 0.436511 0.0516689 0.0727573 0.0724402 0.795389
0 0.305054 0.082536 0.0748093 0.0745927 0.795187
1 0.0181715 0.595493 0.0361686 0.0703943 0.795004
0 0.153402 0.763139 0.0747174 0.0754497 0.794447
2 0.600985 0.371492 0.0730274 0.0729918 0.794182
1 0.368293 0.147976 0.0740415 0.0749418 0.794072
2 0.485637 0.0347562 0.0720327 0.0693171 0.792235
1 0.0709778 0.101492 0.0709541 0.0721387 0.791896
2 0.75057 0.711062 0.0714902 0.0709372 0.791697
0 0.523636 0.849762 0.0709482 0.0712879 0.791252
1 0.169694 0.451774 0.075083 0.0743567 0.790624
1 0.783985 0.964576 0.0735325 0.0708475 0.790582
1 0.656533 0.258119 0.0722492 0.0724094 0.790049
1 0.44302 0.167547 0.075071 0.0743342 0.789791
2 0.344984 0.306108 0.0734635 0.0733967 0.789395
2 0.240794 0.357792 0.0711632 0.0705778 0.789089
2 0.340684 0.194086 0.0759103 0.0753037 0.788285
0 0.980246 0.152154 0.0390339 0.0764781 0.787797
1 0.684252 0.321874 0.0723185 0.0726159 0.787463
2 0.279658 0.254013 0.0747075 0.0750201 0.787115
1 0.255446 0.501299 0.074756 0.0749239 0.786469
1 0.345796 0.969865 0.0713991 0.0602318 0.785774
0 0.637499 0.863869 0.0714392 0.0718609 0.784949
1 0.438082 0.503811 0.0737186 0.0736184 0.784143
0 0.852784 0.0406546 0.0731369 0.0731727 0.783405
1 0.100523 0.12929 0.0731216 0.0733804 0.783129
1 0.295154 0.547995 0.0757663 0.0761383 0.782816
2 0.653899 0.911175 0.0732073 0.0732401 0.782696
2 0.214084 0.768033 0.0755207 0.0751636 0.782603
1 0.629246 0.344439 0.0724316 0.0723072 0.781127
2 0.732322 0.721199 0.0711945 0.0711534 0.780392
2 0.0166613 0.407291 0.0332999 0.0723956 0.780217
1 0.506807 0.531654 0.0723885 0.0719362 0.779929
2 0.432546 0.0364244 0.0704777 0.0694024 0.778296
1 0.28529 0.631098 0.0733641 0.0737534 0.778121
2 0.0353923 0.62996 0.0707847 0.0737536 0.777559
1 0.48271 0.980612 0.070208 0.0387754 0.776975
2 0.185022 0.422715 0.073941 0.0738611 0.774434
2 0.254889 0.469345 0.0737019 0.0741514 0.774309
2 0.273125 0.019344 0.0711795 0.0386879 0.773715
2 0.364181 0.322338 0.0731471 0.0726471 0.773674
2 0.925226 0.890029 0.0720568 0.0719479 0.772144
2 0.411653 0.0695673 0.0722328 0.0727554 0.771941
1 0.0447987 0.135715 0.0731291 0.073269 0.771427
2 0.719143 0.607159 0.0711206 0.0725439 0.771057
0 0.268269 0.651052 0.0721885 0.072876 0.770666
2 0.343171 0.280215 0.0741634 0.0742825 0.769971
1 0.116376 0.554189 0.0747811 0.0747055 0.76938
2 0.137342 0.967459 0.072248 0.0650784 0.769083
2 0.179426 0.0331714 0.0740507 0.0663429 0.768649
2 0.979169 0.226179 0.0416611 0.0767704 0.766711
2 0.514725 0.475888 0.0725948 0.0726094 0.76645
1 0.0267752 0.626269 0.0535504 0.0729842 0.765191
1 0.397641 0.186415 0.0730756 0.0723374 0.765006
2 0.426317 0.0252207 0.0703023 0.0504415 0.76384
2 0.926819 0.237087 0.0746876 0.0742562 0.763838
1 0.280398 0.613358 0.0744222 0.0741575 0.762693
1 0.674659 0.443506 0.0737838 0.074851 0.762594
2 0.370873 0.380461 0.0732959 0.0729372 0.759354
1 0.123601 0.0911783 0.0721984 0.0719798 0.759243
2 0.203421 0.90723 0.073258 0.0736509 0.758574
0 0.458417 0.851553 0.0712677 0.0714714 0.758135
1 0.108842 0.75704 0.075647 0.0750425 0.757284
2 0.354085 0.727751 0.0737403 0.0742304 0.756592
1 0.716235 0.975504 0.073299 0.0487732 0.754674
2 0.494682 0.715712 0.0724834 0.0718517 0.754412
2 0.906865 0.0274906 0.0742092 0.0549811 0.754215
1 0.359793 0.543757 0.0750737 0.0749589 0.75033
1 0.378363 0.595562 0.072525 0.0726593 0.750138
1 0.797541 0.977013 0.0735828 0.0459746 0.749472
2 0.372788 0.29571 0.0733749 0.0728656 0.749113
2 0.212544 0.324078 0.071585 0.0718621 0.747825
1 0.823526 0.320357 0.0749539 0.074609 0.745468
1 0.172765 0.601969 0.073999 0.0740731 0.745321
2 0.814604 0.033734 0.0738209 0.0671539 0.744626
0 0.576342 0.754781 0.0716265 0.0714432 0.744606
2 0.0858094 0.527016 0.0756869 0.0751192 0.744577
0 0.958589 0.73215 0.073872 0.0738208 0.743744
0 0.276134 0.0709482 0.0736884 0.073773 0.741916
1 0.711424 0.548268 0.0735973 0.0736361 0.741886
2 0.131889 0.545628 0.0748105 0.0744949 0.737842
2 0.180399 0.805175 0.07378 0.0736179 0.737397
0 0.761657 0.761101 0.0708967 0.0705706 0.734593
1 0.295424 0.371848 0.072025 0.0717024 0.734344
2 0.489713 0.0251986 0.0727324 0.0503865 0.733742
1 0.0831836 0.479308 0.0744556 0.0744219 0.733024
1 0.0208993 0.36519 0.0417986 0.0745758 0.731541
1 0.514228 0.32929 0.073892 0.0743102 0.729403
1 0.728385 0.260676 0.0734776 0.0736609 0.729272
1 0.576512 0.57863 0.0716002 0.0718476 0.727345
1 0.600093 0.208578 0.0729865 0.0727795 0.726873
2 0.956367 0.577042 0.0739344 0.0732328 0.726791
1 0.54118 0.351191 0.0739103 0.0736904 0.726572
0 0.133503 0.719312 0.0747166 0.0746788 0.726535
1 0.166238 0.619899 0.0735665 0.0736435 0.725517
0 0.134544 0.740113 0.0758414 0.0753597 0.725129
2 0.619098 0.766237 0.0723888 0.0721784 0.724737
1 0.308989 0.335008 0.0727251 0.0718581 0.724614
1 0.928007 0.969221 0.072061 0.0612755 0.724021
1 0.208539 0.584783 0.0734786 0.073353 0.723517
2 0.718369 0.900047 0.0726614 0.0717333 0.722609
1 0.0185731 0.962548 0.0371462 0.069293 0.719991
1 0.90517 0.952382 0.0725319 0.071586 0.719274
1 0.827251 0.976697 0.0707604 0.0466051 0.71754
1 0.59081 0.409202 0.0723117 0.072788 0.716077
1 0.343136 0.166789 0.073588 0.0738332 0.715641
1 0.0207964 0.743112 0.0415927 0.0758321 0.714866
0 0.323042 0.832335 0.0734498 0.0735843 0.71429
2 0.0344975 0.0219136 0.0689949 0.0438272 0.713284
2 0.0299272 0.18991 0.0598544 0.0691973 0.713239
2 0.973012 0.908198 0.0535057 0.0713047 0.710967
2 0.891389 0.616654 0.0725468 0.0725649 0.710251
2 0.95154 0.254891 0.0735466 0.0757304 0.710074
1 0.906178 0.0798116 0.0744865 0.0744484 0.709435
2 0.44879 0.459781 0.0751897 0.0749448 0.708712
1 0.533401 0.374692 0.0733555 0.0730207 0.707182
2 0.635076 0.619009 0.0719618 0.0728667 0.706949
2 0.248654 0.883434 0.0732112 0.0739454 0.70671
2 0.374315 0.191173 0.0745955 0.0743019 0.705225
0 0.744263 0.245031 0.0739092 0.0740132 0.702779
2 0.596196 0.0425832 0.0720123 0.0720848 0.701964
1 0.454997 0.96854 0.0706164 0.0628365 0.701086
0 0.981419 0.796915 0.0371517 0.0741506 0.700518
2 0.0817389 0.847306 0.0745461 0.0741745 0.69916
1 0.0163911 0.138772 0.0327821 0.0711522 0.69903
0 0.2842 0.651081 0.0729864 0.0727813 0.698459
2 0.568269 0.456941 0.0717329 0.0724001 0.697824
2 0.181319 0.842137 0.0734615 0.072786 0.696519
0 0.981154 0.335757 0.0376925 0.0726149 0.696427
2 0.396177 0.231148 0.0742024 0.0750665 0.695775
2 0.784657 0.304263 0.0744958 0.0745699 0.694884
0 0.912371 0.352634 0.0724655 0.0720736 0.694409
2 0.51362 0.64434 0.0721119 0.0718254 0.693489
2 0.485067 0.564589 0.0724588 0.0719928 0.690018
1 0.983168 0.0794057 0.0333618 0.0746569 0.688637
1 0.54104 0.289901 0.0744331 0.0731353 0.685028
2 0.762647 0.842904 0.0721424 0.0718025 0.6832
2 0.671488 0.979015 0.0731432 0.0413567 0.682703
2 0.57448 0.298764 0.0728165 0.0728313 0.682342
2 0.481553 0.839468 0.0722595 0.0723434 0.681146
0 0.672967 0.857655 0.0712767 0.0719734 0.68056
2 0.764256 0.784685 0.0701343 0.0710861 0.679498
2 0.229323 0.324799 0.0724264 0.0717534 0.676968
2 0.17616 0.633362 0.0729852 0.0742358 0.676947
2 0.882718 0.981495 0.0737686 0.0367527 0.675272
2 0.700146 0.617193 0.0713405 0.0733626 0.674606
1 0.963405 0.329406 0.0708433 0.0736143 0.674473
1 0.573562 0.21266 0.0728581 0.0725387 0.673377
0 0.976655 0.0250093 0.04669 0.0495252 0.6693
1 0.447734 0.0210146 0.0702097 0.0420291 0.669003
2 0.229097 0.533745 0.0753644 0.0748386 0.667838
1 0.34268 0.413557 0.0757196 0.0750629 0.667569
2 0.531624 0.931338 0.0722761 0.0724325 0.666318
2 0.188457 0.292247 0.0729216 0.0735672 0.665318
1 0.0487703 0.729111 0.0760058 0.0761522 0.664758
2 0.536174 0.0511225 0.0697982 0.0715415 0.661462
2 0.588747 0.367328 0.0732022 0.0738944 0.66051
2 0.854747 0.905017 0.072311 0.0727173 0.660432
2 0.457518 0.907371 0.0722233 0.0728111 0.660198
1 0.0183679 0.213931 0.0367357 0.0690776 0.660122
1 0.834243 0.209828 0.075408 0.0760642 0.660017
2 0.284274 0.0499151 0.0725538 0.0727936 0.657644
1 0.076693 0.34214 0.0740258 0.074727 0.657556
0 0.89871 0.577309 0.0736147 0.0740219 0.65661
2 0.421386 0.965159 0.0721304 0.0688974 0.656508
1 0.972216 0.286479 0.0555681 0.0696888 0.656463
1 0.47052 0.0163425 0.0710639 0.032685 0.656419
0 0.734376 0.590637 0.0729969 0.0732018 0.653685
2 0.0166603 0.122528 0.0333206 0.0708553 0.652792
0 0.385642 0.355592 0.0736105 0.0739146 0.652675
2 0.0238701 0.392265 0.0473814 0.0739677 0.651406
2 0.234817 0.846384 0.0750309 0.0745296 0.651052
2 0.975904 0.172645 0.0481915 0.0755043 0.650311
1 0.457718 0.983687 0.0738842 0.0324768 0.649874
2 0.273506 0.0436436 0.0729105 0.0716928 0.648155
2 0.0169295 0.387004 0.0338252 0.0725374 0.646358
2 0.386952 0.744337 0.0718324 0.0722776 0.646197
1 0.511936 0.205188 0.0721519 0.0721843 0.646102
2 0.169116 0.906954 0.0741822 0.0738373 0.643556
2 0.369088 0.665834 0.0730466 0.0727255 0.643324
0 0.856058 0.721173 0.0721516 0.0728584 0.642516
0 0.537386 0.569819 0.0720671 0.0723934 0.641932
1 0.0582078 0.162898 0.0738508 0.073611 0.641513
1 0.0767243 0.207327 0.073677 0.0736621 0.640844
0 0.443641 0.924978 0.0718471 0.0721483 0.640725
0 0.953833 0.350024 0.0726786 0.0724412 0.639803
2 0.133414 0.719776 0.0749864 0.0751411 0.637185
2 0.593457 0.888823 0.0708468 0.0710361 0.637035
2 0.222651 0.0199868 0.0723723 0.0399735 0.635042
1 0.253999 0.929535 0.0748373 0.0736969 0.63279
2 0.662522 0.105691 0.072423 0.072915 0.631651
1 0.976391 0.258069 0.0471905 0.0744895 0.629286
2 0.973833 0.887087 0.0523336 0.0710487 0.62712
0 0.116179 0.328595 0.0751605 0.0743695 0.626284
2 0.680985 0.616266 0.0718756 0.0716024 0.62034
1 0.619531 0.579552 0.0715082 0.0724924 0.619029
0 0.703284 0.889026 0.0727077 0.0724213 0.618525
0 0.18139 0.841445 0.0740804 0.0744915 0.617961
2 0.32816 0.727045 0.0744736 0.0740413 0.61355
0 0.754943 0.132102 0.0755001 0.0755861 0.612445
0 0.538861 0.726113 0.0715307 0.0708003 0.611141
1 0.0175539 0.566682 0.0351079 0.0697485 0.610501
0 0.672288 0.905087 0.0720209 0.072402 0.608597
2 0.79216 0.620691 0.0710354 0.0719586 0.607329
1 0.606613 0.934316 0.0731674 0.0719852 0.606019
2 0.976077 0.60149 0.0478465 0.0722349 0.606011
2 0.17709 0.391933 0.072752 0.073014 0.605265
1 0.963657 0.315222 0.0709393 0.0736174 0.603636
1 0.786996 0.347966 0.0755051 0.0747067 0.603439
1 0.191572 0.575036 0.0743137 0.07425 0.60137
2 0.433699 0.667043 0.0728268 0.0727812 0.599761
2 0.921307 0.543695 0.0724472 0.0734136 0.598092
0 0.643725 0.834932 0.0716705 0.0720396 0.596415
1 0.0307821 0.130747 0.0615642 0.0699966 0.596025
1 0.635372 0.180647 0.0734214 0.0737076 0.592246
1 0.0140994 0.275546 0.0281988 0.0700005 0.590303
2 0.812454 0.773243 0.0718891 0.0723063 0.589932
2 0.885819 0.647052 0.0726936 0.0721464 0.587634
1 0.771219 0.983202 0.0728016 0.0335957 0.586323
2 0.570563 0.0464677 0.0724473 0.0722262 0.585113
1 0.242649 0.567422 0.0740314 0.0736272 0.584882
2 0.411855 0.318698 0.0743885 0.0761913 0.584651
2 0.846834 0.860481 0.0732632 0.0725164 0.583852
1 0.0663034 0.229333 0.0749803 0.0750858 0.576811
2 0.915434 0.882721 0.072422 0.0728855 0.575089
2 0.42412 0.683621 0.0735387 0.0730939 0.572257
2 0.854338 0.504029 0.0731943 0.0735811 0.567961
0 0.892967 0.679817 0.073311 0.0732455 0.555153
2 0.460892 0.438797 0.0736146 0.0748381 0.553743
2 0.0948577 0.0348492 0.0732839 0.0693348 0.552801
1 0.265205 0.59711 0.072668 0.0730833 0.551915
1 0.31578 0.980138 0.0716918 0.0397242 0.548611
1 0.186668 0.942676 0.0733488 0.0740875 0.54652
1 0.497817 0.546754 0.0717756 0.0719025 0.545075
2 0.590415 0.0915621 0.0710215 0.070318 0.544198
0 0.638107 0.815398 0.0711697 0.0705593 0.543024
2 0.645212 0.399529 0.0748938 0.0742233 0.538406
1 0.468795 0.491061 0.0737208 0.0722558 0.537009
1 0.0751842 0.976477 0.076737 0.0470459 0.536461
0 0.0945627 0.410502 0.074348 0.0736096 0.535315
1 0.925148 0.40996 0.0722466 0.0721921 0.531515
2 0.385801 0.761367 0.0732527 0.0720942 0.52731
0 0.207831 0.0532059 0.0709547 0.071964 0.524434
2 0.330066 0.898115 0.0734031 0.0748604 0.521842
2 0.477134 0.454425 0.0730753 0.07277 0.521632
2 0.0422699 0.414948 0.073962 0.0743476 0.521514
2 0.648146 0.0701436 0.0719831 0.0718881 0.52141
2 0.728907 0.148765 0.0750813 0.0749633 0.52021
2 0.386197 0.354705 0.0727001 0.0727441 0.520005
1 0.701594 0.376931 0.073716 0.0736134 0.519759
1 0.569258 0.409501 0.0717648 0.0727909 0.518691
1 0.599638 0.174695 0.0721561 0.0725129 0.516812
1 0.181822 0.231249 0.0738711 0.0739696 0.515714
2 0.975736 0.849 0.0480419 0.0721989 0.512383
1 0.109659 0.281239 0.0744583 0.0747054 0.511566
2 0.968878 0.13072 0.0619545 0.0761351 0.509095
2 0.8428 0.603131 0.0735252 0.0734295 0.508985
1 0.735854 0.0160784 0.0731751 0.0321569 0.508549
1 0.455575 0.534232 0.0711283 0.0713404 0.505719
1 0.318762 0.647858 0.0727104 0.0725433 0.505122
2 0.698027 0.035838 0.0720093 0.070575 0.504802
0 0.167935 0.083823 0.073025 0.0719491 0.504598
2 0.113494 0.0205302 0.0719411 0.0410604 0.503834
1 0.692411 0.162361 0.0714573 0.07183 0.502265
1 0.212659 0.285054 0.0722223 0.0721425 0.500393
