0 0.455294 0.872737 0.0793405 0.0804491 0.934731
0 0.194561 0.923088 0.0793869 0.0804844 0.931321
2 0.584712 0.926279 0.0800762 0.0802044 0.927547
2 0.0554431 0.948393 0.0769216 0.0778339 0.926157
0 0.846054 0.10633 0.0813288 0.0801642 0.925703
0 0.549326 0.925821 0.0801504 0.0796997 0.924358
1 0.237568 0.739315 0.0809876 0.0814881 0.9241
0 0.393564 0.775265 0.0790632 0.0805553 0.92394
0 0.728832 0.73877 0.0799471 0.0813667 0.923917
2 0.795539 0.828659 0.0793863 0.079727 0.923578
0 0.433152 0.413213 0.0803735 0.0807439 0.921858
2 0.666959 0.118359 0.079207 0.0787557 0.92174
0 0.901017 0.813679 0.0801258 0.0798069 0.921091
0 0.753605 0.645128 0.0800446 0.0793426 0.92067
0 0.649719 0.824957 0.0814476 0.0813431 0.92056
0 0.928998 0.516862 0.0795645 0.0799284 0.920558
0 0.917539 0.825233 0.0791904 0.0795269 0.920523
0 0.919576 0.204057 0.0808142 0.0807585 0.920024
0 0.348749 0.514224 0.0802083 0.0804767 0.91994
0 0.479722 0.383076 0.0790758 0.078384 0.91975
0 0.848595 0.706926 0.0808302 0.0790489 0.919277
2 0.0808914 0.834536 0.078625 0.0788969 0.918944
0 0.903613 0.10289 0.0797215 0.0798428 0.917935
0 0.632433 0.957965 0.0790926 0.0779606 0.917792
0 0.414952 0.40835 0.0799978 0.079054 0.917135
0 0.475823 0.351106 0.0792682 0.0794893 0.916921
0 0.248067 0.763705 0.0804379 0.0802303 0.916184
0 0.825045 0.521209 0.0807234 0.0796115 0.91618
0 0.79018 0.840802 0.0807009 0.0806396 0.915742
0 0.921395 0.753753 0.0782522 0.0783157 0.915691
0 0.432562 0.890473 0.0790962 0.0796202 0.915125
2 0.865456 0.863355 0.0798115 0.0806814 0.914993
2 0.790144 0.772631 0.0802436 0.0803547 0.913985
2 0.604603 0.919038 0.0788244 0.0785961 0.913891
0 0.346931 0.74141 0.0789794 0.0784321 0.913788
0 0.345045 0.715091 0.0783182 0.0787405 0.913605
0 0.574575 0.939888 0.0804554 0.0794361 0.913554
2 0.799436 0.785193 0.0811743 0.0805092 0.91314
0 0.656661 0.938547 0.0791892 0.0794161 0.913099
0 0.0562884 0.354799 0.0776994 0.0776863 0.91294
2 0.619623 0.310323 0.0799042 0.0795916 0.912907
2 0.731435 0.778319 0.079969 0.0809333 0.912588
0 0.699496 0.272451 0.0790783 0.0791356 0.912491
2 0.5738 0.414175 0.0810677 0.0809657 0.911977
0 0.429215 0.5116 0.0796886 0.0803067 0.911886
2 0.656152 0.244453 0.0789269 0.0789074 0.911668
0 0.0780736 0.661409 0.0786858 0.0787649 0.911645
0 0.761329 0.804549 0.0811094 0.0802742 0.911356
0 0.967308 0.353577 0.0652515 0.0805556 0.91093
0 0.710971 0.777562 0.0805901 0.0804298 0.91069
2 0.79444 0.297659 0.0791672 0.079196 0.910193
0 0.371355 0.727311 0.0788167 0.078983 0.91011
0 0.817988 0.336929 0.0803509 0.081559 0.909983
2 0.847768 0.0842048 0.0817554 0.0805482 0.909936
0 0.726949 0.719589 0.0791302 0.0793539 0.909916
2 0.935973 0.498269 0.0804857 0.0812938 0.909852
0 0.679461 0.198882 0.0794069 0.0803189 0.909631
0 0.121758 0.844332 0.0799647 0.0789843 0.909349
0 0.929647 0.466978 0.0793236 0.0799576 0.909298
0 0.961974 0.330172 0.0760517 0.0792749 0.909115
0 0.408006 0.499656 0.0803693 0.0813498 0.908904
0 0.152988 0.810544 0.0800302 0.0800678 0.90885
2 0.325914 0.735808 0.0799241 0.0795082 0.908846
2 0.632071 0.821474 0.0803352 0.0807222 0.908827
0 0.0697775 0.927647 0.0781622 0.0787018 0.908763
2 0.764332 0.656048 0.0808929 0.0790026 0.908762
2 0.342418 0.698145 0.0783187 0.0784279 0.908728
2 0.0613215 0.738469 0.0789693 0.0791872 0.908696
2 0.475458 0.953371 0.0788981 0.0783804 0.908622
0 0.708311 0.814491 0.0802715 0.0810863 0.908546
2 0.43472 0.820017 0.0795186 0.0788311 0.907952
0 0.0338105 0.882844 0.067621 0.0776482 0.907886
0 0.797841 0.667414 0.0811733 0.0800232 0.9078
2 0.929057 0.537822 0.0798946 0.0804179 0.90776
0 0.0579092 0.82093 0.078987 0.0789531 0.907671
2 0.626011 0.290242 0.0806915 0.0806681 0.9075
2 0.69554 0.209671 0.0790409 0.0794698 0.90711
0 0.0861109 0.969962 0.077627 0.0600763 0.906924
2 0.642972 0.116403 0.0798334 0.079788 0.906908
2 0.921905 0.864875 0.0791054 0.0793663 0.906825
2 0.784449 0.0666676 0.0816803 0.0812373 0.906632
0 0.430929 0.930947 0.078813 0.0787453 0.906342
0 0.115439 0.916935 0.078209 0.0780319 0.906278
0 0.460263 0.944138 0.0782124 0.0772186 0.906081
2 0.679142 0.737925 0.0801249 0.0813688 0.90566
0 0.675153 0.790109 0.0822592 0.0813875 0.90561
2 0.650784 0.104901 0.0801197 0.0794003 0.90554
2 0.347337 0.557338 0.0791867 0.0787409 0.905537
2 0.868261 0.881759 0.0788712 0.0788292 0.905452
1 0.743973 0.547947 0.0812937 0.0819521 0.905381
0 0.0811264 0.952 0.0782859 0.0802361 0.904893
0 0.809611 0.808371 0.0792297 0.0795309 0.904819
0 0.797954 0.706637 0.0807256 0.0788025 0.9048
2 0.676499 0.868214 0.0809448 0.0793158 0.90477
2 0.0988557 0.951166 0.0798173 0.0797394 0.904751
0 0.919706 0.0330729 0.0802189 0.0656326 0.904152
0 0.787158 0.274873 0.0806245 0.0811039 0.903914
0 0.219893 0.861326 0.0799961 0.0803276 0.903865
0 0.604479 0.966818 0.078885 0.0663641 0.903806
1 0.845872 0.905626 0.0779659 0.0790339 0.903699
2 0.732825 0.662124 0.0802818 0.0820123 0.903617
0 0.0321433 0.922027 0.0642865 0.0784184 0.903533
0 0.472671 0.934258 0.078451 0.0782022 0.903463
0 0.959724 0.0418042 0.0793327 0.0797426 0.903441
2 0.632203 0.101929 0.0792427 0.0807306 0.903413
0 0.882889 0.0333647 0.0794384 0.0664442 0.903392
0 0.395393 0.927674 0.078552 0.0789097 0.90318
0 0.655355 0.897153 0.0795547 0.0795803 0.903067
2 0.267547 0.753887 0.0793703 0.080125 0.902971
0 0.48666 0.971841 0.0790814 0.0563185 0.902891
0 0.0574416 0.899192 0.0779893 0.0788879 0.902889
2 0.499502 0.863943 0.0809277 0.0807594 0.902792
2 0.670473 0.132872 0.0798448 0.0796375 0.902485
2 0.415481 0.795798 0.0786742 0.0784221 0.902431
0 0.0430314 0.676781 0.0787688 0.0782862 0.902184
2 0.890414 0.517087 0.0792622 0.0791029 0.902123
2 0.361149 0.95994 0.0759085 0.0773659 0.902097
2 0.812414 0.083094 0.0823963 0.0810263 0.901678
0 0.115689 0.944925 0.0788635 0.0781885 0.901608
2 0.850657 0.559817 0.0805851 0.080065 0.901529
2 0.0810407 0.746472 0.078531 0.0789713 0.901516
2 0.510136 0.431433 0.0806381 0.0802631 0.901413
2 0.694938 0.737888 0.0797022 0.0793041 0.901301
2 0.860866 0.0401925 0.0808083 0.0791733 0.90128
2 0.650315 0.308121 0.0806797 0.079514 0.901173
2 0.617028 0.957125 0.0776809 0.078228 0.900963
2 0.334449 0.535251 0.0797386 0.0795729 0.900643
2 0.653216 0.13866 0.0808474 0.0816857 0.900446
2 0.851886 0.771484 0.0807194 0.079628 0.900307
2 0.85933 0.0712616 0.0807133 0.0805808 0.900253
0 0.952435 0.454632 0.0814026 0.0796511 0.900248
2 0.934982 0.44456 0.0815975 0.0806748 0.900079
0 0.771041 0.61806 0.0794497 0.0793123 0.899973
0 0.827436 0.769678 0.0802036 0.0793222 0.899905
1 0.889571 0.279023 0.0813847 0.0805548 0.899556
2 0.333597 0.553037 0.0795599 0.0799841 0.899508
0 0.786218 0.358502 0.0822475 0.0810043 0.8992
2 0.0457807 0.80448 0.0790475 0.0787277 0.899129
2 0.0775913 0.764935 0.0796611 0.0795591 0.899062
2 0.1213 0.875815 0.0795924 0.0802164 0.899029
1 0.742678 0.167088 0.0807594 0.0804487 0.898567
2 0.916985 0.15191 0.0813515 0.081805 0.898539
1 0.36249 0.837781 0.0795961 0.0794283 0.898186
0 0.620543 0.123772 0.0798731 0.0807769 0.898117
0 0.294811 0.922372 0.0796713 0.0801073 0.897991
2 0.492745 0.43104 0.0795452 0.0800203 0.897904
1 0.924063 0.339829 0.0816923 0.0810012 0.897773
0 0.0342168 0.956081 0.0684336 0.0776775 0.897724
0 0.0536605 0.964672 0.0782643 0.0706564 0.897645
1 0.702901 0.552223 0.082048 0.0821339 0.897503
0 0.86918 0.967955 0.0776541 0.0640903 0.897356
2 0.659491 0.744665 0.0810089 0.0799246 0.897327
0 0.801924 0.547827 0.0817951 0.0810471 0.897051
2 0.544894 0.442042 0.0802369 0.0803717 0.896571
0 0.934518 0.61835 0.0801422 0.0789066 0.89656
0 0.0359257 0.9426 0.0717825 0.0778179 0.896354
1 0.0945836 0.708475 0.0781378 0.0778261 0.896349
0 0.028792 0.864382 0.057584 0.0782665 0.89625
0 0.643527 0.175001 0.0800192 0.080756 0.895743
2 0.804465 0.0975731 0.0809048 0.0815859 0.895525
2 0.593697 0.324221 0.0792638 0.0808606 0.89526
2 0.940064 0.788923 0.0783695 0.0786658 0.895192
0 0.0274098 0.828188 0.0548197 0.0774609 0.895104
2 0.642267 0.275513 0.0794656 0.0788475 0.894468
1 0.18735 0.324834 0.0788718 0.0784407 0.894377
2 0.884556 0.864149 0.0796688 0.079763 0.89404
2 0.836413 0.7584 0.0806305 0.0797759 0.893134
0 0.836941 0.507171 0.0804604 0.0794886 0.892861
2 0.249191 0.955621 0.0816776 0.0803761 0.89247
2 0.686295 0.266939 0.0789755 0.0787651 0.892155
2 0.861115 0.111115 0.0805843 0.0808612 0.892124
1 0.166052 0.464922 0.0805598 0.0803946 0.891926
2 0.656355 0.726191 0.0799774 0.0817659 0.891888
1 0.6916 0.647863 0.0816868 0.0817909 0.89177
0 0.753336 0.625856 0.0809398 0.0825124 0.891716
1 0.873076 0.298838 0.0805431 0.0806491 0.891567
1 0.162418 0.366678 0.0795703 0.0786999 0.891454
2 0.0625521 0.610803 0.0787598 0.0781797 0.890815
1 0.850067 0.377067 0.0821604 0.0813553 0.890764
1 0.394226 0.967618 0.0761004 0.064765 0.890667
1 0.762275 0.902108 0.0820146 0.0817375 0.89034
2 0.384067 0.702046 0.0779161 0.0783355 0.8903
2 0.374572 0.554557 0.0778313 0.0782938 0.889936
1 0.916776 0.359831 0.0806652 0.0810694 0.889889
1 0.500999 0.652678 0.0818904 0.0809363 0.889848
2 0.418204 0.752225 0.0787025 0.0800022 0.889766
0 0.941281 0.579026 0.0802906 0.0804329 0.889737
1 0.669525 0.642059 0.0809443 0.0808181 0.889558
2 0.873309 0.0564394 0.0798246 0.0781939 0.889478
2 0.84816 0.842857 0.0810776 0.0796965 0.889084
2 0.417532 0.393121 0.0796696 0.0790911 0.889036
0 0.686255 0.851321 0.0810316 0.0809872 0.889036
1 0.251886 0.442627 0.0813111 0.0807266 0.888859
2 0.708074 0.600795 0.0808151 0.0821313 0.888847
1 0.747169 0.945893 0.0788937 0.0786049 0.888774
1 0.254693 0.101203 0.0790473 0.079471 0.888392
1 0.602772 0.884997 0.0804694 0.0802315 0.888271
0 0.660599 0.84736 0.0812847 0.0807569 0.888091
2 0.0572627 0.630623 0.0774188 0.0773798 0.887373
1 0.322913 0.854364 0.0795506 0.0790415 0.8872
2 0.774468 0.856153 0.0812187 0.0801956 0.887098
2 0.791915 0.311164 0.0795294 0.0800801 0.886911
1 0.786466 0.242747 0.0797007 0.0792973 0.88667
2 0.615466 0.353483 0.0797247 0.0807315 0.886481
2 0.873772 0.850339 0.0786133 0.0784883 0.886329
2 0.198664 0.732095 0.0807013 0.0791856 0.88616
2 0.664809 0.779724 0.0809353 0.0802048 0.886084
2 0.561713 0.450955 0.0814144 0.0816513 0.885746
2 0.638083 0.803752 0.0789862 0.0794451 0.885628
1 0.115453 0.413338 0.0793047 0.078879 0.885571
1 0.865242 0.392107 0.0804602 0.0807514 0.885516
2 0.636487 0.135778 0.0814133 0.0804383 0.885509
0 0.0352775 0.753031 0.070351 0.0767071 0.885285
0 0.512572 0.278673 0.0802361 0.0793094 0.885043
1 0.323839 0.466934 0.0815114 0.0799587 0.884956
1 0.281215 0.649333 0.0799683 0.0813601 0.884697
1 0.689821 0.493416 0.0825627 0.0821116 0.884692
0 0.84825 0.517045 0.0794228 0.0796503 0.884554
2 0.823232 0.390425 0.082272 0.0822078 0.88398
1 0.744272 0.516082 0.080657 0.0804964 0.883665
1 0.547127 0.658435 0.0824348 0.0819015 0.883595
1 0.616549 0.579456 0.0811662 0.081193 0.88273
1 0.625157 0.784515 0.0809504 0.0793851 0.882725
1 0.535046 0.140344 0.0825593 0.081963 0.882697
2 0.814794 0.755672 0.0801203 0.0795666 0.882579
2 0.747088 0.678727 0.0808016 0.0806131 0.882377
1 0.907947 0.32961 0.0798656 0.0799722 0.882228
2 0.0793575 0.625115 0.0775226 0.0778217 0.882146
1 0.267656 0.673339 0.079398 0.079505 0.882101
1 0.428827 0.692437 0.0779649 0.0785208 0.88208
0 0.639912 0.204813 0.080217 0.0785364 0.88169
1 0.936533 0.7629 0.0774097 0.0773826 0.881538
1 0.719374 0.236989 0.0799372 0.0803951 0.881376
1 0.734526 0.0496202 0.0818308 0.0817365 0.881287
1 0.917529 0.271591 0.080706 0.0811849 0.880857
1 0.46122 0.327509 0.0803612 0.0797162 0.880702
1 0.495913 0.631193 0.0799453 0.0803396 0.880608
0 0.234996 0.969816 0.0794053 0.0603682 0.8805
1 0.889213 0.404422 0.0812279 0.0800892 0.880384
2 0.857664 0.617003 0.0804689 0.0799699 0.880344
1 0.255797 0.480975 0.0801017 0.0804901 0.880249
2 0.352404 0.528901 0.079602 0.0787432 0.880224
1 0.79103 0.95267 0.0795635 0.0801823 0.880009
2 0.571566 0.330659 0.0800982 0.0793151 0.879844
1 0.532487 0.690234 0.0799129 0.0795893 0.879726
1 0.934412 0.718678 0.0751537 0.075004 0.879602
1 0.193475 0.944348 0.0785664 0.0782904 0.879259
1 0.472225 0.0295764 0.0802819 0.0591101 0.878893
1 0.538348 0.196017 0.0810078 0.0808131 0.878581
2 0.398514 0.516935 0.0794935 0.0788683 0.878531
0 0.595442 0.412697 0.0802156 0.0816559 0.87833
1 0.500429 0.59951 0.0818398 0.0820377 0.878246
2 0.883488 0.500114 0.080471 0.0819122 0.878059
2 0.797605 0.471398 0.0815598 0.0814926 0.877679
1 0.175182 0.858039 0.0782647 0.0785542 0.877304
1 0.886082 0.324672 0.0804112 0.0806878 0.877257
1 0.522575 0.509773 0.0814455 0.0821533 0.877253
2 0.796015 0.391637 0.0821047 0.0827785 0.877238
2 0.836016 0.294526 0.0812389 0.0799808 0.877005
1 0.777637 0.495309 0.0811169 0.080965 0.876857
1 0.742279 0.230508 0.0802347 0.0804165 0.876747
2 0.583597 0.466261 0.08123 0.0808244 0.876719
1 0.160607 0.495564 0.0805073 0.0800146 0.876585
1 0.643999 0.502788 0.0815014 0.082199 0.876226
0 0.830695 0.706072 0.0798504 0.0794806 0.876114
0 0.495539 0.957298 0.0785969 0.0782814 0.87592
2 0.355445 0.502643 0.0793971 0.0790197 0.875423
1 0.0273275 0.706895 0.0546549 0.0778735 0.875246
2 0.482622 0.837606 0.0788115 0.0804275 0.875125
1 0.942866 0.305529 0.0794413 0.0795155 0.874942
1 0.555092 0.820588 0.0791218 0.078862 0.874871
0 0.655353 0.86406 0.0798221 0.0808998 0.874578
1 0.348058 0.866014 0.0795135 0.0792011 0.874378
1 0.256878 0.895621 0.0799319 0.0800379 0.874205
2 0.355903 0.777856 0.0784966 0.0788003 0.874062
2 0.688986 0.708815 0.0813573 0.080583 0.873995
1 0.426339 0.633584 0.079781 0.0785431 0.87393
2 0.743609 0.657196 0.0795979 0.080201 0.873694
2 0.22324 0.916805 0.0809884 0.079978 0.873629
1 0.266615 0.121162 0.0795724 0.0790519 0.873491
1 0.416861 0.613671 0.0786576 0.079081 0.872784
1 0.373866 0.677607 0.0795266 0.0789169 0.872625
1 0.581111 0.198452 0.0789969 0.0798309 0.872517
2 0.507997 0.38063 0.0786886 0.0785253 0.872195
0 0.939397 0.876106 0.0791143 0.079163 0.871506
2 0.525557 0.959 0.0773466 0.078545 0.871334
0 0.972841 0.247111 0.0543171 0.0813027 0.871112
1 0.546139 0.588408 0.0812401 0.0813994 0.871105
1 0.61308 0.603479 0.0828571 0.0819637 0.870778
1 0.0324236 0.420046 0.0648473 0.0751833 0.870737
1 0.389764 0.829024 0.0801733 0.0788971 0.870274
0 0.967044 0.152947 0.0659116 0.0812787 0.869809
2 0.460148 0.897586 0.0802324 0.0797672 0.869788
1 0.910798 0.565834 0.0807167 0.0802961 0.869486
1 0.171366 0.525536 0.0803679 0.0799656 0.869329
0 0.777556 0.285696 0.0799095 0.0804487 0.868748
1 0.45777 0.0443854 0.0798838 0.0793791 0.86837
1 0.543173 0.35573 0.0789747 0.0796476 0.868156
2 0.679191 0.72133 0.0809135 0.0806448 0.867716
1 0.344234 0.831001 0.0785134 0.0792831 0.867657
1 0.698937 0.523846 0.0820131 0.0822823 0.86738
2 0.726416 0.333903 0.0820702 0.0806624 0.866601
1 0.889624 0.380065 0.0796074 0.0800275 0.866209
0 0.0331811 0.841421 0.0663623 0.0775667 0.866035
2 0.684343 0.300685 0.0795362 0.0793814 0.865828
1 0.676759 0.468592 0.0842729 0.0840794 0.865718
1 0.547895 0.560437 0.0829452 0.0825777 0.865706
0 0.962385 0.513636 0.0750814 0.0784226 0.865695
1 0.528697 0.632548 0.0822343 0.0816982 0.865586
1 0.908406 0.967465 0.0782421 0.0650707 0.86495
2 0.789685 0.341689 0.0797156 0.0794689 0.864822
2 0.065529 0.803575 0.0792219 0.0787495 0.864545
1 0.62171 0.474356 0.0820251 0.0823835 0.86442
1 0.150273 0.433487 0.0797648 0.0789123 0.863506
1 0.699516 0.422264 0.0824488 0.0823103 0.862699
1 0.296363 0.493177 0.0794648 0.0792633 0.862628
1 0.677105 0.540233 0.082852 0.0824953 0.862394
2 0.784904 0.818088 0.0792803 0.0793501 0.86182
2 0.601906 0.34608 0.0807995 0.0800425 0.861454
2 0.815846 0.477975 0.0802726 0.0807291 0.861343
1 0.353352 0.649529 0.0790757 0.0790705 0.861265
1 0.797634 0.169794 0.0822289 0.0811854 0.861022
0 0.341265 0.729235 0.0788645 0.0776953 0.86088
1 0.191451 0.794903 0.0782724 0.0782536 0.86057
0 0.0438339 0.829624 0.0784202 0.078953 0.859437
1 0.871475 0.205436 0.0808788 0.0803839 0.859348
1 0.844285 0.424054 0.0812496 0.0823618 0.859212
1 0.822993 0.943538 0.0799465 0.0786919 0.85919
0 0.827508 0.731178 0.0802927 0.0801788 0.85914
2 0.873302 0.559277 0.0802063 0.0792969 0.859057
1 0.328285 0.497234 0.0788743 0.0785738 0.85855
1 0.73039 0.533959 0.0804818 0.0809319 0.858417
2 0.618457 0.926922 0.0790758 0.0789444 0.857787
1 0.784638 0.0367002 0.0826406 0.0734005 0.857558
1 0.709107 0.860341 0.080662 0.0805014 0.857371
1 0.658377 0.630783 0.0800563 0.0799303 0.856202
2 0.225043 0.754736 0.079443 0.0786584 0.856
2 0.285305 0.82119 0.0797903 0.0794115 0.855295
1 0.272128 0.632861 0.079716 0.0795439 0.855251
1 0.113385 0.644103 0.0782476 0.0781595 0.855061
2 0.835892 0.312988 0.0808262 0.0815888 0.8548
2 0.593618 0.213013 0.0789233 0.0801761 0.854501
1 0.0752767 0.408952 0.0782131 0.078323 0.854454
1 0.402175 0.0897149 0.0784111 0.0788446 0.854151
1 0.811882 0.916732 0.0811035 0.0800589 0.853732
1 0.204312 0.905621 0.0801036 0.0794807 0.853645
1 0.59267 0.792673 0.0798521 0.0796129 0.853404
0 0.121774 0.904917 0.0777954 0.077853 0.852684
1 0.753777 0.458308 0.0806713 0.081527 0.852507
2 0.66919 0.103629 0.078809 0.0789359 0.85237
1 0.610848 0.553208 0.0811619 0.0813148 0.851658
1 0.298583 0.0454638 0.0760512 0.0758474 0.851612
1 0.0573595 0.0665154 0.0762539 0.0766919 0.850803
1 0.527213 0.537624 0.0828774 0.0820591 0.850483
2 0.773546 0.665489 0.0810446 0.0806046 0.850421
0 0.719391 0.515846 0.0802078 0.0817438 0.850209
1 0.179289 0.0399438 0.0769738 0.0765212 0.850201
0 0.798063 0.689737 0.0810458 0.0813446 0.850198
1 0.376453 0.120273 0.0810536 0.0801187 0.850063
1 0.764725 0.0247211 0.0825762 0.0494421 0.849889
1 0.515318 0.562265 0.0813061 0.0823229 0.849831
0 0.725043 0.975133 0.0795975 0.0494556 0.848821
2 0.0483844 0.598426 0.078047 0.0779608 0.848703
1 0.595489 0.35888 0.0793898 0.0790649 0.848654
1 0.667926 0.52456 0.081373 0.0827235 0.848629
1 0.0867019 0.586792 0.0793687 0.0785995 0.84754
2 0.349535 0.623551 0.0792683 0.0793497 0.847414
2 0.503898 0.0932924 0.0805527 0.0813022 0.846773
2 0.0272564 0.910475 0.0545128 0.0793617 0.846362
2 0.358385 0.690561 0.0779415 0.078237 0.846048
2 0.429088 0.185795 0.0815881 0.0815532 0.844918
1 0.864642 0.416849 0.0819374 0.0817341 0.84364
1 0.505824 0.683373 0.0803816 0.080807 0.843348
0 0.975366 0.175362 0.0489992 0.0782287 0.843023
0 0.0210211 0.754067 0.0419365 0.07763 0.842424
1 0.907535 0.292895 0.0799028 0.079631 0.841756
1 0.319147 0.824469 0.0778227 0.0789598 0.841591
1 0.693132 0.945412 0.0790155 0.0790054 0.840893
1 0.169283 0.0307966 0.0780349 0.0613349 0.84047
2 0.372763 0.799302 0.079572 0.0803562 0.839643
2 0.819187 0.652555 0.078994 0.0797958 0.839387
1 0.552215 0.96653 0.0774632 0.0669409 0.839363
1 0.227947 0.821709 0.0805775 0.0806641 0.839033
1 0.455313 0.541986 0.0796954 0.0799772 0.83878
2 0.469557 0.438143 0.0792542 0.079086 0.838735
0 0.94579 0.0665016 0.0801718 0.0812187 0.837159
2 0.971309 0.3748 0.0570806 0.0809262 0.835783
1 0.917897 0.388654 0.0789925 0.0788347 0.835741
1 0.14297 0.0444207 0.0782217 0.0785209 0.83552
0 0.0179309 0.963905 0.0356203 0.0686363 0.835395
1 0.216014 0.0328643 0.07767 0.0657285 0.835174
2 0.716936 0.746184 0.0789241 0.0791868 0.83517
1 0.0347028 0.376777 0.0692308 0.0761645 0.8348
2 0.839342 0.466959 0.080892 0.0808197 0.834621
2 0.252744 0.713314 0.0785042 0.0786496 0.834131
0 0.0292424 0.850767 0.0583867 0.0755657 0.834065
1 0.289478 0.965889 0.0798162 0.0682182 0.834054
2 0.40162 0.435511 0.0814827 0.0810345 0.832149
1 0.749873 0.96698 0.0807033 0.0660393 0.832084
1 0.0984916 0.113256 0.0784446 0.0791189 0.83206
1 0.642467 0.0379739 0.0784607 0.0745587 0.831325
2 0.879727 0.547859 0.079674 0.079446 0.830823
2 0.690321 0.978189 0.0789406 0.0435562 0.830738
2 0.787781 0.411404 0.0822615 0.0828099 0.830498
2 0.730696 0.315245 0.0797903 0.0802953 0.830073
2 0.400624 0.887689 0.0796832 0.0805025 0.829913
2 0.965416 0.873818 0.0691675 0.0766098 0.82987
1 0.61912 0.520337 0.0812922 0.0816874 0.829817
2 0.851992 0.536233 0.080098 0.0802631 0.829601
2 0.564371 0.624334 0.0831558 0.0824545 0.8292
1 0.750285 0.0347445 0.0829187 0.0692977 0.829168
2 0.808168 0.40563 0.0800844 0.0808388 0.82748
1 0.260162 0.834399 0.0801937 0.0800194 0.827336
1 0.629262 0.0269689 0.0788553 0.0539377 0.826578
1 0.357498 0.0677198 0.0784704 0.0789366 0.826318
2 0.590014 0.278348 0.0806505 0.0801564 0.825034
1 0.484564 0.665538 0.0800249 0.0796274 0.824201
2 0.961295 0.52776 0.0774098 0.0797041 0.823765
2 0.698004 0.966854 0.0768429 0.0662927 0.823683
2 0.506211 0.400996 0.0788006 0.0783766 0.823303
0 0.753944 0.749206 0.0792207 0.0801966 0.823028
1 0.631837 0.571877 0.0810429 0.0816555 0.821962
1 0.0951566 0.0906466 0.078613 0.0782409 0.821953
0 0.324569 0.97811 0.0790009 0.0437807 0.821889
2 0.664568 0.760856 0.0789433 0.078841 0.820705
1 0.407999 0.314535 0.0794914 0.0804725 0.820596
1 0.644127 0.61439 0.0809242 0.0818258 0.819991
0 0.954225 0.892171 0.0770195 0.0764618 0.819783
1 0.113102 0.0260579 0.0784544 0.05211 0.818819
1 0.594482 0.609954 0.0812058 0.0821766 0.81842
2 0.745014 0.566127 0.0804678 0.0818507 0.817959
2 0.50543 0.978579 0.0785347 0.0428414 0.817291
1 0.107679 0.480342 0.0774843 0.0777676 0.817162
1 0.604438 0.508245 0.0813525 0.0810535 0.815586
1 0.756783 0.245367 0.0791913 0.0788821 0.81544
1 0.731649 0.904827 0.0797356 0.0802513 0.813274
2 0.0384372 0.859366 0.075967 0.0780455 0.812848
1 0.513982 0.0260911 0.0793642 0.0521331 0.811509
1 0.438524 0.451193 0.0822716 0.0824552 0.811373
1 0.266458 0.150972 0.0786792 0.0782075 0.811148
1 0.0934083 0.0256395 0.0774482 0.0512791 0.810762
2 0.683666 0.69251 0.0804708 0.0801043 0.810247
1 0.594082 0.754365 0.079236 0.0790146 0.80967
1 0.11987 0.0642651 0.0781785 0.0780286 0.808501
2 0.431599 0.108882 0.0798794 0.080492 0.807564
0 0.375878 0.979615 0.0764722 0.0407705 0.806642
1 0.484881 0.515065 0.0806705 0.0804677 0.806428
2 0.150449 0.72402 0.0798281 0.0803935 0.804762
1 0.975315 0.482431 0.0490517 0.0761255 0.803952
2 0.283176 0.833793 0.0795893 0.0792379 0.803242
1 0.172385 0.788748 0.0787167 0.0793854 0.802585
2 0.906302 0.076597 0.0804005 0.0814551 0.801617
2 0.823503 0.0999674 0.0805258 0.0821919 0.801599
1 0.151425 0.129564 0.0772225 0.0771602 0.801458
1 0.0815837 0.544854 0.0780015 0.0777472 0.801424
1 0.775848 0.113762 0.0799505 0.0803174 0.800828
1 0.66065 0.387913 0.0820839 0.081763 0.800567
2 0.670658 0.80479 0.0806233 0.0798512 0.800433
1 0.388066 0.29021 0.0797879 0.0796698 0.799955
2 0.0429429 0.612896 0.0785378 0.0787143 0.799349
2 0.837365 0.0669269 0.079887 0.0798204 0.799212
1 0.625869 0.850464 0.0805179 0.0806936 0.798594
2 0.979189 0.365612 0.041481 0.080782 0.797261
0 0.0201904 0.975551 0.040377 0.0474545 0.796963
1 0.0601265 0.408476 0.0785654 0.0786745 0.794916
0 0.832189 0.487124 0.079314 0.0795573 0.794646
1 0.149693 0.0241864 0.0774762 0.0483727 0.794184
1 0.86909 0.348966 0.0797157 0.0808739 0.792572
2 0.173551 0.934003 0.0806905 0.080344 0.790504
2 0.371051 0.708247 0.0782232 0.0780424 0.789245
2 0.732243 0.259495 0.0796535 0.0795885 0.788539
1 0.241236 0.142565 0.0790031 0.0788552 0.788515
1 0.445055 0.714279 0.0785314 0.079624 0.787834
2 0.336771 0.137221 0.0809667 0.0808015 0.786469
1 0.717156 0.839229 0.0813372 0.0821739 0.785991
2 0.81242 0.0576963 0.0822125 0.0814579 0.785537
1 0.728023 0.956735 0.0785992 0.0784552 0.784131
1 0.156976 0.979793 0.0765413 0.0403719 0.783485
2 0.207017 0.882842 0.0792417 0.0796158 0.782036
1 0.897923 0.91678 0.077676 0.0775457 0.781168
1 0.329186 0.345312 0.0802112 0.0796899 0.780791
2 0.951018 0.688019 0.0764919 0.0770466 0.78051
0 0.964758 0.0282011 0.0704835 0.056261 0.779978
2 0.0857874 0.616706 0.0786519 0.0783365 0.779155
0 0.0579099 0.870476 0.076922 0.0771439 0.778763
1 0.424229 0.0629801 0.0814424 0.0818982 0.778014
1 0.638164 0.443022 0.0808037 0.0805521 0.777031
2 0.445743 0.132675 0.0810129 0.0811176 0.776801
1 0.154374 0.0332114 0.0775872 0.0664229 0.776447
1 0.0422825 0.0465141 0.0778712 0.0775957 0.773934
2 0.124143 0.709161 0.0800271 0.0790441 0.773512
1 0.551437 0.774065 0.0791685 0.0799743 0.773155
0 0.531583 0.917902 0.079446 0.0792313 0.773155
2 0.656611 0.283632 0.0790218 0.0790003 0.772845
2 0.730002 0.589853 0.0806243 0.0813969 0.772076
0 0.363429 0.974336 0.0776717 0.0511864 0.771497
0 0.957008 0.848262 0.0763952 0.0762211 0.771055
1 0.9545 0.596358 0.0776268 0.0780794 0.770714
2 0.360609 0.167035 0.0812728 0.0806037 0.766971
1 0.666065 0.508131 0.0816034 0.0815622 0.764879
1 0.854544 0.689769 0.0794817 0.0803872 0.763205
1 0.0886567 0.488696 0.0795063 0.0793598 0.762018
1 0.865595 0.160616 0.0812813 0.081871 0.762013
1 0.555513 0.712469 0.0788857 0.0789898 0.761876
2 0.722931 0.291995 0.0810202 0.0799827 0.761046
2 0.0702982 0.237069 0.0776175 0.0785023 0.760328
1 0.57043 0.0278454 0.0798757 0.0556907 0.75677
1 0.542872 0.167697 0.0814468 0.0816104 0.755797
1 0.154311 0.0650129 0.0777545 0.0778879 0.753637
2 0.709769 0.686319 0.0813345 0.0816604 0.75334
1 0.861659 0.449693 0.0817593 0.0818708 0.748155
2 0.758424 0.715683 0.080146 0.0804495 0.748132
1 0.0305132 0.394201 0.0610264 0.0803934 0.74665
1 0.604465 0.0314561 0.0794211 0.062501 0.743154
0 0.0976759 0.666186 0.078529 0.0785212 0.741599
2 0.229291 0.948597 0.0802567 0.0812405 0.740567
1 0.163325 0.0846357 0.0788502 0.0786749 0.740376
1 0.29501 0.331681 0.0786057 0.0786606 0.739766
1 0.264838 0.964137 0.0804611 0.0717254 0.739571
1 0.303637 0.798768 0.0788046 0.0793055 0.738496
2 0.434665 0.964787 0.0766758 0.0704266 0.737242
1 0.384463 0.904857 0.0783201 0.0787868 0.735826
1 0.222936 0.022677 0.0774173 0.045354 0.734393
1 0.069372 0.0256947 0.0760464 0.0513893 0.733047
1 0.0849303 0.0728117 0.0793748 0.0800263 0.732282
1 0.541184 0.475341 0.0807835 0.0812112 0.731332
0 0.420196 0.981077 0.0769278 0.0378452 0.728141
1 0.76431 0.935136 0.0811837 0.0810951 0.727235
2 0.428216 0.747363 0.079821 0.0802761 0.72663
2 0.529532 0.0950926 0.0804088 0.0806479 0.726181
1 0.279217 0.498846 0.0797012 0.0814938 0.725807
1 0.279966 0.981478 0.0787988 0.0370448 0.723811
2 0.793512 0.574415 0.0789602 0.0795359 0.722394
1 0.339435 0.905117 0.0785118 0.0783028 0.721132
1 0.231742 0.0663006 0.0766393 0.0764685 0.720866
2 0.359915 0.788789 0.0804893 0.0798753 0.719809
2 0.808284 0.303075 0.0801359 0.0799757 0.719409
1 0.490038 0.176108 0.080295 0.0796619 0.717476
1 0.180868 0.672421 0.0794838 0.0800063 0.713474
1 0.909811 0.885481 0.0783096 0.0780315 0.709274
1 0.972362 0.649484 0.0552752 0.0741303 0.70887
2 0.095103 0.637188 0.0779418 0.0790922 0.708724
2 0.433198 0.867041 0.0799332 0.079834 0.706122
2 0.0399817 0.64848 0.0761898 0.0756635 0.701325
1 0.549993 0.801201 0.0785136 0.078849 0.70058
2 0.67133 0.823649 0.0802162 0.0805286 0.698081
2 0.27387 0.734668 0.0801118 0.0803469 0.697992
1 0.213628 0.060589 0.0773248 0.0774022 0.697297
1 0.582606 0.0703788 0.08032 0.0798828 0.69492
2 0.829692 0.246349 0.0809732 0.0806655 0.693916
2 0.827999 0.601778 0.0799503 0.0804889 0.689192
1 0.0679704 0.0363939 0.0771101 0.0721541 0.686308
2 0.769304 0.831883 0.0797979 0.0793133 0.686003
1 0.612369 0.0183741 0.0788421 0.0367483 0.684183
1 0.0230105 0.297207 0.046011 0.0776239 0.683838
1 0.835393 0.970971 0.0784826 0.0580583 0.68049
1 0.949454 0.719137 0.0757511 0.0759495 0.678788
2 0.976311 0.294165 0.0473775 0.0808178 0.678533
2 0.870296 0.750033 0.0790247 0.0790868 0.677973
0 0.974868 0.855276 0.050243 0.0749928 0.677667
2 0.569069 0.975025 0.0785265 0.0496441 0.673604
1 0.687524 0.329351 0.0804951 0.0800874 0.67124
2 0.541116 0.334719 0.0793819 0.0806642 0.670141
0 0.804083 0.323886 0.0796574 0.0807489 0.670074
2 0.84007 0.649748 0.07948 0.0788505 0.670017
2 0.854191 0.952943 0.0781862 0.0779469 0.669979
2 0.86142 0.826945 0.080592 0.0803331 0.669381
2 0.884904 0.134077 0.0802063 0.0806581 0.669177
1 0.279856 0.0552375 0.0760697 0.0763399 0.668742
1 0.481068 0.810753 0.0790105 0.0790041 0.668125
1 0.133658 0.476836 0.0793075 0.0794164 0.667343
1 0.0944849 0.045497 0.0778936 0.0778341 0.666771
2 0.398649 0.205979 0.0812673 0.0805707 0.664641
0 0.739416 0.623828 0.0807297 0.0803308 0.664019
2 0.0296256 0.619036 0.0592511 0.0786449 0.661809
1 0.979559 0.525238 0.0398338 0.0761183 0.660028
2 0.325853 0.937717 0.0780611 0.0785908 0.659081
2 0.68242 0.770401 0.0795342 0.0791668 0.65645
1 0.261741 0.502891 0.0810964 0.0808749 0.652071
1 0.468755 0.527732 0.0793362 0.0796524 0.651915
1 0.455985 0.676571 0.0795752 0.0795826 0.648797
1 0.239278 0.408396 0.0818751 0.0806158 0.64822
1 0.146778 0.927213 0.0791221 0.0796837 0.648164
2 0.433912 0.565801 0.0795836 0.0788326 0.641977
0 0.351292 0.15129 0.078863 0.0789344 0.641554
2 0.059062 0.250639 0.0767892 0.0767284 0.639544
0 0.750735 0.301654 0.0791264 0.0795865 0.638958
2 0.415907 0.164793 0.0818293 0.0817702 0.63877
2 0.840207 0.186748 0.0812174 0.0811819 0.638217
0 0.377901 0.772862 0.0783924 0.0790602 0.63789
1 0.528492 0.813681 0.0783081 0.0783548 0.63744
1 0.280646 0.0279217 0.0736892 0.0557942 0.636099
1 0.442812 0.686346 0.0788708 0.0794246 0.632827
1 0.693671 0.898674 0.0787287 0.0787115 0.630516
2 0.502272 0.971439 0.0800035 0.057122 0.628601
1 0.981497 0.751869 0.0363918 0.0766699 0.626595
2 0.0329098 0.8001 0.0658197 0.0780226 0.621022
1 0.979815 0.585559 0.0395893 0.0752644 0.620053
1 0.291801 0.0176036 0.0763503 0.0352073 0.61828
1 0.566062 0.0362336 0.0797383 0.0722641 0.616389
1 0.270627 0.0179906 0.0767943 0.0359812 0.613899
2 0.75795 0.574997 0.0798307 0.0813669 0.613377
1 0.977945 0.609519 0.0434917 0.0750252 0.610921
1 0.522 0.246499 0.0787024 0.0784571 0.610318
2 0.580466 0.844686 0.0806757 0.0801535 0.609108
1 0.0614909 0.523107 0.0810049 0.0802084 0.607257
2 0.975338 0.876848 0.049325 0.0751747 0.606234
1 0.529935 0.225834 0.08057 0.0809654 0.605558
2 0.41163 0.894674 0.0798882 0.0794086 0.603662
1 0.526726 0.737013 0.077419 0.078211 0.601892
2 0.414507 0.468202 0.0814823 0.0812012 0.600833
1 0.271715 0.178966 0.0785721 0.0786292 0.599667
1 0.21535 0.402328 0.079244 0.0789824 0.599621
2 0.615874 0.216862 0.0795969 0.0790967 0.598634
1 0.437061 0.0814638 0.0797756 0.0790829 0.596718
1 0.0388493 0.19629 0.0767573 0.0775556 0.595436
1 0.103371 0.388418 0.0776286 0.0782261 0.594964
1 0.984909 0.422106 0.0297215 0.0784158 0.592698
2 0.893583 0.634536 0.0808685 0.0805431 0.592396
1 0.7791 0.535825 0.0805037 0.0812978 0.591413
2 0.8559 0.189057 0.0807823 0.0818384 0.590513
1 0.496184 0.212547 0.0791393 0.0789 0.59022
1 0.407865 0.0440202 0.0800556 0.079228 0.588477
1 0.757129 0.920572 0.0801251 0.0803123 0.587955
2 0.532809 0.280007 0.0790809 0.07942 0.586915
1 0.539003 0.0356082 0.0793028 0.0708863 0.584043
1 0.77578 0.97388 0.0761942 0.0522409 0.583277
1 0.278376 0.516579 0.0790439 0.0789293 0.58241
2 0.022462 0.803366 0.044924 0.0760851 0.581589
1 0.158713 0.390676 0.0777086 0.0777867 0.580877
2 0.0181126 0.592798 0.0362252 0.0762994 0.579902
1 0.59598 0.685765 0.0812215 0.0815846 0.579753
0 0.0245757 0.947749 0.048857 0.0739908 0.577619
2 0.102502 0.6918 0.0797423 0.0787104 0.576473
1 0.973489 0.745438 0.0523277 0.0745567 0.575381
0 0.917395 0.180329 0.0806564 0.0797868 0.574621
2 0.663984 0.980354 0.0797625 0.0391273 0.570572
1 0.565154 0.018384 0.0774419 0.036768 0.568915
2 0.669443 0.352057 0.0797063 0.0811491 0.566238
1 0.0240747 0.438722 0.048072 0.0723581 0.564903
1 0.958788 0.935727 0.075152 0.0765396 0.564889
2 0.742568 0.421204 0.0845389 0.0849108 0.56101
2 0.981847 0.320739 0.0360168 0.0794738 0.551111
2 0.0869521 0.919063 0.0787164 0.0778881 0.550908
0 0.978027 0.288317 0.0437843 0.0807903 0.550329
1 0.487475 0.117642 0.0821819 0.0808501 0.550155
0 0.964499 0.783712 0.0708683 0.0781006 0.546809
2 0.957743 0.658035 0.0752899 0.0761141 0.545323
1 0.178035 0.39924 0.0780368 0.077855 0.543284
1 0.104001 0.168962 0.0787428 0.0788613 0.542049
1 0.412819 0.130935 0.0815014 0.0807862 0.541793
0 0.650158 0.372883 0.0809072 0.0811272 0.541135
1 0.236757 0.38084 0.0781345 0.0784835 0.534407
2 0.915757 0.726647 0.0780165 0.0791031 0.530412
1 0.982717 0.504172 0.0342014 0.0785965 0.530297
0 0.861633 0.826044 0.0799213 0.0801077 0.528681
1 0.97779 0.453312 0.0434677 0.0761869 0.528499
1 0.322099 0.312928 0.0777826 0.0778272 0.524451
2 0.511921 0.310052 0.0799561 0.0794155 0.523961
1 0.484506 0.318643 0.0777851 0.0789483 0.522834
1 0.970407 0.709503 0.0584316 0.0757183 0.52171
2 0.609296 0.97444 0.0760401 0.0511202 0.521044
2 0.204243 0.74397 0.0799423 0.0787033 0.520586
1 0.548973 0.0172597 0.0791267 0.0345194 0.51992
1 0.117381 0.19398 0.0802577 0.0791687 0.516396
1 0.0782234 0.191418 0.077817 0.0785956 0.515732
2 0.65625 0.690489 0.0794887 0.0793301 0.512114
1 0.484037 0.142155 0.0810117 0.0817305 0.511263
1 0.297124 0.472404 0.0794695 0.0797425 0.510808
2 0.307424 0.576149 0.079299 0.078726 0.508055
2 0.807767 0.969469 0.0780027 0.0610627 0.506731
0 0.873502 0.0198777 0.0785931 0.0397554 0.505388
1 0.0481253 0.214495 0.0786947 0.0783068 0.503563
