0 0.819998 0.179539 0.0723986 0.0727179 0.932809
0 0.409629 0.454458 0.0730595 0.0733278 0.926794
0 0.372448 0.055749 0.0729065 0.0732565 0.925724
0 0.747301 0.829078 0.077405 0.0775211 0.924528
2 0.311073 0.677594 0.0736499 0.0736332 0.923872
0 0.769904 0.16377 0.0737225 0.0733224 0.922247
2 0.345066 0.679537 0.0736999 0.073845 0.92188
2 0.884891 0.349026 0.0743219 0.0737062 0.921485
0 0.742351 0.564069 0.0762875 0.0757732 0.919982
0 0.663638 0.93627 0.0752289 0.0757584 0.91953
0 0.801059 0.272608 0.0741795 0.0740945 0.919295
2 0.161109 0.765192 0.0737581 0.0734854 0.918315
0 0.0868672 0.553656 0.0730613 0.0736062 0.918259
0 0.0912829 0.935916 0.0737383 0.0742111 0.918155
0 0.0326768 0.770696 0.0653536 0.073951 0.918081
0 0.322723 0.673673 0.0734534 0.0741154 0.917746
2 0.922248 0.948762 0.0799774 0.0805366 0.917601
0 0.0309972 0.633492 0.0619943 0.0742811 0.917422
0 0.587769 0.868332 0.0766972 0.0760551 0.91724
2 0.577333 0.880098 0.0773623 0.0761597 0.916918
2 0.0360092 0.590449 0.0715686 0.0738375 0.916592
2 0.438751 0.610005 0.0757071 0.07575 0.915802
0 0.281431 0.176403 0.0725032 0.0728526 0.915677
0 0.941917 0.450238 0.0756493 0.0755794 0.915632
0 0.694584 0.700742 0.0761386 0.0766651 0.915602
2 0.0805962 0.67653 0.0748814 0.0736349 0.915512
2 0.0665054 0.0403612 0.0723666 0.0717802 0.915488
0 0.606053 0.71833 0.0762209 0.0755589 0.915485
2 0.287666 0.457659 0.0723368 0.0730985 0.915374
2 0.923445 0.916786 0.079487 0.0787333 0.9153
0 0.77609 0.80568 0.0784979 0.0777306 0.915191
0 0.821702 0.191723 0.0720753 0.0725234 0.914899
0 0.115452 0.591292 0.0743111 0.0738853 0.914783
2 0.82253 0.835628 0.0786024 0.0789513 0.914708
2 0.747115 0.329285 0.0738904 0.0739262 0.913987
2 0.57074 0.790325 0.0762812 0.0762588 0.913877
2 0.731426 0.059898 0.0728163 0.0710919 0.913677
0 0.456486 0.695518 0.0760162 0.0763083 0.913675
0 0.822836 0.813765 0.07939 0.079829 0.913391
2 0.812946 0.134791 0.0722286 0.072206 0.913368
0 0.761375 0.888349 0.0774808 0.076968 0.913237
2 0.031742 0.739857 0.063484 0.0744999 0.913046
0 0.373097 0.650229 0.0733192 0.0734264 0.912913
2 0.499122 0.265942 0.0685745 0.0693568 0.912885
2 0.80584 0.162566 0.0724141 0.0722878 0.912656
0 0.779205 0.393185 0.0726824 0.0726976 0.912635
0 0.483726 0.611911 0.0747511 0.0747112 0.912387
2 0.40918 0.604266 0.0736061 0.0741295 0.912346
2 0.199423 0.926884 0.0732918 0.0731461 0.91229
2 0.304634 0.563509 0.0733334 0.072245 0.911989
2 0.36092 0.643141 0.0727167 0.0733665 0.911951
2 0.487276 0.277182 0.0688239 0.0693027 0.911782
0 0.80585 0.776104 0.0778069 0.0783624 0.911717
0 0.544476 0.859673 0.0752146 0.0753971 0.911374
2 0.387054 0.366274 0.0724104 0.0725387 0.911354
0 0.940735 0.358045 0.0740677 0.0738885 0.911343
1 0.587299 0.203706 0.0695445 0.0701195 0.910942
2 0.639999 0.639377 0.0755085 0.0757149 0.910863
2 0.392681 0.642483 0.0743318 0.0743267 0.910823
2 0.179511 0.908237 0.073611 0.0734009 0.910684
0 0.282599 0.523635 0.0729557 0.0732983 0.910632
0 0.720265 0.732404 0.0780312 0.0772469 0.910562
0 0.833444 0.857775 0.0791254 0.0784882 0.910387
2 0.396422 0.687337 0.0749874 0.0747866 0.910295
0 0.606588 0.859854 0.076545 0.0774708 0.910213
2 0.634707 0.765562 0.0772438 0.0770384 0.910168
0 0.180741 0.611677 0.0730257 0.0728899 0.910091
0 0.340652 0.379795 0.0741545 0.0734335 0.909952
0 0.660725 0.668258 0.0764221 0.075848 0.909852
0 0.816604 0.655054 0.0777664 0.0771599 0.909761
2 0.773238 0.925761 0.0782127 0.0790676 0.909196
0 0.284488 0.594022 0.073175 0.0727886 0.909143
2 0.895529 0.311629 0.073704 0.0731021 0.909061
2 0.152269 0.933837 0.0724952 0.0725 0.908996
0 0.426299 0.424999 0.0724156 0.0723175 0.90896
0 0.363935 0.3411 0.0728045 0.0731814 0.908796
0 0.0313741 0.185357 0.0627481 0.0724093 0.908751
2 0.760781 0.138778 0.0727364 0.0725158 0.908737
2 0.62571 0.625987 0.0753409 0.0754877 0.90853
0 0.607107 0.772803 0.0757572 0.075456 0.908471
2 0.731154 0.145698 0.0735537 0.0730896 0.908387
0 0.718848 0.948229 0.0762201 0.075919 0.90833
2 0.0479311 0.63355 0.0742764 0.0745708 0.90832
2 0.706783 0.649393 0.0766626 0.0771767 0.908319
2 0.643323 0.872479 0.0756187 0.075668 0.908313
2 0.727591 0.132941 0.0722257 0.0724305 0.908298
0 0.727452 0.318534 0.0735907 0.0740662 0.908264
2 0.527644 0.530735 0.0743246 0.0741877 0.908159
0 0.0288629 0.248548 0.0577257 0.0722713 0.907983
2 0.202058 0.906571 0.0733633 0.0739613 0.907947
2 0.46429 0.580687 0.0759119 0.0754301 0.907794
2 0.269657 0.157149 0.0743259 0.0739298 0.907299
2 0.108119 0.547394 0.0732536 0.0731453 0.907151
0 0.777678 0.479657 0.0751785 0.0747824 0.907097
2 0.432397 0.480206 0.0745919 0.0743096 0.906991
1 0.216289 0.480733 0.0725846 0.0731232 0.906981
2 0.198193 0.458828 0.0716883 0.0722914 0.906805
2 0.274538 0.275586 0.0735651 0.0738771 0.906722
0 0.0482369 0.0685357 0.0717781 0.0724855 0.906552
2 0.760979 0.34676 0.0740014 0.0741792 0.906419
0 0.145292 0.701502 0.0742749 0.0739774 0.906373
1 0.378801 0.606059 0.0744603 0.0744005 0.906249
0 0.439139 0.389889 0.0713245 0.0715239 0.906094
2 0.404609 0.40506 0.072751 0.0727128 0.90605
0 0.928791 0.845765 0.0799671 0.0789986 0.905994
0 0.894001 0.787395 0.0806293 0.0806178 0.905958
1 0.242141 0.825169 0.0745192 0.0746326 0.905946
2 0.857053 0.767687 0.0781309 0.0784548 0.905848
0 0.904331 0.716052 0.0772844 0.0784871 0.905723
2 0.412102 0.64309 0.0739379 0.0740529 0.905703
2 0.238417 0.57505 0.0734748 0.0733294 0.905614
2 0.674832 0.646007 0.0748451 0.0746151 0.905568
2 0.81807 0.120535 0.0727262 0.0725741 0.905531
2 0.789819 0.385202 0.0721898 0.0724525 0.905504
2 0.0808417 0.66281 0.0750765 0.0749133 0.905458
2 0.0495927 0.657123 0.0742291 0.0744328 0.905359
0 0.264027 0.60932 0.0732168 0.0730902 0.905088
2 0.505799 0.625414 0.077502 0.0781322 0.905083
0 0.530514 0.832155 0.0757969 0.0753644 0.904855
0 0.852564 0.919639 0.0788265 0.0782909 0.904853
2 0.0402524 0.154021 0.073405 0.0729688 0.904825
2 0.256983 0.128418 0.0729188 0.0719533 0.904729
2 0.822014 0.0949316 0.0726858 0.0731959 0.904696
2 0.644678 0.61152 0.0759556 0.0757162 0.904689
2 0.722614 0.813202 0.0764959 0.0761549 0.904617
2 0.459873 0.286688 0.0695803 0.0690161 0.904522
1 0.170456 0.0489969 0.0718779 0.0715526 0.904284
2 0.167796 0.582883 0.0739127 0.0734159 0.904055
0 0.316476 0.411858 0.0741839 0.0734899 0.90404
2 0.911247 0.337058 0.0742123 0.0743857 0.903761
2 0.751201 0.799458 0.0764164 0.076413 0.903761
2 0.712845 0.0507364 0.0711658 0.0708373 0.903586
2 0.368881 0.0791723 0.0730152 0.0727134 0.903584
0 0.906616 0.947537 0.0782534 0.0793453 0.903473
1 0.683126 0.446072 0.07446 0.0738891 0.903431
1 0.479537 0.320519 0.0717625 0.0715125 0.903098
1 0.563245 0.211662 0.0686127 0.0689295 0.90298
0 0.809054 0.741424 0.0774162 0.0771975 0.902881
0 0.906739 0.368292 0.0738869 0.0741587 0.90285
2 0.0846475 0.580123 0.0734092 0.073699 0.902825
0 0.587019 0.686483 0.0765394 0.0762494 0.902573
2 0.170317 0.0738432 0.0709952 0.0708562 0.902483
0 0.208464 0.829254 0.0736055 0.0737585 0.902443
1 0.583629 0.228931 0.069828 0.0698645 0.902402
0 0.918763 0.71413 0.0770439 0.0772696 0.902375
0 0.855455 0.688943 0.0769445 0.0773518 0.902289
0 0.756387 0.760135 0.0768275 0.0773685 0.902059
0 0.0329417 0.616374 0.0658835 0.0746107 0.901887
1 0.256524 0.430264 0.073153 0.0729523 0.901836
0 0.575139 0.501636 0.0728802 0.0728409 0.901816
1 0.611918 0.24358 0.0683511 0.0699741 0.901766
0 0.417167 0.710978 0.0749058 0.0744656 0.901639
0 0.962013 0.366404 0.0732161 0.073192 0.901639
2 0.610937 0.604405 0.0749563 0.0750978 0.901523
2 0.643912 0.935636 0.0747875 0.0747648 0.901258
2 0.055176 0.595566 0.0745118 0.0739975 0.900973
2 0.110308 0.706748 0.0740282 0.0744879 0.900965
2 0.628307 0.185994 0.0707417 0.0698629 0.900772
1 0.559371 0.385609 0.0715865 0.0712446 0.900626
1 0.236303 0.449347 0.0727013 0.0731225 0.900146
2 0.0499311 0.56663 0.0739185 0.0734222 0.900142
2 0.919292 0.894082 0.0785931 0.0783319 0.900031
2 0.245832 0.587379 0.0722453 0.0722908 0.899981
2 0.0794326 0.305922 0.0719574 0.0719493 0.899909
2 0.809865 0.943069 0.0785645 0.0772816 0.899903
2 0.546382 0.657254 0.0768715 0.0767906 0.899894
2 0.304264 0.167409 0.0729218 0.0723473 0.89989
0 0.0326545 0.571091 0.065309 0.0737154 0.899734
0 0.914491 0.412762 0.0748413 0.0742 0.899727
2 0.641779 0.747083 0.0767807 0.076102 0.89972
2 0.507455 0.655424 0.0772207 0.0777487 0.899687
2 0.613864 0.177949 0.0704275 0.0704591 0.89963
2 0.410138 0.509023 0.0758648 0.0754621 0.899368
0 0.945013 0.93196 0.078717 0.0785805 0.898563
2 0.385269 0.434243 0.0730445 0.0730415 0.898468
2 0.420459 0.0689701 0.0713743 0.0712877 0.898456
2 0.595639 0.174798 0.0713455 0.0702194 0.898399
1 0.617037 0.435819 0.0731089 0.0731465 0.898387
1 0.840474 0.126139 0.0733818 0.0731921 0.898282
2 0.340823 0.268966 0.0736815 0.0738408 0.898236
0 0.66726 0.899653 0.0759544 0.0760536 0.898173
2 0.658555 0.725915 0.0761871 0.0766039 0.898137
2 0.0684036 0.960619 0.0746513 0.0736057 0.897843
2 0.721956 0.921466 0.0759363 0.0759676 0.897842
0 0.801938 0.962566 0.0786633 0.0745163 0.897842
2 0.825573 0.775736 0.0789249 0.0787353 0.897785
0 0.683907 0.888372 0.0765381 0.0769131 0.897773
1 0.193141 0.0568275 0.0721809 0.0722492 0.89775
2 0.779066 0.944394 0.0770002 0.0765263 0.897607
0 0.465125 0.664722 0.0758057 0.0753514 0.897422
2 0.319209 0.322831 0.072465 0.0721159 0.897285
2 0.865326 0.34884 0.0743996 0.0747956 0.896874
0 0.256772 0.505809 0.0712115 0.0721239 0.896675
2 0.775739 0.409971 0.0717751 0.0716782 0.896417
1 0.577655 0.187835 0.0693493 0.0689857 0.896293
0 0.655682 0.567618 0.0757459 0.0749807 0.896104
2 0.363078 0.528378 0.0748562 0.0748709 0.896052
2 0.127406 0.703343 0.0742702 0.0743172 0.895856
2 0.211816 0.63076 0.0726559 0.0731324 0.895751
2 0.466426 0.399308 0.0724125 0.0722235 0.895642
0 0.495221 0.531132 0.0752365 0.0746469 0.895561
2 0.11658 0.502114 0.0734038 0.0731951 0.895483
2 0.943817 0.387632 0.0729038 0.0723835 0.895462
1 0.610524 0.399547 0.0730479 0.0725847 0.89539
0 0.616471 0.522686 0.0735932 0.0735943 0.895239
2 0.854069 0.803647 0.080057 0.0798573 0.895124
1 0.501317 0.846539 0.0757972 0.0760923 0.894997
2 0.144276 0.43984 0.0716522 0.0707991 0.894986
2 0.328846 0.36345 0.0742733 0.0737134 0.894864
0 0.0558367 0.782298 0.0739606 0.0740927 0.89476
1 0.257425 0.474146 0.0740869 0.0729378 0.894626
0 0.300061 0.60192 0.0732881 0.0726623 0.894399
0 0.54373 0.702222 0.0776417 0.0788134 0.894336
2 0.778258 0.18358 0.0734139 0.0734838 0.894183
2 0.624796 0.715447 0.0755733 0.0758835 0.89404
2 0.69129 0.680759 0.0763548 0.0760899 0.893938
2 0.154686 0.587965 0.0733534 0.0726307 0.893884
2 0.460201 0.510906 0.0748368 0.0748638 0.893841
2 0.0780229 0.59331 0.0741582 0.0743554 0.893726
2 0.965016 0.892645 0.0699688 0.0792316 0.893653
0 0.922581 0.373713 0.0745483 0.0737736 0.89365
0 0.473942 0.742978 0.0779439 0.0766866 0.893559
2 0.726613 0.0453267 0.0712467 0.0721036 0.893461
1 0.311166 0.139858 0.0730907 0.0734102 0.893297
1 0.158574 0.820641 0.0745527 0.0747702 0.893145
2 0.962478 0.479794 0.0740738 0.0767287 0.892975
2 0.71791 0.459738 0.0745001 0.0734334 0.892935
0 0.928633 0.444788 0.0754887 0.0744902 0.892851
2 0.87101 0.535581 0.075841 0.0758724 0.892819
2 0.278775 0.663128 0.0724261 0.0719149 0.892811
0 0.739449 0.732809 0.0784854 0.0769783 0.892791
2 0.0712411 0.0592453 0.072111 0.0723595 0.892631
2 0.119611 0.330937 0.0727611 0.0729239 0.892619
2 0.812931 0.455366 0.0733274 0.0740869 0.892454
2 0.675602 0.963975 0.0764236 0.0719219 0.892412
2 0.317811 0.492398 0.0733689 0.0729182 0.892226
2 0.907392 0.879122 0.0793564 0.0795685 0.892057
0 0.668157 0.955362 0.0753233 0.074519 0.892004
2 0.381365 0.452017 0.0742227 0.07337 0.891944
2 0.1264 0.345899 0.0717489 0.0724134 0.891924
2 0.457269 0.476715 0.073835 0.0737392 0.891911
2 0.0280063 0.956221 0.0560125 0.0734184 0.891746
2 0.89033 0.391102 0.074523 0.0747136 0.891683
2 0.287422 0.670242 0.0731325 0.0743734 0.891461
1 0.919668 0.0369055 0.0745321 0.0732191 0.891446
2 0.0752517 0.935692 0.0728781 0.0728397 0.891153
0 0.0385582 0.0314974 0.0694522 0.0620743 0.891128
2 0.755733 0.9222 0.077364 0.0778414 0.890936
2 0.403118 0.46591 0.0727213 0.0724208 0.890779
2 0.0864018 0.696207 0.0744988 0.0740881 0.890602
2 0.767412 0.0856372 0.0721687 0.0720321 0.890571
2 0.0811901 0.884669 0.0749483 0.0746296 0.890363
2 0.533661 0.480904 0.0745728 0.0741777 0.890186
2 0.0276539 0.910785 0.0553079 0.073558 0.889833
2 0.935604 0.470655 0.0759991 0.0757656 0.889721
2 0.677606 0.75258 0.0769045 0.0760333 0.88968
1 0.496206 0.308539 0.0703499 0.0704507 0.889603
2 0.0418476 0.367353 0.0734106 0.0732326 0.88932
2 0.84116 0.0711721 0.0742443 0.0739671 0.88908
2 0.153652 0.0760873 0.071784 0.0710258 0.889015
2 0.86606 0.403747 0.0743015 0.0741561 0.888793
2 0.747181 0.0735174 0.071724 0.0714275 0.888633
2 0.195156 0.724217 0.0758388 0.0755783 0.888371
2 0.725878 0.578946 0.077542 0.0768862 0.888307
1 0.546098 0.130228 0.0707167 0.0706432 0.888251
2 0.608227 0.92238 0.0753679 0.0747122 0.888244
1 0.549199 0.560892 0.0751268 0.0747999 0.888237
2 0.581803 0.602371 0.0743262 0.0753674 0.888187
0 0.483344 0.75592 0.0769926 0.0764923 0.887776
1 0.720674 0.264151 0.0737996 0.0733711 0.887747
1 0.248592 0.320433 0.0718397 0.0718308 0.887711
0 0.577151 0.825864 0.0770458 0.0772095 0.88771
2 0.0818135 0.605079 0.0739111 0.0736139 0.887624
0 0.0626781 0.759291 0.0745023 0.0747477 0.887602
2 0.645893 0.680419 0.075364 0.0752194 0.88756
2 0.115688 0.931174 0.0731682 0.0736729 0.887491
2 0.384291 0.699276 0.0737148 0.0739986 0.887336
2 0.479777 0.516706 0.0746944 0.0747334 0.887328
0 0.850667 0.900582 0.0802033 0.0799706 0.887197
2 0.791062 0.753327 0.0766903 0.0764942 0.887117
2 0.29523 0.500646 0.07331 0.0724737 0.886993
0 0.099739 0.598876 0.0731077 0.0734408 0.886923
2 0.0808342 0.35531 0.0712011 0.0710693 0.886891
2 0.879962 0.757884 0.0778297 0.0781137 0.886455
2 0.529116 0.730959 0.0776346 0.0769609 0.886198
2 0.404336 0.67199 0.0743066 0.074334 0.88575
2 0.084632 0.0574346 0.0724876 0.0727911 0.885637
2 0.221459 0.879641 0.074507 0.0741203 0.885575
0 0.717267 0.54883 0.076465 0.0761454 0.885536
2 0.436669 0.080922 0.0698137 0.0707093 0.88553
0 0.957262 0.941007 0.0794052 0.0790092 0.885429
1 0.174013 0.976777 0.0711683 0.0463169 0.885379
2 0.47419 0.282089 0.0687182 0.0700996 0.885315
2 0.797192 0.462627 0.0745922 0.0744492 0.885228
1 0.207777 0.165207 0.0713544 0.0713563 0.885061
1 0.252335 0.841462 0.0740954 0.0738735 0.884995
2 0.214874 0.83707 0.0739316 0.0730537 0.884994
1 0.178548 0.42605 0.0710147 0.0709526 0.884918
0 0.454516 0.613846 0.0748352 0.0745428 0.884811
1 0.271062 0.875057 0.0731565 0.072876 0.884606
0 0.255331 0.690521 0.0749695 0.0746542 0.884131
1 0.657854 0.19607 0.0717373 0.0710947 0.883889
1 0.534362 0.558543 0.0735922 0.0737071 0.88352
2 0.336853 0.283284 0.0730338 0.0741838 0.883456
1 0.629804 0.319982 0.0707823 0.0704219 0.883376
1 0.59173 0.950249 0.074749 0.074815 0.883309
1 0.575159 0.548435 0.0749039 0.074416 0.882751
2 0.316259 0.643243 0.0725269 0.0728168 0.882543
2 0.960695 0.792651 0.0774939 0.079216 0.882259
2 0.462287 0.531085 0.0749207 0.07469 0.882063
2 0.832612 0.220456 0.0727127 0.073407 0.881533
2 0.64491 0.846845 0.0772463 0.077129 0.881466
1 0.0534783 0.441676 0.0718514 0.0715981 0.881424
1 0.409508 0.155011 0.0704323 0.0714019 0.881217
2 0.663681 0.249061 0.0703779 0.0707033 0.88068
1 0.19062 0.158878 0.0713622 0.0711446 0.880585
1 0.500064 0.811985 0.0752944 0.0752413 0.880441
2 0.0449958 0.185789 0.0732613 0.0728419 0.880199
2 0.780494 0.702174 0.0769822 0.0775187 0.880086
1 0.870315 0.114233 0.0736767 0.0735085 0.879908
0 0.115757 0.632502 0.0748817 0.0749468 0.879834
1 0.125311 0.962472 0.0716704 0.0712952 0.879814
0 0.674966 0.721952 0.0767979 0.0762676 0.879638
1 0.33087 0.962761 0.0721945 0.0713867 0.879636
2 0.0502241 0.361139 0.0715479 0.0723276 0.879569
2 0.15889 0.341772 0.072403 0.0724346 0.879202
1 0.0457274 0.457684 0.0744546 0.0741952 0.87916
2 0.0946628 0.866796 0.0746688 0.074176 0.879042
1 0.480902 0.862504 0.0748951 0.0749609 0.878948
2 0.0859011 0.133001 0.071561 0.0719801 0.878761
2 0.799584 0.25228 0.0749855 0.0750551 0.878749
2 0.964919 0.911858 0.0701611 0.0800854 0.878694
2 0.0890222 0.567401 0.0732617 0.0732258 0.878288
2 0.619743 0.14358 0.0724134 0.0721417 0.878056
1 0.276492 0.560181 0.0724497 0.0719578 0.87762
2 0.808327 0.626146 0.0781372 0.0786247 0.877613
2 0.890598 0.442475 0.0743717 0.0741558 0.87754
0 0.745432 0.685333 0.0765715 0.0771402 0.87739
2 0.180846 0.719133 0.0745735 0.074526 0.877284
2 0.194028 0.777418 0.0757766 0.0752981 0.877134
2 0.0344912 0.254854 0.0689825 0.0736294 0.877081
2 0.80538 0.68214 0.0771397 0.0773455 0.876969
2 0.410342 0.0925659 0.0708502 0.0713361 0.876828
0 0.70882 0.716748 0.0779585 0.0778872 0.876826
2 0.391243 0.515607 0.0742925 0.0735022 0.876677
2 0.484044 0.550724 0.0750044 0.0751762 0.876612
0 0.0228539 0.80695 0.0457078 0.0742359 0.87583
2 0.548168 0.173124 0.0691864 0.0697564 0.875744
1 0.480176 0.830068 0.0754346 0.0752682 0.875213
2 0.284932 0.543098 0.0718589 0.0715654 0.875171
2 0.304761 0.653866 0.0729365 0.0730355 0.875161
2 0.124484 0.91351 0.072906 0.0729481 0.875089
2 0.752688 0.213659 0.0728989 0.0724109 0.874783
2 0.536312 0.616161 0.0768023 0.0760196 0.874594
2 0.801343 0.714781 0.0763456 0.076347 0.874521
2 0.847615 0.569411 0.0781868 0.0768647 0.87441
2 0.480908 0.425497 0.0730642 0.0719557 0.874092
2 0.249283 0.796353 0.0742478 0.074339 0.873999
1 0.180388 0.491045 0.0720954 0.0713724 0.873311
1 0.863007 0.0412568 0.0747116 0.0743211 0.873154
2 0.776917 0.431615 0.0724819 0.0724798 0.872695
2 0.108598 0.835343 0.0753319 0.0749998 0.872649
1 0.599505 0.54868 0.0742862 0.0746334 0.872537
1 0.53097 0.301008 0.072134 0.0705825 0.872476
1 0.826086 0.300684 0.0745031 0.074296 0.872346
2 0.935562 0.320032 0.0738476 0.0733749 0.872315
2 0.781627 0.419703 0.0729414 0.0724282 0.871436
2 0.629581 0.819691 0.0771935 0.0768888 0.871049
1 0.154242 0.131871 0.0711019 0.0716302 0.870594
1 0.261413 0.345823 0.0725082 0.0733535 0.870498
0 0.150113 0.624789 0.0733277 0.0734093 0.870452
0 0.0178198 0.869679 0.0354836 0.0739231 0.869569
1 0.594899 0.0331267 0.0694216 0.0659048 0.869394
2 0.697123 0.0382641 0.0722859 0.0714449 0.868397
2 0.0796889 0.916571 0.074256 0.0732491 0.868062
2 0.794837 0.327373 0.0751632 0.075139 0.867979
2 0.0340662 0.26916 0.0681324 0.0726984 0.867655
2 0.973198 0.370175 0.0536045 0.0734504 0.867615
0 0.0234608 0.830227 0.0468835 0.075832 0.867214
2 0.490276 0.176435 0.0684329 0.0684488 0.867199
1 0.301056 0.0293003 0.0709533 0.0581768 0.867123
2 0.730015 0.113447 0.0731373 0.072156 0.867047
2 0.728939 0.793735 0.0766666 0.0761838 0.866927
2 0.794195 0.645184 0.077383 0.077297 0.866789
1 0.397374 0.186157 0.0701358 0.0695645 0.866763
1 0.0374646 0.416459 0.0732366 0.0743186 0.866436
0 0.0433867 0.0959919 0.0730112 0.0726819 0.866292
2 0.458243 0.43441 0.074246 0.0735215 0.866266
2 0.710594 0.873017 0.0762394 0.0755482 0.866111
2 0.648146 0.25361 0.0690128 0.0704022 0.866002
1 0.919357 0.131529 0.0738085 0.0748979 0.865632
2 0.70419 0.900253 0.0765202 0.0766228 0.865599
1 0.614381 0.0415172 0.0710634 0.0711616 0.865485
1 0.860575 0.23263 0.0730358 0.0735216 0.865432
2 0.683369 0.407179 0.0730282 0.0729178 0.864985
2 0.605733 0.808257 0.0768177 0.0768559 0.864821
2 0.721473 0.0277153 0.0725947 0.0548392 0.864771
2 0.517575 0.671881 0.0763293 0.0765558 0.864679
2 0.368267 0.132442 0.0733031 0.0738511 0.864379
2 0.0676437 0.971807 0.0740386 0.0563866 0.863606
2 0.474734 0.246007 0.0685831 0.069353 0.863455
2 0.834891 0.718959 0.0765499 0.0762512 0.863364
2 0.597613 0.505481 0.0733929 0.0738718 0.863272
0 0.708576 0.325041 0.0718031 0.0720431 0.863198
1 0.828245 0.0323677 0.0730598 0.0647355 0.862715
2 0.771393 0.967902 0.0769359 0.0641958 0.862614
2 0.755581 0.974986 0.0772933 0.0498428 0.862588
1 0.171447 0.128866 0.0706667 0.0701612 0.862578
1 0.165036 0.210411 0.0721207 0.0716819 0.862507
1 0.423545 0.162062 0.0694715 0.0702252 0.862317
2 0.370836 0.504798 0.0749749 0.0746368 0.861935
1 0.583956 0.435639 0.0730642 0.0729661 0.861877
1 0.116511 0.0847661 0.0718163 0.0720613 0.861382
0 0.977841 0.881187 0.0439072 0.079034 0.861121
1 0.912393 0.0606572 0.0721983 0.0725302 0.860867
2 0.215761 0.760164 0.0754831 0.074777 0.860613
1 0.12615 0.315143 0.0718159 0.0721312 0.860455
2 0.708512 0.535843 0.0771193 0.0767753 0.860326
1 0.941078 0.0329045 0.0741432 0.065809 0.860195
2 0.918307 0.602899 0.0776371 0.0781367 0.85989
2 0.101697 0.341299 0.0717624 0.0710961 0.859483
1 0.0643629 0.405595 0.0719344 0.0725617 0.859161
1 0.58914 0.570615 0.0732375 0.0734795 0.859058
2 0.967493 0.420636 0.0650133 0.074521 0.858961
2 0.934366 0.903729 0.0797359 0.0799164 0.8589
2 0.822418 0.757085 0.0779348 0.0778954 0.858826
2 0.450568 0.405973 0.0724357 0.0727328 0.8588
1 0.889903 0.116432 0.0743353 0.0745945 0.858719
2 0.324841 0.234863 0.074012 0.0744522 0.858301
2 0.780009 0.2068 0.0731382 0.0737624 0.857177
1 0.953782 0.295801 0.0750126 0.074642 0.857089
2 0.622806 0.16839 0.0723457 0.0723214 0.856889
0 0.543255 0.74291 0.0762601 0.0756874 0.856731
2 0.231454 0.92624 0.0732825 0.073431 0.856553
0 0.382353 0.482517 0.0741694 0.0747212 0.855025
1 0.277177 0.366472 0.0727037 0.0726986 0.854755
2 0.5884 0.648535 0.0747202 0.0744792 0.854618
2 0.769534 0.745349 0.0774631 0.0769633 0.854469
1 0.392103 0.14464 0.0718068 0.0726169 0.853227
2 0.192873 0.757758 0.0759169 0.0755217 0.852118
0 0.0318068 0.867997 0.0635312 0.0741278 0.85203
1 0.530723 0.33821 0.0703223 0.0701864 0.85172
2 0.0620756 0.729591 0.074193 0.0747057 0.851357
1 0.11488 0.256688 0.071924 0.072008 0.851181
2 0.751201 0.0881258 0.0713078 0.071065 0.850655
2 0.0287992 0.792534 0.0575983 0.0751087 0.850067
2 0.897331 0.896293 0.0796951 0.0790154 0.849272
1 0.803087 0.363096 0.0723532 0.0719204 0.848738
2 0.328 0.45917 0.0737563 0.073805 0.847847
2 0.290022 0.154218 0.0733791 0.0736929 0.847708
2 0.207541 0.885567 0.0740892 0.0734156 0.847686
2 0.309485 0.265827 0.0751869 0.0739906 0.846419
2 0.408407 0.028629 0.0711273 0.0568878 0.846359
2 0.647115 0.656291 0.075885 0.075668 0.845665
0 0.0559141 0.0281288 0.0705579 0.0562577 0.845336
1 0.0244603 0.285189 0.048469 0.0736953 0.844942
2 0.28618 0.333793 0.072157 0.0726162 0.84442
2 0.554313 0.357601 0.071656 0.0719407 0.843646
2 0.742711 0.880697 0.0758515 0.0754646 0.843539
0 0.350852 0.565292 0.0729315 0.0725883 0.843231
2 0.0286551 0.219012 0.0573103 0.0726745 0.843117
1 0.9686 0.272824 0.0627995 0.0753965 0.841731
0 0.853131 0.958677 0.0792477 0.0774376 0.840798
2 0.0564174 0.27222 0.0735496 0.0728806 0.840668
2 0.194424 0.977103 0.0727618 0.0457947 0.840464
2 0.421856 0.129741 0.0702816 0.0713416 0.839284
2 0.519429 0.251376 0.0692907 0.0689081 0.838736
1 0.951785 0.668073 0.0778679 0.077103 0.838429
1 0.0827029 0.525952 0.0734434 0.0732203 0.838233
1 0.860822 0.130072 0.0735487 0.0738645 0.837897
2 0.973287 0.493982 0.0529339 0.0773529 0.837494
0 0.433558 0.638541 0.074694 0.0744716 0.837242
1 0.647828 0.414238 0.0737949 0.0739117 0.836646
2 0.607754 0.972691 0.0745623 0.0546188 0.835424
2 0.351157 0.183554 0.0735121 0.0732147 0.834381
2 0.74869 0.0243153 0.0727165 0.048113 0.833577
1 0.138379 0.112542 0.0714132 0.0712038 0.833141
2 0.792082 0.672294 0.077624 0.0774016 0.833088
2 0.02906 0.888987 0.0578151 0.0732666 0.833056
2 0.717134 0.0641776 0.070235 0.070257 0.832138
0 0.56159 0.976019 0.0765871 0.0475437 0.832089
2 0.929654 0.772677 0.0827675 0.0821514 0.83128
2 0.922261 0.355807 0.0733789 0.0741632 0.831151
2 0.74956 0.932088 0.0755578 0.0771145 0.830676
1 0.219328 0.213696 0.0719314 0.0718196 0.830148
2 0.337718 0.918395 0.0728171 0.0737083 0.830133
2 0.140138 0.476323 0.0716958 0.0705568 0.828924
1 0.841183 0.158523 0.072543 0.072997 0.828924
2 0.978961 0.0436961 0.0420776 0.0744796 0.828784
1 0.680558 0.370759 0.0722601 0.0725114 0.828264
1 0.939838 0.143254 0.0746317 0.074927 0.828141
1 0.376034 0.18879 0.0722377 0.0720206 0.827691
2 0.0987205 0.631569 0.0742032 0.0746242 0.826684
1 0.460032 0.307688 0.0701685 0.0706602 0.826624
2 0.37645 0.313795 0.0724772 0.0720811 0.826596
2 0.353474 0.281659 0.0734669 0.0728867 0.826407
1 0.845235 0.0229779 0.0726921 0.0459558 0.826381
1 0.189894 0.197165 0.0713557 0.0716447 0.826102
2 0.0225877 0.535325 0.0451754 0.0732868 0.824008
2 0.972907 0.346775 0.054185 0.0730271 0.823779
0 0.971484 0.385781 0.0570311 0.0703342 0.822872
2 0.0275212 0.0550992 0.0550424 0.0720079 0.822851
2 0.974793 0.0533046 0.0496929 0.0747627 0.821925
1 0.493327 0.0552978 0.070276 0.070198 0.82132
0 0.691957 0.841112 0.0761128 0.075876 0.820601
1 0.628053 0.979748 0.0752459 0.0402885 0.82042
2 0.250958 0.707384 0.0744593 0.0740965 0.819835
2 0.142181 0.977265 0.0710565 0.0454695 0.819108
2 0.177955 0.546153 0.0739862 0.0734478 0.819103
1 0.703931 0.165344 0.0740532 0.0732288 0.819014
1 0.553927 0.0236113 0.0702954 0.0469301 0.818948
2 0.496577 0.548135 0.0748963 0.0752379 0.817402
1 0.0246885 0.446191 0.0492704 0.0741339 0.816651
0 0.970046 0.787721 0.0599079 0.0809604 0.816421
2 0.496218 0.213458 0.0680849 0.0674022 0.816273
2 0.34019 0.488211 0.073478 0.0739136 0.815993
1 0.104214 0.980159 0.071215 0.0396822 0.815913
2 0.606615 0.12057 0.0752293 0.075403 0.815459
2 0.101108 0.418437 0.0716374 0.0721633 0.81505
2 0.161846 0.84975 0.0733162 0.0728439 0.814743
2 0.33993 0.110685 0.0726971 0.0723365 0.814061
1 0.170772 0.380737 0.0710681 0.0711338 0.814032
2 0.684879 0.274376 0.0712599 0.0720796 0.813841
2 0.155705 0.359713 0.0710609 0.0712161 0.813167
1 0.485269 0.0617376 0.0692207 0.0691325 0.81307
2 0.692111 0.297119 0.0714163 0.0714242 0.812322
2 0.0205885 0.131396 0.0411771 0.0727193 0.81122
2 0.689222 0.0233576 0.0720842 0.0467153 0.811188
2 0.260076 0.975875 0.0734953 0.048251 0.808886
2 0.362745 0.102606 0.0726197 0.0724028 0.808703
2 0.353178 0.221202 0.0736251 0.0738096 0.80864
2 0.467874 0.500276 0.0738731 0.0731322 0.808028
2 0.36632 0.620884 0.0736249 0.0736608 0.80777
2 0.845271 0.846584 0.0796925 0.0797523 0.807485
1 0.675497 0.976096 0.0737377 0.0478071 0.807464
2 0.973516 0.828549 0.052967 0.0807171 0.806889
0 0.775421 0.712535 0.0766291 0.0755819 0.806833
2 0.256578 0.584757 0.0730347 0.0726288 0.806585
2 0.658782 0.877107 0.076417 0.0770443 0.805832
2 0.916922 0.687173 0.0765076 0.0779947 0.805741
0 0.352181 0.464558 0.0742269 0.0745403 0.805361
2 0.0507551 0.307047 0.072752 0.0731272 0.80325
2 0.341514 0.502129 0.0732426 0.0728861 0.802885
1 0.195299 0.118992 0.071639 0.0712629 0.802086
2 0.974529 0.897093 0.0509412 0.0787546 0.801979
2 0.336716 0.558164 0.0728143 0.073016 0.801823
1 0.277655 0.41837 0.072834 0.0727036 0.80067
2 0.414872 0.23104 0.0697356 0.070115 0.799701
2 0.633477 0.780798 0.0764395 0.0762428 0.798872
2 0.553378 0.061409 0.0704552 0.0695268 0.796337
0 0.427998 0.690972 0.076061 0.0753351 0.795753
2 0.786752 0.436801 0.0722583 0.0725918 0.795718
2 0.139134 0.043129 0.0719291 0.0716248 0.795391
2 0.0184192 0.61734 0.0368384 0.0737051 0.791906
2 0.497511 0.503499 0.0734555 0.074138 0.791587
1 0.64514 0.974684 0.0743624 0.0494749 0.791449
2 0.135972 0.0657434 0.0717252 0.0724803 0.791171
2 0.936573 0.880804 0.0778496 0.0783432 0.790848
2 0.860227 0.251813 0.0726665 0.0724634 0.790226
1 0.978039 0.11346 0.0439226 0.0748607 0.788379
0 0.907512 0.63712 0.0767843 0.0770153 0.788356
2 0.886473 0.646088 0.0763844 0.0762653 0.788078
2 0.883221 0.741714 0.0776526 0.077714 0.786597
0 0.0909004 0.0269829 0.0721265 0.0539657 0.785772
0 0.576579 0.669566 0.0766304 0.0762857 0.783142
2 0.112804 0.896282 0.0738245 0.073955 0.78241
2 0.563552 0.709465 0.0773873 0.0777557 0.781304
2 0.317573 0.310097 0.0726428 0.0721281 0.780683
2 0.650594 0.274768 0.0705728 0.0707197 0.780069
0 0.719353 0.847709 0.0761719 0.0759005 0.780033
2 0.739348 0.903594 0.0771757 0.0769039 0.778944
0 0.436203 0.709917 0.0749876 0.0748841 0.778654
0 0.626014 0.693352 0.0749331 0.0751796 0.778231
1 0.096521 0.242002 0.0706339 0.0708148 0.777464
1 0.106717 0.972003 0.0709232 0.0559803 0.776289
2 0.283407 0.293849 0.073751 0.0735757 0.775951
0 0.910997 0.929776 0.0794392 0.078154 0.775753
2 0.82735 0.0621403 0.0729141 0.0722479 0.77349
1 0.536885 0.3783 0.0710272 0.0716998 0.773114
1 0.503801 0.794209 0.075703 0.0755788 0.772786
1 0.214693 0.327206 0.0714057 0.0719517 0.771057
2 0.621783 0.215059 0.0699718 0.0693333 0.770844
2 0.77983 0.898919 0.0773719 0.077597 0.770001
2 0.278498 0.615827 0.0736091 0.0727682 0.768516
1 0.561839 0.314062 0.0701853 0.0699857 0.768069
1 0.206067 0.372018 0.071836 0.0716157 0.767737
1 0.64957 0.982129 0.0757505 0.0357413 0.767314
2 0.328424 0.0177374 0.0708357 0.0353958 0.767193
1 0.849853 0.0545356 0.0734932 0.0735685 0.766933
1 0.636101 0.392711 0.0723341 0.0735358 0.765558
1 0.174589 0.175608 0.070879 0.0705387 0.765314
1 0.0177218 0.29609 0.0354435 0.0743917 0.76493
2 0.126627 0.367776 0.0712604 0.0707272 0.763574
2 0.980885 0.519447 0.0378271 0.0772493 0.763108
2 0.527572 0.898985 0.0762064 0.0765293 0.76275
0 0.910505 0.398668 0.0740177 0.073733 0.760888
0 0.686759 0.777985 0.0749469 0.0753353 0.760129
2 0.243177 0.786362 0.0741317 0.0745813 0.757874
2 0.697025 0.321956 0.0716557 0.0717215 0.754474
1 0.406438 0.792317 0.0767496 0.07689 0.754398
1 0.853928 0.147577 0.073101 0.0734706 0.753912
2 0.908342 0.289362 0.0731928 0.0726886 0.752983
2 0.279534 0.203812 0.0751326 0.0742996 0.752038
1 0.864094 0.177793 0.0725157 0.072342 0.750984
2 0.740021 0.162515 0.0726616 0.0727408 0.75005
2 0.528381 0.354133 0.0715403 0.070855 0.748522
2 0.247974 0.637092 0.0723505 0.0724781 0.747179
2 0.197532 0.59752 0.0732204 0.0727005 0.746695
0 0.054456 0.89696 0.0745837 0.0742306 0.746329
2 0.752934 0.874874 0.0770103 0.076137 0.745878
2 0.0221391 0.245102 0.0442782 0.071948 0.745852
0 0.752659 0.195391 0.0729351 0.0732261 0.745442
2 0.865317 0.979408 0.0778107 0.0411835 0.745259
0 0.774959 0.673221 0.0770279 0.0767572 0.744924
1 0.630159 0.0914351 0.0718473 0.0713053 0.742698
2 0.338298 0.318838 0.0727722 0.0731504 0.742202
2 0.833275 0.572277 0.0780224 0.0770052 0.740854
2 0.109184 0.779822 0.0744993 0.0750482 0.739446
1 0.59551 0.0831014 0.0728527 0.0726834 0.738979
2 0.0377869 0.760171 0.0724132 0.0738155 0.736968
2 0.747746 0.844319 0.0775415 0.0770794 0.736056
2 0.816929 0.708569 0.0776219 0.0777507 0.736024
1 0.735679 0.229057 0.0700237 0.0719232 0.735952
1 0.0366738 0.484484 0.0707998 0.0705874 0.735362
2 0.504669 0.163128 0.0683256 0.067899 0.734892
2 0.327405 0.924031 0.0733632 0.0734144 0.734259
2 0.222805 0.674245 0.073939 0.0732704 0.733995
2 0.774713 0.654042 0.0770406 0.0771464 0.732693
0 0.943081 0.336706 0.0745665 0.0731091 0.73076
2 0.463107 0.0194322 0.0683535 0.0388644 0.730195
2 0.259019 0.289165 0.071475 0.0717558 0.729332
0 0.247829 0.945982 0.0742542 0.0737591 0.727899
1 0.928758 0.219082 0.0765802 0.0760212 0.727747
1 0.863482 0.548085 0.0755329 0.075776 0.72732
2 0.865904 0.464077 0.0756466 0.0750572 0.726474
2 0.506752 0.204633 0.0682953 0.0683478 0.726247
0 0.728939 0.492351 0.0743266 0.0736225 0.725262
0 0.732858 0.854218 0.0764314 0.0755741 0.724125
1 0.979644 0.287679 0.0404148 0.0760061 0.724014
1 0.811864 0.0649466 0.0710379 0.0718949 0.722999
0 0.782804 0.797733 0.0794155 0.0785281 0.722717
2 0.0313116 0.201842 0.0625944 0.0717861 0.722669
1 0.353281 0.970129 0.0730601 0.0596357 0.720806
2 0.115847 0.353977 0.0722962 0.0722718 0.720653
1 0.979781 0.256212 0.0404379 0.0769189 0.715628
0 0.902255 0.968281 0.0780117 0.0634386 0.715533
1 0.697597 0.405829 0.0721657 0.0725411 0.715052
1 0.221447 0.41027 0.0706618 0.0708158 0.714458
2 0.122566 0.815712 0.07366 0.0735286 0.714398
2 0.550862 0.835619 0.0763706 0.0758932 0.713036
2 0.645307 0.51412 0.0750292 0.0737465 0.7115
1 0.39514 0.237172 0.0719979 0.0709389 0.711448
2 0.206278 0.536883 0.0756608 0.0750277 0.711045
1 0.69288 0.157557 0.0738672 0.0738234 0.710085
2 0.04742 0.747144 0.0743468 0.073917 0.708885
2 0.0508503 0.0851802 0.0717457 0.0722187 0.708794
1 0.0750184 0.486696 0.0724658 0.0721738 0.707158
1 0.612713 0.0695489 0.0711981 0.0722066 0.705549
2 0.803987 0.294564 0.0727314 0.0728487 0.705473
1 0.511116 0.0522189 0.0699264 0.0687611 0.705019
2 0.871374 0.294164 0.0729197 0.0723759 0.703218
2 0.711931 0.100954 0.0720453 0.0719315 0.702643
1 0.46569 0.226137 0.0689955 0.0688034 0.70177
0 0.448467 0.706526 0.0765253 0.0758641 0.69872
0 0.428829 0.0423368 0.0704864 0.0708827 0.697652
1 0.554239 0.414983 0.070768 0.0704155 0.696863
1 0.831227 0.378221 0.0736793 0.0731514 0.695288
0 0.485962 0.491606 0.073097 0.0738435 0.694413
2 0.924384 0.475378 0.0760529 0.0775679 0.694139
0 0.0388754 0.796598 0.0742601 0.0755234 0.693558
2 0.182541 0.924792 0.0725395 0.0727634 0.692818
1 0.56704 0.143711 0.0718251 0.0720894 0.692436
0 0.482551 0.681967 0.0775968 0.0774572 0.688292
1 0.868811 0.0178973 0.0743162 0.0357614 0.687697
1 0.475022 0.881017 0.0743788 0.074407 0.686258
0 0.897631 0.748512 0.0802715 0.0802202 0.683797
2 0.243623 0.0412115 0.0699476 0.0702299 0.679974
1 0.345126 0.936598 0.0745104 0.0741161 0.67924
0 0.604581 0.517377 0.0735044 0.0723046 0.678212
2 0.745813 0.481379 0.0745407 0.0742478 0.678006
2 0.111436 0.398157 0.0709774 0.0714773 0.674691
2 0.128837 0.587869 0.0739303 0.0730515 0.674061
2 0.979677 0.172731 0.0406457 0.0738265 0.673114
2 0.0994664 0.511864 0.0721334 0.0726738 0.673022
1 0.883849 0.249918 0.0729591 0.0729351 0.668444
2 0.72889 0.778316 0.0768535 0.0766005 0.666386
0 0.587904 0.819795 0.0757061 0.075527 0.665793
2 0.695496 0.860057 0.0753929 0.0753761 0.662998
2 0.431295 0.120965 0.0699795 0.06902 0.662768
2 0.0311685 0.975998 0.0611281 0.0480042 0.662567
2 0.46239 0.0490374 0.0685801 0.0685679 0.662287
1 0.123701 0.941904 0.0723079 0.0718782 0.661991
0 0.855695 0.333237 0.0752628 0.0749343 0.66149
1 0.493385 0.102954 0.0692327 0.0688586 0.661133
2 0.898952 0.732023 0.0789127 0.0780558 0.660682
2 0.960601 0.866726 0.0773212 0.0796522 0.651906
1 0.174907 0.691441 0.0732672 0.0737972 0.651311
1 0.205686 0.183457 0.0720351 0.0713683 0.650019
2 0.215135 0.6163 0.07127 0.0722653 0.647931
2 0.535999 0.273062 0.0687488 0.0687123 0.647517
1 0.241126 0.478683 0.072318 0.0726593 0.6463
0 0.728513 0.649252 0.0755985 0.075297 0.645489
2 0.792161 0.735604 0.0770357 0.0765649 0.644253
2 0.0853441 0.750421 0.0732988 0.0728043 0.644117
2 0.389823 0.982477 0.0742749 0.0350456 0.641526
0 0.719677 0.96662 0.0758007 0.0667593 0.640333
1 0.140947 0.149863 0.0720076 0.0712804 0.64028
1 0.196784 0.341909 0.0714283 0.0712591 0.640273
2 0.488856 0.666344 0.0756609 0.0766811 0.639897
2 0.125602 0.0297845 0.0714587 0.059555 0.639254
0 0.0249285 0.844265 0.0498569 0.0703007 0.636076
1 0.195129 0.682573 0.072384 0.0720001 0.634476
2 0.0492717 0.0381585 0.0736715 0.0721593 0.633245
1 0.902479 0.158152 0.0731396 0.0723876 0.633196
2 0.891485 0.81394 0.0826782 0.0830759 0.631377
1 0.516802 0.0913689 0.0690531 0.0688687 0.629225
2 0.692372 0.424209 0.0737768 0.0731597 0.627837
2 0.282151 0.630027 0.0731169 0.0732683 0.624287
1 0.287787 0.108855 0.0716658 0.072925 0.616793
1 0.22838 0.491454 0.0718046 0.0712986 0.61522
2 0.0618743 0.383259 0.0722502 0.0722936 0.612679
2 0.507005 0.980734 0.0777811 0.0384823 0.609943
1 0.663915 0.146798 0.0727763 0.0726431 0.609317
0 0.170856 0.724118 0.0738255 0.0737387 0.605398
1 0.800249 0.90858 0.0787907 0.0778923 0.602196
0 0.0404461 0.918553 0.0742152 0.0738903 0.600327
2 0.0251331 0.84518 0.0501925 0.0748589 0.600323
0 0.129555 0.589295 0.0735023 0.07381 0.600231
2 0.869361 0.0845166 0.0730972 0.0725039 0.598851
1 0.520456 0.397089 0.0710469 0.0696742 0.598746
2 0.133712 0.49516 0.0718515 0.0718138 0.596868
1 0.355077 0.724687 0.0746482 0.0749732 0.596399
0 0.335881 0.474196 0.0728821 0.0732838 0.595016
2 0.831809 0.918584 0.0778523 0.0779526 0.593119
2 0.243635 0.929961 0.073173 0.0734856 0.592941
2 0.0217175 0.372157 0.0432025 0.0736034 0.592575
1 0.180133 0.394569 0.07249 0.0725246 0.591073
0 0.252723 0.555379 0.0721377 0.0728919 0.591046
2 0.356362 0.198546 0.0730573 0.0728666 0.586234
1 0.0776219 0.396399 0.072077 0.0722716 0.58455
2 0.597496 0.160477 0.0711247 0.0720336 0.583732
2 0.594291 0.590949 0.0752348 0.0748304 0.58338
2 0.676232 0.0184622 0.0682705 0.0369245 0.581994
1 0.143486 0.804652 0.0736284 0.074961 0.581042
0 0.980498 0.417601 0.0390047 0.0736591 0.580013
2 0.867126 0.965868 0.0770218 0.0681322 0.57907
1 0.55643 0.100501 0.0719421 0.0699525 0.577815
2 0.62832 0.227141 0.0687 0.0691124 0.576751
2 0.806451 0.978692 0.0767765 0.0425207 0.576523
0 0.0487287 0.746758 0.072745 0.0733013 0.574792
1 0.958685 0.202518 0.0727955 0.0740806 0.574368
1 0.912236 0.167218 0.0735687 0.0730554 0.571949
1 0.117781 0.117718 0.0715357 0.071155 0.5706
0 0.0616534 0.914646 0.0744132 0.0742573 0.5705
1 0.380573 0.205564 0.0717844 0.0717513 0.567958
2 0.0191459 0.257993 0.0382917 0.0691851 0.567517
2 0.016276 0.0244458 0.0323329 0.048667 0.564535
1 0.180528 0.214169 0.0723333 0.0713423 0.563648
2 0.421917 0.0180111 0.0697126 0.0360222 0.561915
2 0.922398 0.974322 0.080925 0.0513559 0.56074
2 0.143986 0.684868 0.073729 0.0737559 0.554825
2 0.36955 0.303562 0.0725944 0.0727872 0.549241
2 0.730844 0.750718 0.0774025 0.0767472 0.54756
0 0.9227 0.623426 0.0769846 0.0767591 0.546382
1 0.0134813 0.320933 0.0269041 0.0739652 0.546039
2 0.363681 0.433471 0.0740459 0.0738386 0.544933
1 0.970698 0.140193 0.0586046 0.0742451 0.542786
2 0.981321 0.42101 0.0371914 0.0751465 0.541746
1 0.645127 0.052041 0.071312 0.0704329 0.541087
0 0.0823929 0.620255 0.0740038 0.0741484 0.54026
2 0.204837 0.656195 0.073208 0.0729289 0.537795
2 0.312221 0.45307 0.0731197 0.0733719 0.535874
1 0.471722 0.132862 0.0686756 0.0688944 0.535598
2 0.571945 0.269747 0.0707296 0.0714538 0.534081
2 0.0808399 0.770937 0.0745658 0.0745909 0.531805
2 0.559053 0.175232 0.0694656 0.0692242 0.531377
2 0.354715 0.396449 0.0738083 0.0739285 0.528655
1 0.1291 0.97122 0.0734803 0.0572605 0.526238
2 0.722454 0.634951 0.0767387 0.0771132 0.526007
2 0.212078 0.112612 0.0693402 0.0701725 0.52458
1 0.098159 0.35263 0.0708925 0.0717635 0.524075
2 0.737345 0.980632 0.0748692 0.0387253 0.523542
2 0.915629 0.0948156 0.0741035 0.0746096 0.521141
2 0.0994197 0.844674 0.0745398 0.0745903 0.520586
2 0.661193 0.517042 0.0742772 0.07416 0.520321
2 0.0755849 0.0203608 0.0712039 0.0407215 0.519847
2 0.980758 0.0341175 0.0381901 0.0671605 0.518432
2 0.274188 0.483835 0.0717155 0.0728581 0.517321
2 0.899853 0.0219392 0.0724409 0.0437552 0.51407
2 0.575911 0.670086 0.0764743 0.076207 0.512065
2 0.153791 0.982534 0.0717138 0.0349318 0.511509
1 0.306629 0.948861 0.0712381 0.070953 0.510876
1 0.0139761 0.932014 0.0278994 0.071756 0.510294
0 0.425775 0.570985 0.0740872 0.0745939 0.508965
1 0.9438 0.555098 0.0766254 0.0761589 0.507888
2 0.451892 0.104511 0.0696694 0.070182 0.504692
2 0.52642 0.4351 0.0724501 0.0721512 0.501956
2 0.588648 0.819955 0.0756371 0.0759699 0.501472
0 0.819998 0.179539 0.0723986 0.0727179 0.932809
0 0.409629 0.454458 0.0730595 0.0733278 0.926794
0 0.372448 0.055749 0.0729065 0.0732565 0.925724
0 0.747301 0.829078 0.077405 0.0775211 0.924528
2 0.311073 0.677594 0.0736499 0.0736332 0.923872
0 0.769904 0.16377 0.0737225 0.0733224 0.922247
2 0.345066 0.679537 0.0736999 0.073845 0.92188
2 0.884891 0.349026 0.0743219 0.0737062 0.921485
0 0.742351 0.564069 0.0762875 0.0757732 0.919982
0 0.663638 0.93627 0.0752289 0.0757584 0.91953
0 0.801059 0.272608 0.0741795 0.0740945 0.919295
2 0.161109 0.765192 0.0737581 0.0734854 0.918315
0 0.0868672 0.553656 0.0730613 0.0736062 0.918259
0 0.0912829 0.935916 0.0737383 0.0742111 0.918155
0 0.0326768 0.770696 0.0653536 0.073951 0.918081
0 0.322723 0.673673 0.0734534 0.0741154 0.917746
2 0.922248 0.948762 0.0799774 0.0805366 0.917601
0 0.0309972 0.633492 0.0619943 0.0742811 0.917422
0 0.587769 0.868332 0.0766972 0.0760551 0.91724
2 0.577333 0.880098 0.0773623 0.0761597 0.916918
2 0.0360092 0.590449 0.0715686 0.0738375 0.916592
2 0.438751 0.610005 0.0757071 0.07575 0.915802
0 0.281431 0.176403 0.0725032 0.0728526 0.915677
0 0.941917 0.450238 0.0756493 0.0755794 0.915632
0 0.694584 0.700742 0.0761386 0.0766651 0.915602
2 0.0805962 0.67653 0.0748814 0.0736349 0.915512
2 0.0665054 0.0403612 0.0723666 0.0717802 0.915488
0 0.606053 0.71833 0.0762209 0.0755589 0.915485
2 0.287666 0.457659 0.0723368 0.0730985 0.915374
2 0.923445 0.916786 0.079487 0.0787333 0.9153
0 0.77609 0.80568 0.0784979 0.0777306 0.915191
0 0.821702 0.191723 0.0720753 0.0725234 0.914899
0 0.115452 0.591292 0.0743111 0.0738853 0.914783
2 0.82253 0.835628 0.0786024 0.0789513 0.914708
2 0.747115 0.329285 0.0738904 0.0739262 0.913987
2 0.57074 0.790325 0.0762812 0.0762588 0.913877
2 0.731426 0.059898 0.0728163 0.0710919 0.913677
0 0.456486 0.695518 0.0760162 0.0763083 0.913675
0 0.822836 0.813765 0.07939 0.079829 0.913391
2 0.812946 0.134791 0.0722286 0.072206 0.913368
0 0.761375 0.888349 0.0774808 0.076968 0.913237
2 0.031742 0.739857 0.063484 0.0744999 0.913046
0 0.373097 0.650229 0.0733192 0.0734264 0.912913
2 0.499122 0.265942 0.0685745 0.0693568 0.912885
2 0.80584 0.162566 0.0724141 0.0722878 0.912656
0 0.779205 0.393185 0.0726824 0.0726976 0.912635
0 0.483726 0.611911 0.0747511 0.0747112 0.912387
2 0.40918 0.604266 0.0736061 0.0741295 0.912346
2 0.199423 0.926884 0.0732918 0.0731461 0.91229
2 0.304634 0.563509 0.0733334 0.072245 0.911989
2 0.36092 0.643141 0.0727167 0.0733665 0.911951
2 0.487276 0.277182 0.0688239 0.0693027 0.911782
0 0.80585 0.776104 0.0778069 0.0783624 0.911717
0 0.544476 0.859673 0.0752146 0.0753971 0.911374
2 0.387054 0.366274 0.0724104 0.0725387 0.911354
0 0.940735 0.358045 0.0740677 0.0738885 0.911343
1 0.587299 0.203706 0.0695445 0.0701195 0.910942
2 0.639999 0.639377 0.0755085 0.0757149 0.910863
2 0.392681 0.642483 0.0743318 0.0743267 0.910823
2 0.179511 0.908237 0.073611 0.0734009 0.910684
0 0.282599 0.523635 0.0729557 0.0732983 0.910632
0 0.720265 0.732404 0.0780312 0.0772469 0.910562
0 0.833444 0.857775 0.0791254 0.0784882 0.910387
2 0.396422 0.687337 0.0749874 0.0747866 0.910295
0 0.606588 0.859854 0.076545 0.0774708 0.910213
2 0.634707 0.765562 0.0772438 0.0770384 0.910168
0 0.180741 0.611677 0.0730257 0.0728899 0.910091
0 0.340652 0.379795 0.0741545 0.0734335 0.909952
0 0.660725 0.668258 0.0764221 0.075848 0.909852
0 0.816604 0.655054 0.0777664 0.0771599 0.909761
2 0.773238 0.925761 0.0782127 0.0790676 0.909196
0 0.284488 0.594022 0.073175 0.0727886 0.909143
2 0.895529 0.311629 0.073704 0.0731021 0.909061
2 0.152269 0.933837 0.0724952 0.0725 0.908996
0 0.426299 0.424999 0.0724156 0.0723175 0.90896
0 0.363935 0.3411 0.0728045 0.0731814 0.908796
0 0.0313741 0.185357 0.0627481 0.0724093 0.908751
2 0.760781 0.138778 0.0727364 0.0725158 0.908737
2 0.62571 0.625987 0.0753409 0.0754877 0.90853
0 0.607107 0.772803 0.0757572 0.075456 0.908471
2 0.731154 0.145698 0.0735537 0.0730896 0.908387
0 0.718848 0.948229 0.0762201 0.075919 0.90833
2 0.0479311 0.63355 0.0742764 0.0745708 0.90832
2 0.706783 0.649393 0.0766626 0.0771767 0.908319
2 0.643323 0.872479 0.0756187 0.075668 0.908313
2 0.727591 0.132941 0.0722257 0.0724305 0.908298
0 0.727452 0.318534 0.0735907 0.0740662 0.908264
2 0.527644 0.530735 0.0743246 0.0741877 0.908159
0 0.0288629 0.248548 0.0577257 0.0722713 0.907983
2 0.202058 0.906571 0.0733633 0.0739613 0.907947
2 0.46429 0.580687 0.0759119 0.0754301 0.907794
2 0.269657 0.157149 0.0743259 0.0739298 0.907299
2 0.108119 0.547394 0.0732536 0.0731453 0.907151
0 0.777678 0.479657 0.0751785 0.0747824 0.907097
2 0.432397 0.480206 0.0745919 0.0743096 0.906991
1 0.216289 0.480733 0.0725846 0.0731232 0.906981
2 0.198193 0.458828 0.0716883 0.0722914 0.906805
2 0.274538 0.275586 0.0735651 0.0738771 0.906722
0 0.0482369 0.0685357 0.0717781 0.0724855 0.906552
2 0.760979 0.34676 0.0740014 0.0741792 0.906419
0 0.145292 0.701502 0.0742749 0.0739774 0.906373
1 0.378801 0.606059 0.0744603 0.0744005 0.906249
0 0.439139 0.389889 0.0713245 0.0715239 0.906094
2 0.404609 0.40506 0.072751 0.0727128 0.90605
0 0.928791 0.845765 0.0799671 0.0789986 0.905994
0 0.894001 0.787395 0.0806293 0.0806178 0.905958
1 0.242141 0.825169 0.0745192 0.0746326 0.905946
2 0.857053 0.767687 0.0781309 0.0784548 0.905848
0 0.904331 0.716052 0.0772844 0.0784871 0.905723
2 0.412102 0.64309 0.0739379 0.0740529 0.905703
2 0.238417 0.57505 0.0734748 0.0733294 0.905614
2 0.674832 0.646007 0.0748451 0.0746151 0.905568
2 0.81807 0.120535 0.0727262 0.0725741 0.905531
2 0.789819 0.385202 0.0721898 0.0724525 0.905504
2 0.0808417 0.66281 0.0750765 0.0749133 0.905458
2 0.0495927 0.657123 0.0742291 0.0744328 0.905359
0 0.264027 0.60932 0.0732168 0.0730902 0.905088
2 0.505799 0.625414 0.077502 0.0781322 0.905083
0 0.530514 0.832155 0.0757969 0.0753644 0.904855
0 0.852564 0.919639 0.0788265 0.0782909 0.904853
2 0.0402524 0.154021 0.073405 0.0729688 0.904825
2 0.256983 0.128418 0.0729188 0.0719533 0.904729
2 0.822014 0.0949316 0.0726858 0.0731959 0.904696
2 0.644678 0.61152 0.0759556 0.0757162 0.904689
2 0.722614 0.813202 0.0764959 0.0761549 0.904617
2 0.459873 0.286688 0.0695803 0.0690161 0.904522
1 0.170456 0.0489969 0.0718779 0.0715526 0.904284
2 0.167796 0.582883 0.0739127 0.0734159 0.904055
0 0.316476 0.411858 0.0741839 0.0734899 0.90404
2 0.911247 0.337058 0.0742123 0.0743857 0.903761
2 0.751201 0.799458 0.0764164 0.076413 0.903761
2 0.712845 0.0507364 0.0711658 0.0708373 0.903586
2 0.368881 0.0791723 0.0730152 0.0727134 0.903584
0 0.906616 0.947537 0.0782534 0.0793453 0.903473
1 0.683126 0.446072 0.07446 0.0738891 0.903431
1 0.479537 0.320519 0.0717625 0.0715125 0.903098
1 0.563245 0.211662 0.0686127 0.0689295 0.90298
0 0.809054 0.741424 0.0774162 0.0771975 0.902881
0 0.906739 0.368292 0.0738869 0.0741587 0.90285
2 0.0846475 0.580123 0.0734092 0.073699 0.902825
0 0.587019 0.686483 0.0765394 0.0762494 0.902573
2 0.170317 0.0738432 0.0709952 0.0708562 0.902483
0 0.208464 0.829254 0.0736055 0.0737585 0.902443
1 0.583629 0.228931 0.069828 0.0698645 0.902402
0 0.918763 0.71413 0.0770439 0.0772696 0.902375
0 0.855455 0.688943 0.0769445 0.0773518 0.902289
0 0.756387 0.760135 0.0768275 0.0773685 0.902059
0 0.0329417 0.616374 0.0658835 0.0746107 0.901887
1 0.256524 0.430264 0.073153 0.0729523 0.901836
0 0.575139 0.501636 0.0728802 0.0728409 0.901816
1 0.611918 0.24358 0.0683511 0.0699741 0.901766
0 0.417167 0.710978 0.0749058 0.0744656 0.901639
0 0.962013 0.366404 0.0732161 0.073192 0.901639
2 0.610937 0.604405 0.0749563 0.0750978 0.901523
2 0.643912 0.935636 0.0747875 0.0747648 0.901258
2 0.055176 0.595566 0.0745118 0.0739975 0.900973
2 0.110308 0.706748 0.0740282 0.0744879 0.900965
2 0.628307 0.185994 0.0707417 0.0698629 0.900772
1 0.559371 0.385609 0.0715865 0.0712446 0.900626
1 0.236303 0.449347 0.0727013 0.0731225 0.900146
2 0.0499311 0.56663 0.0739185 0.0734222 0.900142
2 0.919292 0.894082 0.0785931 0.0783319 0.900031
2 0.245832 0.587379 0.0722453 0.0722908 0.899981
2 0.0794326 0.305922 0.0719574 0.0719493 0.899909
2 0.809865 0.943069 0.0785645 0.0772816 0.899903
2 0.546382 0.657254 0.0768715 0.0767906 0.899894
2 0.304264 0.167409 0.0729218 0.0723473 0.89989
0 0.0326545 0.571091 0.065309 0.0737154 0.899734
0 0.914491 0.412762 0.0748413 0.0742 0.899727
2 0.641779 0.747083 0.0767807 0.076102 0.89972
2 0.507455 0.655424 0.0772207 0.0777487 0.899687
2 0.613864 0.177949 0.0704275 0.0704591 0.89963
2 0.410138 0.509023 0.0758648 0.0754621 0.899368
0 0.945013 0.93196 0.078717 0.0785805 0.898563
2 0.385269 0.434243 0.0730445 0.0730415 0.898468
2 0.420459 0.0689701 0.0713743 0.0712877 0.898456
2 0.595639 0.174798 0.0713455 0.0702194 0.898399
1 0.617037 0.435819 0.0731089 0.0731465 0.898387
1 0.840474 0.126139 0.0733818 0.0731921 0.898282
2 0.340823 0.268966 0.0736815 0.0738408 0.898236
0 0.66726 0.899653 0.0759544 0.0760536 0.898173
2 0.658555 0.725915 0.0761871 0.0766039 0.898137
2 0.0684036 0.960619 0.0746513 0.0736057 0.897843
2 0.721956 0.921466 0.0759363 0.0759676 0.897842
0 0.801938 0.962566 0.0786633 0.0745163 0.897842
2 0.825573 0.775736 0.0789249 0.0787353 0.897785
0 0.683907 0.888372 0.0765381 0.0769131 0.897773
1 0.193141 0.0568275 0.0721809 0.0722492 0.89775
2 0.779066 0.944394 0.0770002 0.0765263 0.897607
0 0.465125 0.664722 0.0758057 0.0753514 0.897422
2 0.319209 0.322831 0.072465 0.0721159 0.897285
2 0.865326 0.34884 0.0743996 0.0747956 0.896874
0 0.256772 0.505809 0.0712115 0.0721239 0.896675
2 0.775739 0.409971 0.0717751 0.0716782 0.896417
1 0.577655 0.187835 0.0693493 0.0689857 0.896293
0 0.655682 0.567618 0.0757459 0.0749807 0.896104
2 0.363078 0.528378 0.0748562 0.0748709 0.896052
2 0.127406 0.703343 0.0742702 0.0743172 0.895856
2 0.211816 0.63076 0.0726559 0.0731324 0.895751
2 0.466426 0.399308 0.0724125 0.0722235 0.895642
0 0.495221 0.531132 0.0752365 0.0746469 0.895561
2 0.11658 0.502114 0.0734038 0.0731951 0.895483
2 0.943817 0.387632 0.0729038 0.0723835 0.895462
1 0.610524 0.399547 0.0730479 0.0725847 0.89539
0 0.616471 0.522686 0.0735932 0.0735943 0.895239
2 0.854069 0.803647 0.080057 0.0798573 0.895124
1 0.501317 0.846539 0.0757972 0.0760923 0.894997
2 0.144276 0.43984 0.0716522 0.0707991 0.894986
2 0.328846 0.36345 0.0742733 0.0737134 0.894864
0 0.0558367 0.782298 0.0739606 0.0740927 0.89476
1 0.257425 0.474146 0.0740869 0.0729378 0.894626
0 0.300061 0.60192 0.0732881 0.0726623 0.894399
0 0.54373 0.702222 0.0776417 0.0788134 0.894336
2 0.778258 0.18358 0.0734139 0.0734838 0.894183
2 0.624796 0.715447 0.0755733 0.0758835 0.89404
2 0.69129 0.680759 0.0763548 0.0760899 0.893938
2 0.154686 0.587965 0.0733534 0.0726307 0.893884
2 0.460201 0.510906 0.0748368 0.0748638 0.893841
2 0.0780229 0.59331 0.0741582 0.0743554 0.893726
2 0.965016 0.892645 0.0699688 0.0792316 0.893653
0 0.922581 0.373713 0.0745483 0.0737736 0.89365
0 0.473942 0.742978 0.0779439 0.0766866 0.893559
2 0.726613 0.0453267 0.0712467 0.0721036 0.893461
1 0.311166 0.139858 0.0730907 0.0734102 0.893297
1 0.158574 0.820641 0.0745527 0.0747702 0.893145
2 0.962478 0.479794 0.0740738 0.0767287 0.892975
2 0.71791 0.459738 0.0745001 0.0734334 0.892935
0 0.928633 0.444788 0.0754887 0.0744902 0.892851
2 0.87101 0.535581 0.075841 0.0758724 0.892819
2 0.278775 0.663128 0.0724261 0.0719149 0.892811
0 0.739449 0.732809 0.0784854 0.0769783 0.892791
2 0.0712411 0.0592453 0.072111 0.0723595 0.892631
2 0.119611 0.330937 0.0727611 0.0729239 0.892619
2 0.812931 0.455366 0.0733274 0.0740869 0.892454
2 0.675602 0.963975 0.0764236 0.0719219 0.892412
2 0.317811 0.492398 0.0733689 0.0729182 0.892226
2 0.907392 0.879122 0.0793564 0.0795685 0.892057
0 0.668157 0.955362 0.0753233 0.074519 0.892004
2 0.381365 0.452017 0.0742227 0.07337 0.891944
2 0.1264 0.345899 0.0717489 0.0724134 0.891924
2 0.457269 0.476715 0.073835 0.0737392 0.891911
2 0.0280063 0.956221 0.0560125 0.0734184 0.891746
2 0.89033 0.391102 0.074523 0.0747136 0.891683
2 0.287422 0.670242 0.0731325 0.0743734 0.891461
1 0.919668 0.0369055 0.0745321 0.0732191 0.891446
2 0.0752517 0.935692 0.0728781 0.0728397 0.891153
0 0.0385582 0.0314974 0.0694522 0.0620743 0.891128
2 0.755733 0.9222 0.077364 0.0778414 0.890936
2 0.403118 0.46591 0.0727213 0.0724208 0.890779
2 0.0864018 0.696207 0.0744988 0.0740881 0.890602
2 0.767412 0.0856372 0.0721687 0.0720321 0.890571
2 0.0811901 0.884669 0.0749483 0.0746296 0.890363
2 0.533661 0.480904 0.0745728 0.0741777 0.890186
2 0.0276539 0.910785 0.0553079 0.073558 0.889833
2 0.935604 0.470655 0.0759991 0.0757656 0.889721
2 0.677606 0.75258 0.0769045 0.0760333 0.88968
1 0.496206 0.308539 0.0703499 0.0704507 0.889603
2 0.0418476 0.367353 0.0734106 0.0732326 0.88932
2 0.84116 0.0711721 0.0742443 0.0739671 0.88908
2 0.153652 0.0760873 0.071784 0.0710258 0.889015
2 0.86606 0.403747 0.0743015 0.0741561 0.888793
2 0.747181 0.0735174 0.071724 0.0714275 0.888633
2 0.195156 0.724217 0.0758388 0.0755783 0.888371
2 0.725878 0.578946 0.077542 0.0768862 0.888307
1 0.546098 0.130228 0.0707167 0.0706432 0.888251
2 0.608227 0.92238 0.0753679 0.0747122 0.888244
1 0.549199 0.560892 0.0751268 0.0747999 0.888237
2 0.581803 0.602371 0.0743262 0.0753674 0.888187
0 0.483344 0.75592 0.0769926 0.0764923 0.887776
1 0.720674 0.264151 0.0737996 0.0733711 0.887747
1 0.248592 0.320433 0.0718397 0.0718308 0.887711
0 0.577151 0.825864 0.0770458 0.0772095 0.88771
2 0.0818135 0.605079 0.0739111 0.0736139 0.887624
0 0.0626781 0.759291 0.0745023 0.0747477 0.887602
2 0.645893 0.680419 0.075364 0.0752194 0.88756
2 0.115688 0.931174 0.0731682 0.0736729 0.887491
2 0.384291 0.699276 0.0737148 0.0739986 0.887336
2 0.479777 0.516706 0.0746944 0.0747334 0.887328
0 0.850667 0.900582 0.0802033 0.0799706 0.887197
2 0.791062 0.753327 0.0766903 0.0764942 0.887117
2 0.29523 0.500646 0.07331 0.0724737 0.886993
0 0.099739 0.598876 0.0731077 0.0734408 0.886923
2 0.0808342 0.35531 0.0712011 0.0710693 0.886891
2 0.879962 0.757884 0.0778297 0.0781137 0.886455
2 0.529116 0.730959 0.0776346 0.0769609 0.886198
2 0.404336 0.67199 0.0743066 0.074334 0.88575
2 0.084632 0.0574346 0.0724876 0.0727911 0.885637
2 0.221459 0.879641 0.074507 0.0741203 0.885575
0 0.717267 0.54883 0.076465 0.0761454 0.885536
2 0.436669 0.080922 0.0698137 0.0707093 0.88553
0 0.957262 0.941007 0.0794052 0.0790092 0.885429
1 0.174013 0.976777 0.0711683 0.0463169 0.885379
2 0.47419 0.282089 0.0687182 0.0700996 0.885315
2 0.797192 0.462627 0.0745922 0.0744492 0.885228
1 0.207777 0.165207 0.0713544 0.0713563 0.885061
1 0.252335 0.841462 0.0740954 0.0738735 0.884995
2 0.214874 0.83707 0.0739316 0.0730537 0.884994
1 0.178548 0.42605 0.0710147 0.0709526 0.884918
0 0.454516 0.613846 0.0748352 0.0745428 0.884811
1 0.271062 0.875057 0.0731565 0.072876 0.884606
0 0.255331 0.690521 0.0749695 0.0746542 0.884131
1 0.657854 0.19607 0.0717373 0.0710947 0.883889
1 0.534362 0.558543 0.0735922 0.0737071 0.88352
2 0.336853 0.283284 0.0730338 0.0741838 0.883456
1 0.629804 0.319982 0.0707823 0.0704219 0.883376
1 0.59173 0.950249 0.074749 0.074815 0.883309
1 0.575159 0.548435 0.0749039 0.074416 0.882751
2 0.316259 0.643243 0.0725269 0.0728168 0.882543
2 0.960695 0.792651 0.0774939 0.079216 0.882259
2 0.462287 0.531085 0.0749207 0.07469 0.882063
2 0.832612 0.220456 0.0727127 0.073407 0.881533
2 0.64491 0.846845 0.0772463 0.077129 0.881466
1 0.0534783 0.441676 0.0718514 0.0715981 0.881424
1 0.409508 0.155011 0.0704323 0.0714019 0.881217
2 0.663681 0.249061 0.0703779 0.0707033 0.88068
1 0.19062 0.158878 0.0713622 0.0711446 0.880585
1 0.500064 0.811985 0.0752944 0.0752413 0.880441
2 0.0449958 0.185789 0.0732613 0.0728419 0.880199
2 0.780494 0.702174 0.0769822 0.0775187 0.880086
1 0.870315 0.114233 0.0736767 0.0735085 0.879908
0 0.115757 0.632502 0.0748817 0.0749468 0.879834
1 0.125311 0.962472 0.0716704 0.0712952 0.879814
0 0.674966 0.721952 0.0767979 0.0762676 0.879638
1 0.33087 0.962761 0.0721945 0.0713867 0.879636
2 0.0502241 0.361139 0.0715479 0.0723276 0.879569
2 0.15889 0.341772 0.072403 0.0724346 0.879202
1 0.0457274 0.457684 0.0744546 0.0741952 0.87916
2 0.0946628 0.866796 0.0746688 0.074176 0.879042
1 0.480902 0.862504 0.0748951 0.0749609 0.878948
2 0.0859011 0.133001 0.071561 0.0719801 0.878761
2 0.799584 0.25228 0.0749855 0.0750551 0.878749
2 0.964919 0.911858 0.0701611 0.0800854 0.878694
2 0.0890222 0.567401 0.0732617 0.0732258 0.878288
2 0.619743 0.14358 0.0724134 0.0721417 0.878056
1 0.276492 0.560181 0.0724497 0.0719578 0.87762
2 0.808327 0.626146 0.0781372 0.0786247 0.877613
2 0.890598 0.442475 0.0743717 0.0741558 0.87754
0 0.745432 0.685333 0.0765715 0.0771402 0.87739
2 0.180846 0.719133 0.0745735 0.074526 0.877284
2 0.194028 0.777418 0.0757766 0.0752981 0.877134
2 0.0344912 0.254854 0.0689825 0.0736294 0.877081
2 0.80538 0.68214 0.0771397 0.0773455 0.876969
2 0.410342 0.0925659 0.0708502 0.0713361 0.876828
0 0.70882 0.716748 0.0779585 0.0778872 0.876826
2 0.391243 0.515607 0.0742925 0.0735022 0.876677
2 0.484044 0.550724 0.0750044 0.0751762 0.876612
0 0.0228539 0.80695 0.0457078 0.0742359 0.87583
2 0.548168 0.173124 0.0691864 0.0697564 0.875744
1 0.480176 0.830068 0.0754346 0.0752682 0.875213
2 0.284932 0.543098 0.0718589 0.0715654 0.875171
2 0.304761 0.653866 0.0729365 0.0730355 0.875161
2 0.124484 0.91351 0.072906 0.0729481 0.875089
2 0.752688 0.213659 0.0728989 0.0724109 0.874783
2 0.536312 0.616161 0.0768023 0.0760196 0.874594
2 0.801343 0.714781 0.0763456 0.076347 0.874521
2 0.847615 0.569411 0.0781868 0.0768647 0.87441
2 0.480908 0.425497 0.0730642 0.0719557 0.874092
2 0.249283 0.796353 0.0742478 0.074339 0.873999
1 0.180388 0.491045 0.0720954 0.0713724 0.873311
1 0.863007 0.0412568 0.0747116 0.0743211 0.873154
2 0.776917 0.431615 0.0724819 0.0724798 0.872695
2 0.108598 0.835343 0.0753319 0.0749998 0.872649
1 0.599505 0.54868 0.0742862 0.0746334 0.872537
1 0.53097 0.301008 0.072134 0.0705825 0.872476
1 0.826086 0.300684 0.0745031 0.074296 0.872346
2 0.935562 0.320032 0.0738476 0.0733749 0.872315
2 0.781627 0.419703 0.0729414 0.0724282 0.871436
2 0.629581 0.819691 0.0771935 0.0768888 0.871049
1 0.154242 0.131871 0.0711019 0.0716302 0.870594
1 0.261413 0.345823 0.0725082 0.0733535 0.870498
0 0.150113 0.624789 0.0733277 0.0734093 0.870452
0 0.0178198 0.869679 0.0354836 0.0739231 0.869569
1 0.594899 0.0331267 0.0694216 0.0659048 0.869394
2 0.697123 0.0382641 0.0722859 0.0714449 0.868397
2 0.0796889 0.916571 0.074256 0.0732491 0.868062
2 0.794837 0.327373 0.0751632 0.075139 0.867979
2 0.0340662 0.26916 0.0681324 0.0726984 0.867655
2 0.973198 0.370175 0.0536045 0.0734504 0.867615
0 0.0234608 0.830227 0.0468835 0.075832 0.867214
2 0.490276 0.176435 0.0684329 0.0684488 0.867199
1 0.301056 0.0293003 0.0709533 0.0581768 0.867123
2 0.730015 0.113447 0.0731373 0.072156 0.867047
2 0.728939 0.793735 0.0766666 0.0761838 0.866927
2 0.794195 0.645184 0.077383 0.077297 0.866789
1 0.397374 0.186157 0.0701358 0.0695645 0.866763
1 0.0374646 0.416459 0.0732366 0.0743186 0.866436
0 0.0433867 0.0959919 0.0730112 0.0726819 0.866292
2 0.458243 0.43441 0.074246 0.0735215 0.866266
2 0.710594 0.873017 0.0762394 0.0755482 0.866111
2 0.648146 0.25361 0.0690128 0.0704022 0.866002
1 0.919357 0.131529 0.0738085 0.0748979 0.865632
2 0.70419 0.900253 0.0765202 0.0766228 0.865599
1 0.614381 0.0415172 0.0710634 0.0711616 0.865485
1 0.860575 0.23263 0.0730358 0.0735216 0.865432
2 0.683369 0.407179 0.0730282 0.0729178 0.864985
2 0.605733 0.808257 0.0768177 0.0768559 0.864821
2 0.721473 0.0277153 0.0725947 0.0548392 0.864771
2 0.517575 0.671881 0.0763293 0.0765558 0.864679
2 0.368267 0.132442 0.0733031 0.0738511 0.864379
2 0.0676437 0.971807 0.0740386 0.0563866 0.863606
2 0.474734 0.246007 0.0685831 0.069353 0.863455
2 0.834891 0.718959 0.0765499 0.0762512 0.863364
2 0.597613 0.505481 0.0733929 0.0738718 0.863272
0 0.708576 0.325041 0.0718031 0.0720431 0.863198
1 0.828245 0.0323677 0.0730598 0.0647355 0.862715
2 0.771393 0.967902 0.0769359 0.0641958 0.862614
2 0.755581 0.974986 0.0772933 0.0498428 0.862588
1 0.171447 0.128866 0.0706667 0.0701612 0.862578
1 0.165036 0.210411 0.0721207 0.0716819 0.862507
1 0.423545 0.162062 0.0694715 0.0702252 0.862317
2 0.370836 0.504798 0.0749749 0.0746368 0.861935
1 0.583956 0.435639 0.0730642 0.0729661 0.861877
1 0.116511 0.0847661 0.0718163 0.0720613 0.861382
0 0.977841 0.881187 0.0439072 0.079034 0.861121
1 0.912393 0.0606572 0.0721983 0.0725302 0.860867
2 0.215761 0.760164 0.0754831 0.074777 0.860613
1 0.12615 0.315143 0.0718159 0.0721312 0.860455
2 0.708512 0.535843 0.0771193 0.0767753 0.860326
1 0.941078 0.0329045 0.0741432 0.065809 0.860195
2 0.918307 0.602899 0.0776371 0.0781367 0.85989
2 0.101697 0.341299 0.0717624 0.0710961 0.859483
1 0.0643629 0.405595 0.0719344 0.0725617 0.859161
1 0.58914 0.570615 0.0732375 0.0734795 0.859058
2 0.967493 0.420636 0.0650133 0.074521 0.858961
2 0.934366 0.903729 0.0797359 0.0799164 0.8589
2 0.822418 0.757085 0.0779348 0.0778954 0.858826
2 0.450568 0.405973 0.0724357 0.0727328 0.8588
1 0.889903 0.116432 0.0743353 0.0745945 0.858719
2 0.324841 0.234863 0.074012 0.0744522 0.858301
2 0.780009 0.2068 0.0731382 0.0737624 0.857177
1 0.953782 0.295801 0.0750126 0.074642 0.857089
2 0.622806 0.16839 0.0723457 0.0723214 0.856889
0 0.543255 0.74291 0.0762601 0.0756874 0.856731
2 0.231454 0.92624 0.0732825 0.073431 0.856553
0 0.382353 0.482517 0.0741694 0.0747212 0.855025
1 0.277177 0.366472 0.0727037 0.0726986 0.854755
2 0.5884 0.648535 0.0747202 0.0744792 0.854618
2 0.769534 0.745349 0.0774631 0.0769633 0.854469
1 0.392103 0.14464 0.0718068 0.0726169 0.853227
2 0.192873 0.757758 0.0759169 0.0755217 0.852118
0 0.0318068 0.867997 0.0635312 0.0741278 0.85203
1 0.530723 0.33821 0.0703223 0.0701864 0.85172
2 0.0620756 0.729591 0.074193 0.0747057 0.851357
1 0.11488 0.256688 0.071924 0.072008 0.851181
2 0.751201 0.0881258 0.0713078 0.071065 0.850655
2 0.0287992 0.792534 0.0575983 0.0751087 0.850067
2 0.897331 0.896293 0.0796951 0.0790154 0.849272
1 0.803087 0.363096 0.0723532 0.0719204 0.848738
2 0.328 0.45917 0.0737563 0.073805 0.847847
2 0.290022 0.154218 0.0733791 0.0736929 0.847708
2 0.207541 0.885567 0.0740892 0.0734156 0.847686
2 0.309485 0.265827 0.0751869 0.0739906 0.846419
2 0.408407 0.028629 0.0711273 0.0568878 0.846359
2 0.647115 0.656291 0.075885 0.075668 0.845665
0 0.0559141 0.0281288 0.0705579 0.0562577 0.845336
1 0.0244603 0.285189 0.048469 0.0736953 0.844942
2 0.28618 0.333793 0.072157 0.0726162 0.84442
2 0.554313 0.357601 0.071656 0.0719407 0.843646
2 0.742711 0.880697 0.0758515 0.0754646 0.843539
0 0.350852 0.565292 0.0729315 0.0725883 0.843231
2 0.0286551 0.219012 0.0573103 0.0726745 0.843117
1 0.9686 0.272824 0.0627995 0.0753965 0.841731
0 0.853131 0.958677 0.0792477 0.0774376 0.840798
2 0.0564174 0.27222 0.0735496 0.0728806 0.840668
2 0.194424 0.977103 0.0727618 0.0457947 0.840464
2 0.421856 0.129741 0.0702816 0.0713416 0.839284
2 0.519429 0.251376 0.0692907 0.0689081 0.838736
1 0.951785 0.668073 0.0778679 0.077103 0.838429
1 0.0827029 0.525952 0.0734434 0.0732203 0.838233
1 0.860822 0.130072 0.0735487 0.0738645 0.837897
2 0.973287 0.493982 0.0529339 0.0773529 0.837494
0 0.433558 0.638541 0.074694 0.0744716 0.837242
1 0.647828 0.414238 0.0737949 0.0739117 0.836646
2 0.607754 0.972691 0.0745623 0.0546188 0.835424
2 0.351157 0.183554 0.0735121 0.0732147 0.834381
2 0.74869 0.0243153 0.0727165 0.048113 0.833577
1 0.138379 0.112542 0.0714132 0.0712038 0.833141
2 0.792082 0.672294 0.077624 0.0774016 0.833088
2 0.02906 0.888987 0.0578151 0.0732666 0.833056
2 0.717134 0.0641776 0.070235 0.070257 0.832138
0 0.56159 0.976019 0.0765871 0.0475437 0.832089
2 0.929654 0.772677 0.0827675 0.0821514 0.83128
2 0.922261 0.355807 0.0733789 0.0741632 0.831151
2 0.74956 0.932088 0.0755578 0.0771145 0.830676
1 0.219328 0.213696 0.0719314 0.0718196 0.830148
2 0.337718 0.918395 0.0728171 0.0737083 0.830133
2 0.140138 0.476323 0.0716958 0.0705568 0.828924
1 0.841183 0.158523 0.072543 0.072997 0.828924
2 0.978961 0.0436961 0.0420776 0.0744796 0.828784
1 0.680558 0.370759 0.0722601 0.0725114 0.828264
1 0.939838 0.143254 0.0746317 0.074927 0.828141
1 0.376034 0.18879 0.0722377 0.0720206 0.827691
2 0.0987205 0.631569 0.0742032 0.0746242 0.826684
1 0.460032 0.307688 0.0701685 0.0706602 0.826624
2 0.37645 0.313795 0.0724772 0.0720811 0.826596
2 0.353474 0.281659 0.0734669 0.0728867 0.826407
1 0.845235 0.0229779 0.0726921 0.0459558 0.826381
1 0.189894 0.197165 0.0713557 0.0716447 0.826102
2 0.0225877 0.535325 0.0451754 0.0732868 0.824008
2 0.972907 0.346775 0.054185 0.0730271 0.823779
0 0.971484 0.385781 0.0570311 0.0703342 0.822872
2 0.0275212 0.0550992 0.0550424 0.0720079 0.822851
2 0.974793 0.0533046 0.0496929 0.0747627 0.821925
1 0.493327 0.0552978 0.070276 0.070198 0.82132
0 0.691957 0.841112 0.0761128 0.075876 0.820601
1 0.628053 0.979748 0.0752459 0.0402885 0.82042
2 0.250958 0.707384 0.0744593 0.0740965 0.819835
2 0.142181 0.977265 0.0710565 0.0454695 0.819108
2 0.177955 0.546153 0.0739862 0.0734478 0.819103
1 0.703931 0.165344 0.0740532 0.0732288 0.819014
1 0.553927 0.0236113 0.0702954 0.0469301 0.818948
2 0.496577 0.548135 0.0748963 0.0752379 0.817402
1 0.0246885 0.446191 0.0492704 0.0741339 0.816651
0 0.970046 0.787721 0.0599079 0.0809604 0.816421
2 0.496218 0.213458 0.0680849 0.0674022 0.816273
2 0.34019 0.488211 0.073478 0.0739136 0.815993
1 0.104214 0.980159 0.071215 0.0396822 0.815913
2 0.606615 0.12057 0.0752293 0.075403 0.815459
2 0.101108 0.418437 0.0716374 0.0721633 0.81505
2 0.161846 0.84975 0.0733162 0.0728439 0.814743
2 0.33993 0.110685 0.0726971 0.0723365 0.814061
1 0.170772 0.380737 0.0710681 0.0711338 0.814032
2 0.684879 0.274376 0.0712599 0.0720796 0.813841
2 0.155705 0.359713 0.0710609 0.0712161 0.813167
1 0.485269 0.0617376 0.0692207 0.0691325 0.81307
2 0.692111 0.297119 0.0714163 0.0714242 0.812322
2 0.0205885 0.131396 0.0411771 0.0727193 0.81122
2 0.689222 0.0233576 0.0720842 0.0467153 0.811188
2 0.260076 0.975875 0.0734953 0.048251 0.808886
2 0.362745 0.102606 0.0726197 0.0724028 0.808703
2 0.353178 0.221202 0.0736251 0.0738096 0.80864
2 0.467874 0.500276 0.0738731 0.0731322 0.808028
2 0.36632 0.620884 0.0736249 0.0736608 0.80777
2 0.845271 0.846584 0.0796925 0.0797523 0.807485
1 0.675497 0.976096 0.0737377 0.0478071 0.807464
2 0.973516 0.828549 0.052967 0.0807171 0.806889
0 0.775421 0.712535 0.0766291 0.0755819 0.806833
2 0.256578 0.584757 0.0730347 0.0726288 0.806585
2 0.658782 0.877107 0.076417 0.0770443 0.805832
2 0.916922 0.687173 0.0765076 0.0779947 0.805741
0 0.352181 0.464558 0.0742269 0.0745403 0.805361
2 0.0507551 0.307047 0.072752 0.0731272 0.80325
2 0.341514 0.502129 0.0732426 0.0728861 0.802885
1 0.195299 0.118992 0.071639 0.0712629 0.802086
2 0.974529 0.897093 0.0509412 0.0787546 0.801979
2 0.336716 0.558164 0.0728143 0.073016 0.801823
1 0.277655 0.41837 0.072834 0.0727036 0.80067
2 0.414872 0.23104 0.0697356 0.070115 0.799701
2 0.633477 0.780798 0.0764395 0.0762428 0.798872
2 0.553378 0.061409 0.0704552 0.0695268 0.796337
0 0.427998 0.690972 0.076061 0.0753351 0.795753
2 0.786752 0.436801 0.0722583 0.0725918 0.795718
2 0.139134 0.043129 0.0719291 0.0716248 0.795391
2 0.0184192 0.61734 0.0368384 0.0737051 0.791906
2 0.497511 0.503499 0.0734555 0.074138 0.791587
1 0.64514 0.974684 0.0743624 0.0494749 0.791449
2 0.135972 0.0657434 0.0717252 0.0724803 0.791171
2 0.936573 0.880804 0.0778496 0.0783432 0.790848
2 0.860227 0.251813 0.0726665 0.0724634 0.790226
1 0.978039 0.11346 0.0439226 0.0748607 0.788379
0 0.907512 0.63712 0.0767843 0.0770153 0.788356
2 0.886473 0.646088 0.0763844 0.0762653 0.788078
2 0.883221 0.741714 0.0776526 0.077714 0.786597
0 0.0909004 0.0269829 0.0721265 0.0539657 0.785772
0 0.576579 0.669566 0.0766304 0.0762857 0.783142
2 0.112804 0.896282 0.0738245 0.073955 0.78241
2 0.563552 0.709465 0.0773873 0.0777557 0.781304
2 0.317573 0.310097 0.0726428 0.0721281 0.780683
2 0.650594 0.274768 0.0705728 0.0707197 0.780069
0 0.719353 0.847709 0.0761719 0.0759005 0.780033
2 0.739348 0.903594 0.0771757 0.0769039 0.778944
0 0.436203 0.709917 0.0749876 0.0748841 0.778654
0 0.626014 0.693352 0.0749331 0.0751796 0.778231
1 0.096521 0.242002 0.0706339 0.0708148 0.777464
1 0.106717 0.972003 0.0709232 0.0559803 0.776289
2 0.283407 0.293849 0.073751 0.0735757 0.775951
0 0.910997 0.929776 0.0794392 0.078154 0.775753
2 0.82735 0.0621403 0.0729141 0.0722479 0.77349
1 0.536885 0.3783 0.0710272 0.0716998 0.773114
1 0.503801 0.794209 0.075703 0.0755788 0.772786
1 0.214693 0.327206 0.0714057 0.0719517 0.771057
2 0.621783 0.215059 0.0699718 0.0693333 0.770844
2 0.77983 0.898919 0.0773719 0.077597 0.770001
2 0.278498 0.615827 0.0736091 0.0727682 0.768516
1 0.561839 0.314062 0.0701853 0.0699857 0.768069
1 0.206067 0.372018 0.071836 0.0716157 0.767737
1 0.64957 0.982129 0.0757505 0.0357413 0.767314
2 0.328424 0.0177374 0.0708357 0.0353958 0.767193
1 0.849853 0.0545356 0.0734932 0.0735685 0.766933
1 0.636101 0.392711 0.0723341 0.0735358 0.765558
1 0.174589 0.175608 0.070879 0.0705387 0.765314
1 0.0177218 0.29609 0.0354435 0.0743917 0.76493
2 0.126627 0.367776 0.0712604 0.0707272 0.763574
2 0.980885 0.519447 0.0378271 0.0772493 0.763108
2 0.527572 0.898985 0.0762064 0.0765293 0.76275
0 0.910505 0.398668 0.0740177 0.073733 0.760888
0 0.686759 0.777985 0.0749469 0.0753353 0.760129
2 0.243177 0.786362 0.0741317 0.0745813 0.757874
2 0.697025 0.321956 0.0716557 0.0717215 0.754474
1 0.406438 0.792317 0.0767496 0.07689 0.754398
1 0.853928 0.147577 0.073101 0.0734706 0.753912
2 0.908342 0.289362 0.0731928 0.0726886 0.752983
2 0.279534 0.203812 0.0751326 0.0742996 0.752038
1 0.864094 0.177793 0.0725157 0.072342 0.750984
2 0.740021 0.162515 0.0726616 0.0727408 0.75005
2 0.528381 0.354133 0.0715403 0.070855 0.748522
2 0.247974 0.637092 0.0723505 0.0724781 0.747179
2 0.197532 0.59752 0.0732204 0.0727005 0.746695
0 0.054456 0.89696 0.0745837 0.0742306 0.746329
2 0.752934 0.874874 0.0770103 0.076137 0.745878
2 0.0221391 0.245102 0.0442782 0.071948 0.745852
0 0.752659 0.195391 0.0729351 0.0732261 0.745442
2 0.865317 0.979408 0.0778107 0.0411835 0.745259
0 0.774959 0.673221 0.0770279 0.0767572 0.744924
1 0.630159 0.0914351 0.0718473 0.0713053 0.742698
2 0.338298 0.318838 0.0727722 0.0731504 0.742202
2 0.833275 0.572277 0.0780224 0.0770052 0.740854
2 0.109184 0.779822 0.0744993 0.0750482 0.739446
1 0.59551 0.0831014 0.0728527 0.0726834 0.738979
2 0.0377869 0.760171 0.0724132 0.0738155 0.736968
2 0.747746 0.844319 0.0775415 0.0770794 0.736056
2 0.816929 0.708569 0.0776219 0.0777507 0.736024
1 0.735679 0.229057 0.0700237 0.0719232 0.735952
1 0.0366738 0.484484 0.0707998 0.0705874 0.735362
2 0.504669 0.163128 0.0683256 0.067899 0.734892
2 0.327405 0.924031 0.0733632 0.0734144 0.734259
2 0.222805 0.674245 0.073939 0.0732704 0.733995
2 0.774713 0.654042 0.0770406 0.0771464 0.732693
0 0.943081 0.336706 0.0745665 0.0731091 0.73076
2 0.463107 0.0194322 0.0683535 0.0388644 0.730195
2 0.259019 0.289165 0.071475 0.0717558 0.729332
0 0.247829 0.945982 0.0742542 0.0737591 0.727899
1 0.928758 0.219082 0.0765802 0.0760212 0.727747
1 0.863482 0.548085 0.0755329 0.075776 0.72732
2 0.865904 0.464077 0.0756466 0.0750572 0.726474
2 0.506752 0.204633 0.0682953 0.0683478 0.726247
0 0.728939 0.492351 0.0743266 0.0736225 0.725262
0 0.732858 0.854218 0.0764314 0.0755741 0.724125
1 0.979644 0.287679 0.0404148 0.0760061 0.724014
1 0.811864 0.0649466 0.0710379 0.0718949 0.722999
0 0.782804 0.797733 0.0794155 0.0785281 0.722717
2 0.0313116 0.201842 0.0625944 0.0717861 0.722669
1 0.353281 0.970129 0.0730601 0.0596357 0.720806
2 0.115847 0.353977 0.0722962 0.0722718 0.720653
1 0.979781 0.256212 0.0404379 0.0769189 0.715628
0 0.902255 0.968281 0.0780117 0.0634386 0.715533
1 0.697597 0.405829 0.0721657 0.0725411 0.715052
1 0.221447 0.41027 0.0706618 0.0708158 0.714458
2 0.122566 0.815712 0.07366 0.0735286 0.714398
2 0.550862 0.835619 0.0763706 0.0758932 0.713036
2 0.645307 0.51412 0.0750292 0.0737465 0.7115
1 0.39514 0.237172 0.0719979 0.0709389 0.711448
2 0.206278 0.536883 0.0756608 0.0750277 0.711045
1 0.69288 0.157557 0.0738672 0.0738234 0.710085
2 0.04742 0.747144 0.0743468 0.073917 0.708885
2 0.0508503 0.0851802 0.0717457 0.0722187 0.708794
1 0.0750184 0.486696 0.0724658 0.0721738 0.707158
1 0.612713 0.0695489 0.0711981 0.0722066 0.705549
2 0.803987 0.294564 0.0727314 0.0728487 0.705473
1 0.511116 0.0522189 0.0699264 0.0687611 0.705019
2 0.871374 0.294164 0.0729197 0.0723759 0.703218
2 0.711931 0.100954 0.0720453 0.0719315 0.702643
1 0.46569 0.226137 0.0689955 0.0688034 0.70177
0 0.448467 0.706526 0.0765253 0.0758641 0.69872
0 0.428829 0.0423368 0.0704864 0.0708827 0.697652
1 0.554239 0.414983 0.070768 0.0704155 0.696863
1 0.831227 0.378221 0.0736793 0.0731514 0.695288
0 0.485962 0.491606 0.073097 0.0738435 0.694413
2 0.924384 0.475378 0.0760529 0.0775679 0.694139
0 0.0388754 0.796598 0.0742601 0.0755234 0.693558
2 0.182541 0.924792 0.0725395 0.0727634 0.692818
1 0.56704 0.143711 0.0718251 0.0720894 0.692436
0 0.482551 0.681967 0.0775968 0.0774572 0.688292
1 0.868811 0.0178973 0.0743162 0.0357614 0.687697
1 0.475022 0.881017 0.0743788 0.074407 0.686258
0 0.897631 0.748512 0.0802715 0.0802202 0.683797
2 0.243623 0.0412115 0.0699476 0.0702299 0.679974
1 0.345126 0.936598 0.0745104 0.0741161 0.67924
0 0.604581 0.517377 0.0735044 0.0723046 0.678212
2 0.745813 0.481379 0.0745407 0.0742478 0.678006
2 0.111436 0.398157 0.0709774 0.0714773 0.674691
2 0.128837 0.587869 0.0739303 0.0730515 0.674061
2 0.979677 0.172731 0.0406457 0.0738265 0.673114
2 0.0994664 0.511864 0.0721334 0.0726738 0.673022
1 0.883849 0.249918 0.0729591 0.0729351 0.668444
2 0.72889 0.778316 0.0768535 0.0766005 0.666386
0 0.587904 0.819795 0.0757061 0.075527 0.665793
2 0.695496 0.860057 0.0753929 0.0753761 0.662998
2 0.431295 0.120965 0.0699795 0.06902 0.662768
2 0.0311685 0.975998 0.0611281 0.0480042 0.662567
2 0.46239 0.0490374 0.0685801 0.0685679 0.662287
1 0.123701 0.941904 0.0723079 0.0718782 0.661991
0 0.855695 0.333237 0.0752628 0.0749343 0.66149
1 0.493385 0.102954 0.0692327 0.0688586 0.661133
2 0.898952 0.732023 0.0789127 0.0780558 0.660682
2 0.960601 0.866726 0.0773212 0.0796522 0.651906
1 0.174907 0.691441 0.0732672 0.0737972 0.651311
1 0.205686 0.183457 0.0720351 0.0713683 0.650019
2 0.215135 0.6163 0.07127 0.0722653 0.647931
2 0.535999 0.273062 0.0687488 0.0687123 0.647517
1 0.241126 0.478683 0.072318 0.0726593 0.6463
0 0.728513 0.649252 0.0755985 0.075297 0.645489
2 0.792161 0.735604 0.0770357 0.0765649 0.644253
2 0.0853441 0.750421 0.0732988 0.0728043 0.644117
2 0.389823 0.982477 0.0742749 0.0350456 0.641526
0 0.719677 0.96662 0.0758007 0.0667593 0.640333
1 0.140947 0.149863 0.0720076 0.0712804 0.64028
1 0.196784 0.341909 0.0714283 0.0712591 0.640273
2 0.488856 0.666344 0.0756609 0.0766811 0.639897
2 0.125602 0.0297845 0.0714587 0.059555 0.639254
0 0.0249285 0.844265 0.0498569 0.0703007 0.636076
1 0.195129 0.682573 0.072384 0.0720001 0.634476
2 0.0492717 0.0381585 0.0736715 0.0721593 0.633245
1 0.902479 0.158152 0.0731396 0.0723876 0.633196
2 0.891485 0.81394 0.0826782 0.0830759 0.631377
1 0.516802 0.0913689 0.0690531 0.0688687 0.629225
2 0.692372 0.424209 0.0737768 0.0731597 0.627837
2 0.282151 0.630027 0.0731169 0.0732683 0.624287
1 0.287787 0.108855 0.0716658 0.072925 0.616793
1 0.22838 0.491454 0.0718046 0.0712986 0.61522
2 0.0618743 0.383259 0.0722502 0.0722936 0.612679
2 0.507005 0.980734 0.0777811 0.0384823 0.609943
1 0.663915 0.146798 0.0727763 0.0726431 0.609317
0 0.170856 0.724118 0.0738255 0.0737387 0.605398
1 0.800249 0.90858 0.0787907 0.0778923 0.602196
0 0.0404461 0.918553 0.0742152 0.0738903 0.600327
2 0.0251331 0.84518 0.0501925 0.0748589 0.600323
0 0.129555 0.589295 0.0735023 0.07381 0.600231
2 0.869361 0.0845166 0.0730972 0.0725039 0.598851
1 0.520456 0.397089 0.0710469 0.0696742 0.598746
2 0.133712 0.49516 0.0718515 0.0718138 0.596868
1 0.355077 0.724687 0.0746482 0.0749732 0.596399
0 0.335881 0.474196 0.0728821 0.0732838 0.595016
2 0.831809 0.918584 0.0778523 0.0779526 0.593119
2 0.243635 0.929961 0.073173 0.0734856 0.592941
2 0.0217175 0.372157 0.0432025 0.0736034 0.592575
1 0.180133 0.394569 0.07249 0.0725246 0.591073
0 0.252723 0.555379 0.0721377 0.0728919 0.591046
2 0.356362 0.198546 0.0730573 0.0728666 0.586234
1 0.0776219 0.396399 0.072077 0.0722716 0.58455
2 0.597496 0.160477 0.0711247 0.0720336 0.583732
2 0.594291 0.590949 0.0752348 0.0748304 0.58338
2 0.676232 0.0184622 0.0682705 0.0369245 0.581994
1 0.143486 0.804652 0.0736284 0.074961 0.581042
0 0.980498 0.417601 0.0390047 0.0736591 0.580013
2 0.867126 0.965868 0.0770218 0.0681322 0.57907
1 0.55643 0.100501 0.0719421 0.0699525 0.577815
2 0.62832 0.227141 0.0687 0.0691124 0.576751
2 0.806451 0.978692 0.0767765 0.0425207 0.576523
0 0.0487287 0.746758 0.072745 0.0733013 0.574792
1 0.958685 0.202518 0.0727955 0.0740806 0.574368
1 0.912236 0.167218 0.0735687 0.0730554 0.571949
1 0.117781 0.117718 0.0715357 0.071155 0.5706
0 0.0616534 0.914646 0.0744132 0.0742573 0.5705
1 0.380573 0.205564 0.0717844 0.0717513 0.567958
2 0.0191459 0.257993 0.0382917 0.0691851 0.567517
2 0.016276 0.0244458 0.0323329 0.048667 0.564535
1 0.180528 0.214169 0.0723333 0.0713423 0.563648
2 0.421917 0.0180111 0.0697126 0.0360222 0.561915
2 0.922398 0.974322 0.080925 0.0513559 0.56074
2 0.143986 0.684868 0.073729 0.0737559 0.554825
2 0.36955 0.303562 0.0725944 0.0727872 0.549241
2 0.730844 0.750718 0.0774025 0.0767472 0.54756
0 0.9227 0.623426 0.0769846 0.0767591 0.546382
1 0.0134813 0.320933 0.0269041 0.0739652 0.546039
2 0.363681 0.433471 0.0740459 0.0738386 0.544933
1 0.970698 0.140193 0.0586046 0.0742451 0.542786
2 0.981321 0.42101 0.0371914 0.0751465 0.541746
1 0.645127 0.052041 0.071312 0.0704329 0.541087
0 0.0823929 0.620255 0.0740038 0.0741484 0.54026
2 0.204837 0.656195 0.073208 0.0729289 0.537795
2 0.312221 0.45307 0.0731197 0.0733719 0.535874
1 0.471722 0.132862 0.0686756 0.0688944 0.535598
2 0.571945 0.269747 0.0707296 0.0714538 0.534081
2 0.0808399 0.770937 0.0745658 0.0745909 0.531805
2 0.559053 0.175232 0.0694656 0.0692242 0.531377
2 0.354715 0.396449 0.0738083 0.0739285 0.528655
1 0.1291 0.97122 0.0734803 0.0572605 0.526238
2 0.722454 0.634951 0.0767387 0.0771132 0.526007
2 0.212078 0.112612 0.0693402 0.0701725 0.52458
1 0.098159 0.35263 0.0708925 0.0717635 0.524075
2 0.737345 0.980632 0.0748692 0.0387253 0.523542
2 0.915629 0.0948156 0.0741035 0.0746096 0.521141
2 0.0994197 0.844674 0.0745398 0.0745903 0.520586
2 0.661193 0.517042 0.0742772 0.07416 0.520321
2 0.0755849 0.0203608 0.0712039 0.0407215 0.519847
2 0.980758 0.0341175 0.0381901 0.0671605 0.518432
2 0.274188 0.483835 0.0717155 0.0728581 0.517321
2 0.899853 0.0219392 0.0724409 0.0437552 0.51407
2 0.575911 0.670086 0.0764743 0.076207 0.512065
2 0.153791 0.982534 0.0717138 0.0349318 0.511509
1 0.306629 0.948861 0.0712381 0.070953 0.510876
1 0.0139761 0.932014 0.0278994 0.071756 0.510294
0 0.425775 0.570985 0.0740872 0.0745939 0.508965
1 0.9438 0.555098 0.0766254 0.0761589 0.507888
2 0.451892 0.104511 0.0696694 0.070182 0.504692
2 0.52642 0.4351 0.0724501 0.0721512 0.501956
2 0.588648 0.819955 0.0756371 0.0759699 0.501472
