0 0.97016 0.0547533 0.0596798 0.0693801 0.932985
0 0.966368 0.0936742 0.0672644 0.0704632 0.927453
0 0.0280549 0.0922806 0.0558897 0.0682674 0.927331
2 0.0505412 0.250989 0.0656255 0.0661959 0.926093
0 0.252822 0.58525 0.0685204 0.0679474 0.925863
0 0.212042 0.366621 0.0682337 0.0685721 0.924214
2 0.12826 0.261219 0.0672911 0.0672098 0.922831
2 0.0418051 0.378173 0.067083 0.0656928 0.921382
0 0.311107 0.226695 0.0689775 0.0684474 0.920567
2 0.215645 0.349244 0.0693887 0.0690343 0.919764
2 0.464714 0.44117 0.0694689 0.0690714 0.91949
2 0.356324 0.532286 0.0674763 0.0676043 0.919171
2 0.188858 0.169714 0.0668778 0.0670409 0.918861
2 0.419182 0.805418 0.0701288 0.0697 0.918445
0 0.828689 0.76286 0.07162 0.0708614 0.918425
0 0.700576 0.86844 0.0699306 0.0714766 0.918067
0 0.0383491 0.403026 0.0669405 0.0672896 0.917281
0 0.113038 0.304897 0.0666589 0.0673393 0.917154
0 0.133012 0.883925 0.0682135 0.0689499 0.916935
2 0.350806 0.663434 0.0694391 0.0689733 0.916799
0 0.11657 0.793822 0.0688641 0.0685657 0.916342
0 0.950565 0.0356523 0.0708931 0.0698648 0.915685
0 0.505532 0.440593 0.0707084 0.0699183 0.91565
2 0.438796 0.640966 0.0695013 0.0699377 0.915608
0 0.546617 0.853451 0.0689299 0.0690445 0.915553
0 0.801932 0.626222 0.0715673 0.0709758 0.915487
0 0.157031 0.793437 0.0680367 0.0678842 0.915137
0 0.344475 0.318666 0.0696685 0.0696529 0.915124
1 0.325786 0.373862 0.069124 0.0687435 0.914415
0 0.941331 0.165446 0.0706034 0.0695739 0.914398
0 0.142387 0.588597 0.0689251 0.0680887 0.913821
0 0.353856 0.774098 0.0704186 0.0694126 0.913526
0 0.513705 0.919531 0.0689661 0.0689545 0.913387
1 0.378424 0.561124 0.0690483 0.0684575 0.913218
1 0.221367 0.749966 0.0681656 0.0674118 0.913139
0 0.0780531 0.319337 0.0667774 0.0677183 0.913058
2 0.838998 0.817844 0.0698875 0.0707315 0.912997
0 0.109718 0.0734608 0.0688867 0.0686081 0.912972
2 0.0367824 0.388498 0.0659316 0.0657473 0.912536
0 0.763453 0.770251 0.0691538 0.0704769 0.912484
0 0.146803 0.123049 0.067418 0.0678104 0.912482
2 0.515603 0.680361 0.0697234 0.069945 0.912247
2 0.564753 0.134828 0.0703606 0.0699614 0.912058
2 0.587012 0.0317475 0.0688211 0.0634949 0.91161
0 0.0461937 0.821743 0.0672321 0.0673109 0.911568
0 0.220554 0.188093 0.0682152 0.0674906 0.91124
2 0.422066 0.783408 0.069612 0.0703565 0.911214
2 0.138002 0.200664 0.065943 0.0658499 0.910826
2 0.808334 0.81716 0.070439 0.0705338 0.910749
2 0.256292 0.786589 0.0675058 0.0677389 0.910599
2 0.585841 0.107331 0.06985 0.0709089 0.91052
0 0.787062 0.895876 0.070205 0.0708593 0.910444
2 0.956581 0.512714 0.0716021 0.0701864 0.910269
0 0.199387 0.246648 0.0673143 0.0679332 0.910263
0 0.176438 0.603718 0.0685432 0.068445 0.910197
2 0.356379 0.307802 0.0681573 0.0693128 0.910191
2 0.382657 0.941863 0.0679259 0.0677605 0.910181
2 0.882206 0.802448 0.0725761 0.0717548 0.910141
2 0.275405 0.572846 0.0675119 0.0677759 0.910119
0 0.112337 0.889908 0.0675395 0.0683437 0.909678
2 0.0365095 0.879462 0.0659245 0.0660484 0.909643
2 0.675863 0.0886692 0.0707644 0.070658 0.909535
2 0.109304 0.542062 0.0677892 0.0680035 0.909484
0 0.0845673 0.302906 0.0668031 0.0666758 0.909462
2 0.391841 0.830814 0.0692792 0.0695913 0.909452
2 0.593144 0.921162 0.0703228 0.0694889 0.909272
2 0.56154 0.853692 0.0689217 0.0695414 0.909256
0 0.0699716 0.77251 0.0675272 0.0673233 0.909098
0 0.0750211 0.0739038 0.0682831 0.0684216 0.909047
0 0.0163698 0.510121 0.0326789 0.0683517 0.908911
0 0.205317 0.185519 0.0685381 0.0682057 0.90875
0 0.815202 0.654358 0.0722923 0.0713147 0.90873
0 0.228139 0.556907 0.0681879 0.0682409 0.908717
0 0.0740593 0.785658 0.0669291 0.0675938 0.908471
2 0.83535 0.699343 0.0727844 0.0722075 0.907772
2 0.448735 0.962373 0.0682932 0.0676289 0.907728
2 0.807713 0.760564 0.0699657 0.0699234 0.907695
0 0.418562 0.893971 0.06985 0.0692703 0.907555
2 0.490303 0.478646 0.0694742 0.0698624 0.90732
0 0.178277 0.248865 0.0679122 0.0669479 0.907288
1 0.822831 0.167147 0.0721959 0.072514 0.907228
2 0.622773 0.847721 0.070544 0.0706524 0.907201
0 0.925873 0.126911 0.0697865 0.0700081 0.907162
0 0.04417 0.119926 0.0699 0.0694372 0.907161
2 0.351146 0.79402 0.0688214 0.0694823 0.907158
2 0.580401 0.786189 0.0707849 0.0697979 0.907067
1 0.0868246 0.558487 0.067864 0.0681095 0.907029
0 0.915915 0.105641 0.0706381 0.0705563 0.906911
0 0.0861117 0.328139 0.066547 0.0665532 0.906891
2 0.962843 0.119727 0.0693724 0.0714733 0.906778
0 0.195325 0.29018 0.0684753 0.0681684 0.906702
2 0.923039 0.2271 0.0683912 0.0687074 0.906617
2 0.802764 0.862767 0.0705397 0.0703869 0.906597
0 0.535449 0.502613 0.0700253 0.0702225 0.906594
0 0.103946 0.274055 0.0674563 0.0676094 0.90657
2 0.489328 0.521953 0.0684376 0.0690176 0.906448
2 0.43596 0.0599747 0.0684349 0.0690793 0.906371
0 0.177452 0.269561 0.0681675 0.0683634 0.906238
0 0.0684353 0.835573 0.0671427 0.0671614 0.906233
2 0.965512 0.256368 0.0680582 0.0695754 0.9062
2 0.202492 0.349307 0.0682233 0.0684063 0.906122
2 0.368131 0.620242 0.0703312 0.069726 0.905946
2 0.901621 0.166202 0.0694984 0.0698238 0.905896
2 0.120292 0.424258 0.0694212 0.0678324 0.905829
0 0.492573 0.84868 0.0692233 0.0689804 0.905689
0 0.11209 0.196321 0.0651253 0.0659916 0.905597
0 0.0801043 0.950429 0.0683722 0.0677132 0.905288
2 0.125335 0.273923 0.0671064 0.0671448 0.90528
0 0.0663664 0.303262 0.0662895 0.065857 0.905234
0 0.901036 0.747895 0.0711639 0.0710925 0.905148
0 0.142157 0.478118 0.0683014 0.0677442 0.905133
0 0.439592 0.796717 0.0691439 0.0691469 0.905047
0 0.766745 0.707962 0.0708628 0.0714571 0.905007
0 0.150671 0.522958 0.0677633 0.0681686 0.904863
2 0.468349 0.922233 0.0699376 0.0697514 0.904719
2 0.471001 0.622236 0.0705442 0.0698216 0.904672
2 0.197956 0.273048 0.0682501 0.0682102 0.904587
0 0.166634 0.199005 0.0667623 0.0663878 0.904548
0 0.198791 0.864964 0.0673223 0.0663818 0.904462
0 0.237498 0.275654 0.0676847 0.0679084 0.904454
0 0.386821 0.374643 0.0687938 0.0688772 0.904344
2 0.0580354 0.0643093 0.0678876 0.0681775 0.904297
2 0.101947 0.211923 0.0668778 0.0661955 0.904291
0 0.365671 0.813358 0.0700638 0.0694587 0.904246
2 0.508049 0.556511 0.0695767 0.0697992 0.904181
2 0.407962 0.809849 0.0696748 0.0697365 0.904015
0 0.969147 0.0745924 0.0617056 0.0700432 0.903997
0 0.130472 0.394894 0.0688726 0.068885 0.903996
2 0.595183 0.858958 0.0708255 0.0699575 0.903883
2 0.800526 0.792199 0.0702856 0.0712433 0.903789
0 0.785367 0.68075 0.071847 0.0720329 0.903542
0 0.910979 0.202056 0.0693848 0.0689247 0.903459
1 0.83412 0.182878 0.0721434 0.0725101 0.903384
2 0.755669 0.95204 0.0729267 0.0720623 0.903371
2 0.119854 0.347774 0.0666167 0.0676602 0.90328
2 0.948495 0.807916 0.0709778 0.0716139 0.903195
1 0.835544 0.216385 0.0731964 0.0725302 0.903182
0 0.904476 0.228303 0.0702846 0.0692895 0.903176
0 0.501264 0.506433 0.068119 0.0698325 0.903043
0 0.809199 0.733447 0.0708165 0.0709 0.902955
1 0.206201 0.696007 0.0683535 0.0688803 0.902933
0 0.958892 0.0679116 0.0695072 0.0689225 0.902878
0 0.531539 0.739161 0.0712805 0.0698709 0.902866
0 0.0261083 0.79683 0.0521189 0.0663698 0.902832
0 0.856985 0.56529 0.0707039 0.0702738 0.902753
0 0.802609 0.880247 0.0706144 0.0713322 0.902692
0 0.415056 0.39822 0.069252 0.0694193 0.902551
0 0.908638 0.0675741 0.0706484 0.0718003 0.90253
0 0.826839 0.905322 0.0703159 0.070676 0.902523
2 0.81188 0.918621 0.0702341 0.0709625 0.902498
2 0.0595525 0.196078 0.0685787 0.0685423 0.902422
0 0.967522 0.212326 0.0649555 0.0684803 0.902337
0 0.169686 0.818238 0.0683244 0.0680805 0.902333
0 0.504429 0.495865 0.0686178 0.0695339 0.902299
1 0.573216 0.344343 0.0698017 0.0693654 0.902091
2 0.917404 0.707217 0.0721107 0.0718538 0.902057
0 0.777475 0.91767 0.0702028 0.0697105 0.901921
0 0.162973 0.325854 0.0673512 0.0672097 0.901901
2 0.431932 0.228703 0.068137 0.068623 0.90187
0 0.0323336 0.412244 0.0644842 0.0668295 0.901862
2 0.514687 0.59277 0.0687809 0.069346 0.901642
0 0.0356864 0.35954 0.0661549 0.0669495 0.901612
0 0.256672 0.304693 0.0696655 0.0688377 0.901347
2 0.344859 0.519323 0.0683639 0.0683762 0.901127
0 0.265742 0.212351 0.0688962 0.0691226 0.900899
1 0.212117 0.391676 0.0687288 0.0683253 0.900869
0 0.584384 0.744388 0.0705786 0.0705328 0.900858
0 0.105699 0.381167 0.0685555 0.0680719 0.900787
2 0.576328 0.146901 0.0693558 0.0699811 0.900763
2 0.419603 0.660532 0.069941 0.0698936 0.900585
0 0.101383 0.824202 0.0673415 0.0672743 0.900572
2 0.496497 0.607089 0.0695841 0.069577 0.900517
2 0.922753 0.643522 0.0712217 0.0719423 0.900383
0 0.687334 0.747863 0.0719177 0.0720064 0.900107
2 0.20433 0.636077 0.0677446 0.0676026 0.900106
2 0.868768 0.800558 0.0727715 0.0713684 0.899918
0 0.609273 0.752523 0.0702292 0.0708136 0.899907
2 0.137222 0.141888 0.0668 0.0679087 0.8997
2 0.945517 0.258398 0.069046 0.0690816 0.899688
0 0.334801 0.681538 0.0699011 0.0703859 0.899667
0 0.233842 0.576877 0.0681946 0.0674808 0.899659
0 0.0586204 0.494751 0.0672893 0.0675705 0.899555
0 0.965886 0.0441908 0.0676159 0.071227 0.899466
2 0.367603 0.634079 0.0702602 0.0697 0.899448
2 0.49766 0.890272 0.0690743 0.0690262 0.899367
2 0.542884 0.94445 0.0698557 0.0697172 0.89935
0 0.307686 0.302117 0.0699939 0.069051 0.899345
0 0.0214068 0.476959 0.0428137 0.0652254 0.899339
2 0.965158 0.386723 0.0686159 0.0709939 0.899291
0 0.0805165 0.407281 0.0675905 0.0676891 0.899216
0 0.460308 0.780885 0.0691772 0.069713 0.899189
0 0.288868 0.237254 0.0677589 0.0677291 0.899108
0 0.49624 0.721832 0.0697983 0.0700933 0.899107
2 0.167637 0.950633 0.0688392 0.0678156 0.898848
0 0.111038 0.251072 0.0667177 0.0666832 0.89881
0 0.231191 0.62214 0.0688301 0.068253 0.898794
0 0.192447 0.94389 0.0677349 0.0674774 0.898776
0 0.423 0.360801 0.0688249 0.0684544 0.898687
0 0.318288 0.886073 0.0677165 0.066692 0.898642
0 0.398131 0.406376 0.0690232 0.0698115 0.898551
1 0.877506 0.53562 0.0694376 0.0685215 0.898529
0 0.241785 0.185927 0.0681253 0.0678024 0.898493
0 0.0334953 0.946366 0.065556 0.0673267 0.898403
2 0.651324 0.797041 0.0732616 0.072405 0.898388
2 0.0370153 0.501672 0.0666754 0.0668587 0.898368
2 0.324503 0.241604 0.0684175 0.068575 0.898134
0 0.32702 0.72855 0.0705496 0.0702121 0.89809
2 0.0593498 0.129004 0.0681047 0.0683226 0.898001
2 0.952306 0.531449 0.0700401 0.070409 0.897825
1 0.617615 0.118447 0.0718628 0.0716352 0.897818
1 0.140872 0.742731 0.0675413 0.0678143 0.897707
1 0.844736 0.34708 0.07071 0.0709985 0.897706
0 0.307351 0.761839 0.0695686 0.0693036 0.897689
0 0.5782 0.765529 0.0706999 0.0700033 0.897663
0 0.23051 0.30479 0.0687683 0.0682348 0.897603
2 0.452849 0.740596 0.0693233 0.0692034 0.897557
0 0.473072 0.497515 0.0690803 0.0691807 0.897524
2 0.423984 0.414856 0.0684537 0.0685429 0.897502
1 0.0319231 0.578206 0.0638462 0.0671025 0.897224
0 0.0304877 0.254614 0.0607372 0.066093 0.897126
0 0.275998 0.901682 0.0660366 0.0665058 0.897113
2 0.643638 0.771262 0.0725218 0.0723768 0.897074
0 0.654549 0.902124 0.0718687 0.0707932 0.896964
0 0.181947 0.357812 0.069141 0.0686168 0.896944
0 0.10533 0.0976278 0.0681262 0.0689041 0.89674
2 0.903579 0.0964859 0.0706165 0.0707511 0.896723
2 0.176711 0.526937 0.0683539 0.0675372 0.896668
0 0.0208353 0.886372 0.0416706 0.0654648 0.896664
2 0.0907388 0.430631 0.0681696 0.0681272 0.89659
2 0.299679 0.536959 0.0680635 0.0677227 0.896484
2 0.261858 0.326821 0.0680998 0.0685382 0.896377
2 0.169355 0.534576 0.0686597 0.0677847 0.896304
2 0.26274 0.924632 0.0661531 0.0665853 0.896155
0 0.455231 0.524189 0.0688911 0.0682962 0.895987
1 0.820943 0.504117 0.0721565 0.0723364 0.895958
2 0.857281 0.643317 0.0726925 0.0724888 0.895913
2 0.52214 0.938491 0.0687921 0.0683632 0.895831
2 0.954605 0.406766 0.0716358 0.0713213 0.89577
0 0.0680772 0.107806 0.068714 0.0686146 0.895685
2 0.0660417 0.23808 0.0668415 0.0664159 0.89566
0 0.081205 0.887637 0.067384 0.0662445 0.895602
2 0.186996 0.590572 0.0674831 0.0679395 0.895502
2 0.69741 0.901498 0.0712017 0.0709829 0.895457
0 0.600564 0.215099 0.0684812 0.0682194 0.895386
1 0.230899 0.10804 0.0698911 0.0690207 0.895319
2 0.125592 0.834119 0.0675227 0.0682707 0.895218
0 0.0496997 0.044684 0.0684932 0.0692064 0.895134
0 0.0289423 0.17311 0.0578845 0.0674025 0.895114
2 0.409325 0.71768 0.0695634 0.0697924 0.895023
0 0.219419 0.270175 0.0688773 0.0684566 0.894754
2 0.283499 0.335638 0.0685489 0.0685018 0.894533
2 0.494469 0.673897 0.0695547 0.0700773 0.894413
2 0.854834 0.827755 0.0714863 0.0708265 0.894159
2 0.324314 0.821429 0.0681678 0.0693729 0.894081
2 0.356923 0.746818 0.0702256 0.0698284 0.894064
2 0.781474 0.817758 0.0705467 0.0700865 0.894045
2 0.152095 0.174833 0.0671973 0.0666099 0.893964
2 0.0451732 0.454186 0.0679443 0.0675692 0.893922
0 0.153511 0.269307 0.0673169 0.0675362 0.893853
1 0.84391 0.464851 0.0720882 0.0710506 0.893707
2 0.595763 0.71926 0.0694612 0.0695929 0.893673
0 0.0525762 0.889922 0.0671135 0.0667126 0.893578
2 0.236637 0.772558 0.0676619 0.0681932 0.893273
0 0.0196907 0.835969 0.0393813 0.0661024 0.893123
2 0.534826 0.190692 0.0686052 0.0681771 0.893071
2 0.368737 0.717656 0.0701564 0.0698525 0.892883
2 0.499705 0.545957 0.0684917 0.0698977 0.892823
0 0.760866 0.680378 0.0706181 0.0713242 0.892789
2 0.781339 0.87345 0.0703127 0.0698479 0.892706
1 0.802713 0.423042 0.0718912 0.0719745 0.892584
0 0.0576095 0.341343 0.0653419 0.0652776 0.892394
2 0.372908 0.861686 0.0687403 0.0683071 0.892359
2 0.517427 0.775822 0.0694479 0.0696676 0.892264
1 0.556011 0.582316 0.0694275 0.0691416 0.892148
2 0.335126 0.900747 0.067079 0.0672834 0.891905
0 0.271834 0.813924 0.0680272 0.0678966 0.891876
0 0.333408 0.743546 0.0683735 0.0680976 0.891708
0 0.106238 0.355349 0.0685572 0.0681823 0.891574
0 0.259363 0.761784 0.0676686 0.0671191 0.891411
2 0.144146 0.56801 0.0680087 0.0685873 0.891401
0 0.187816 0.850616 0.0672547 0.0676376 0.891376
2 0.195041 0.805365 0.0681294 0.0676189 0.891314
0 0.287906 0.696192 0.0690387 0.069193 0.891123
1 0.0734571 0.66895 0.0679618 0.0684749 0.8911
0 0.339759 0.955766 0.0674119 0.0675138 0.890962
2 0.165598 0.170606 0.0675543 0.0674867 0.89095
0 0.550139 0.764579 0.0701733 0.0693404 0.89089
1 0.317471 0.400024 0.0704344 0.0696018 0.890885
2 0.955308 0.264886 0.0678381 0.0678615 0.890862
0 0.436309 0.360362 0.0686897 0.0692075 0.890663
2 0.379166 0.658213 0.0711021 0.0701818 0.89051
2 0.935045 0.524774 0.0697226 0.069604 0.890195
2 0.0834411 0.386766 0.0663365 0.0660348 0.890111
2 0.547381 0.729968 0.0694656 0.0702281 0.8901
1 0.308449 0.37018 0.0700675 0.0703111 0.88983
0 0.154135 0.365216 0.0688739 0.0684281 0.88977
2 0.907571 0.134734 0.0704218 0.0702913 0.889718
0 0.116074 0.161456 0.0667091 0.0665812 0.889682
1 0.544739 0.600203 0.0692392 0.0678102 0.889611
2 0.773033 0.659976 0.0709312 0.0706641 0.889467
1 0.223011 0.462635 0.0679011 0.0672362 0.889341
1 0.862174 0.358219 0.0695606 0.0704473 0.889259
1 0.208063 0.734449 0.0691061 0.068326 0.889246
0 0.189134 0.230775 0.0673125 0.0682006 0.889035
2 0.965459 0.607794 0.0690821 0.071456 0.888858
0 0.324636 0.688036 0.0693112 0.0691944 0.888824
2 0.94536 0.905046 0.0705248 0.0704582 0.88832
2 0.217742 0.792418 0.0672619 0.0670708 0.888067
1 0.413392 0.538433 0.0690586 0.0682499 0.888018
2 0.966642 0.403911 0.0667165 0.0716891 0.887965
0 0.284796 0.589648 0.0681263 0.0679794 0.887937
2 0.46201 0.632652 0.0697774 0.0706308 0.88793
0 0.953299 0.353539 0.0707985 0.07145 0.887673
0 0.129192 0.382632 0.0683185 0.0683023 0.887508
2 0.0941181 0.224319 0.0672336 0.0659525 0.88744
2 0.30939 0.609347 0.0695682 0.0694801 0.886956
0 0.0566873 0.27931 0.0667758 0.0667275 0.886925
1 0.0936744 0.650245 0.0694515 0.0681942 0.886431
2 0.510055 0.870663 0.0692907 0.0694389 0.886303
2 0.164581 0.759866 0.0669432 0.0674398 0.886164
2 0.523259 0.518762 0.068779 0.0701899 0.886059
0 0.261283 0.890044 0.0663254 0.0665356 0.886056
0 0.259107 0.970138 0.0664914 0.0597248 0.886036
0 0.624786 0.716256 0.0706532 0.0708754 0.885697
2 0.119973 0.463944 0.0690949 0.0680441 0.885577
1 0.290527 0.390678 0.069335 0.0690602 0.885567
0 0.69388 0.788032 0.0715146 0.0698444 0.885555
0 0.204941 0.842888 0.0686261 0.068166 0.885542
2 0.887417 0.157727 0.0699196 0.0711524 0.885245
2 0.0992179 0.789901 0.0672782 0.0679647 0.885219
1 0.584706 0.665573 0.0682123 0.0682964 0.885041
0 0.27592 0.256106 0.067792 0.0690599 0.884957
0 0.171591 0.218251 0.0665856 0.066504 0.884943
2 0.45369 0.658795 0.0703229 0.0703049 0.884937
2 0.313781 0.970383 0.066136 0.0592337 0.884912
1 0.827463 0.525394 0.0709682 0.0695965 0.884858
2 0.027223 0.864491 0.054446 0.0636473 0.884832
1 0.0283181 0.641132 0.0566361 0.0645916 0.884814
0 0.0983251 0.295439 0.0668991 0.0675056 0.88476
2 0.0607684 0.937575 0.0666478 0.0661335 0.884311
2 0.62216 0.729698 0.0706524 0.071721 0.884119
0 0.327871 0.881759 0.067473 0.0683029 0.883911
2 0.700087 0.88439 0.0709142 0.0706921 0.883869
2 0.470794 0.451282 0.068976 0.0682301 0.883844
2 0.347202 0.647721 0.0697425 0.0698259 0.883653
1 0.530236 0.420175 0.0699532 0.0696118 0.883652
2 0.228605 0.170411 0.0693696 0.0691222 0.883543
0 0.308625 0.652436 0.0700267 0.0694469 0.883517
2 0.597659 0.172491 0.0685277 0.0686389 0.88344
2 0.753077 0.735477 0.0700758 0.0697454 0.883399
2 0.238593 0.907768 0.0661821 0.066338 0.883302
2 0.0246682 0.0628797 0.0490872 0.0689556 0.883133
2 0.785105 0.965057 0.0717388 0.068125 0.883044
2 0.470727 0.860454 0.0700985 0.0692726 0.883019
2 0.355738 0.50534 0.0684152 0.0674259 0.882976
0 0.705906 0.703225 0.0723818 0.0719259 0.882805
1 0.106297 0.740204 0.0669377 0.0668011 0.882796
0 0.929533 0.0627354 0.0710619 0.0700361 0.882733
2 0.61067 0.167034 0.0690258 0.0699832 0.882638
2 0.881486 0.775532 0.072344 0.0711115 0.882595
1 0.455446 0.234493 0.0702971 0.0694904 0.882549
2 0.432423 0.971655 0.068919 0.056691 0.882516
2 0.476644 0.568252 0.0691157 0.0699507 0.882315
1 0.967179 0.950215 0.0656418 0.0701313 0.882175
1 0.82408 0.23216 0.0738953 0.0742445 0.881825
2 0.0480727 0.912507 0.0665777 0.0664181 0.881689
2 0.0241298 0.534118 0.0482595 0.0639715 0.881477
2 0.17327 0.78418 0.067431 0.0681415 0.881441
0 0.0354683 0.89546 0.0661108 0.0679182 0.881371
1 0.220964 0.498479 0.0690642 0.0681854 0.881222
2 0.288642 0.956161 0.0667494 0.0675823 0.880872
1 0.782549 0.521513 0.0726974 0.0722897 0.880819
2 0.738172 0.843229 0.0700376 0.0706753 0.880694
0 0.178555 0.228808 0.0677611 0.0669172 0.880674
1 0.716961 0.0333481 0.0695783 0.0662597 0.880591
2 0.299105 0.944304 0.0656733 0.0666027 0.880589
2 0.681505 0.85689 0.0720688 0.0717098 0.880496
2 0.789572 0.863787 0.0698003 0.0697521 0.880329
2 0.667973 0.192674 0.0689502 0.068585 0.880136
1 0.815765 0.48088 0.0728424 0.0723911 0.880067
2 0.735211 0.68416 0.0702362 0.0700748 0.880062
2 0.496058 0.187205 0.0696823 0.0688936 0.879905
2 0.1015 0.479484 0.0681745 0.0681288 0.879767
2 0.151624 0.856835 0.0679316 0.0672214 0.879684
0 0.0315582 0.476875 0.0631164 0.0673399 0.879495
0 0.0445085 0.952157 0.0680972 0.067046 0.879392
2 0.347257 0.974221 0.0671507 0.0514668 0.879153
0 0.195801 0.966533 0.0677704 0.0663612 0.878859
0 0.0244626 0.234559 0.0487183 0.0675725 0.878687
0 0.0936233 0.120815 0.068618 0.0678963 0.87867
1 0.564473 0.447194 0.0701481 0.0707502 0.878577
2 0.293873 0.32453 0.0695908 0.0683476 0.878569
2 0.416603 0.96062 0.068834 0.0682522 0.878355
2 0.297789 0.467441 0.0694869 0.069648 0.878282
0 0.942456 0.624961 0.0713787 0.0702024 0.878208
0 0.379198 0.975096 0.0677459 0.0495087 0.878056
1 0.948185 0.757804 0.0700722 0.0695391 0.877702
1 0.601565 0.608172 0.0683942 0.0693345 0.877459
2 0.589773 0.180881 0.0685646 0.0690681 0.877238
0 0.262229 0.864247 0.0659616 0.0656097 0.877219
0 0.305183 0.801417 0.0681355 0.0683582 0.877114
1 0.0626589 0.56821 0.0668677 0.0680702 0.877028
2 0.13341 0.529307 0.0674871 0.0675621 0.876974
0 0.790802 0.972876 0.0717066 0.0542475 0.876954
0 0.258167 0.901232 0.067783 0.0664356 0.876926
2 0.31827 0.315927 0.0701553 0.0695429 0.876733
2 0.72238 0.85791 0.0701916 0.0710583 0.876488
0 0.404616 0.97403 0.0686872 0.0519409 0.876409
2 0.823558 0.835449 0.0697737 0.0702539 0.87633
0 0.123491 0.234898 0.0668334 0.0659495 0.876298
2 0.0312385 0.616041 0.0624769 0.066402 0.876195
1 0.235512 0.378426 0.0692723 0.0690305 0.876164
2 0.348502 0.577305 0.0680011 0.0679943 0.876058
0 0.0228434 0.266363 0.0456339 0.0660985 0.876004
1 0.765005 0.253124 0.0742395 0.0738485 0.875658
0 0.97221 0.125901 0.0555792 0.0712481 0.875235
0 0.149914 0.245328 0.0666917 0.0675088 0.874891
1 0.965624 0.743627 0.0685743 0.0704596 0.874808
0 0.183635 0.96836 0.0690445 0.0632794 0.874644
2 0.956635 0.967793 0.0678764 0.0644131 0.874611
2 0.595453 0.948906 0.0715199 0.0702892 0.874225
0 0.39095 0.0209975 0.0697622 0.0417268 0.873504
0 0.0427928 0.27972 0.064736 0.0648062 0.873448
2 0.707261 0.80791 0.0707645 0.0711205 0.873429
1 0.449652 0.213437 0.0692894 0.0689384 0.873183
2 0.146576 0.215673 0.0670923 0.0667336 0.873069
2 0.970615 0.501265 0.0587705 0.0696753 0.872748
2 0.19601 0.629463 0.068039 0.0685251 0.872527
2 0.410734 0.22808 0.0687902 0.0682668 0.872467
2 0.873124 0.967556 0.0718987 0.0648888 0.872256
2 0.128399 0.367488 0.0683292 0.068692 0.872003
2 0.772894 0.880865 0.0693233 0.0705029 0.871955
2 0.411373 0.0844626 0.0687413 0.0684061 0.871951
0 0.974866 0.193475 0.0500204 0.0709359 0.871535
1 0.0239923 0.0252792 0.0479038 0.0500076 0.87146
2 0.939265 0.680517 0.0708569 0.071084 0.871335
0 0.896581 0.666211 0.0706362 0.0705627 0.870847
2 0.0743209 0.490108 0.0671406 0.0671832 0.870598
2 0.538299 0.117058 0.069261 0.0699044 0.870488
0 0.280072 0.279788 0.0680324 0.0674937 0.869977
2 0.428114 0.908032 0.0692822 0.0696022 0.869962
2 0.361334 0.581125 0.0683731 0.069021 0.869924
1 0.699818 0.146326 0.0706514 0.0714064 0.869762
1 0.644182 0.389536 0.0711399 0.0700737 0.869552
2 0.757435 0.974575 0.0727014 0.0508497 0.869315
2 0.153657 0.972121 0.0673965 0.0556301 0.86925
2 0.508011 0.817545 0.0703153 0.0700083 0.868736
2 0.830324 0.670802 0.07323 0.0722702 0.868658
1 0.347739 0.386341 0.069945 0.0697393 0.868607
0 0.0159586 0.3498 0.0319173 0.0653076 0.868097
0 0.154936 0.910085 0.068382 0.0678564 0.868081
0 0.444298 0.90077 0.0703129 0.0685459 0.867852
0 0.374197 0.344842 0.0691136 0.0698917 0.86775
2 0.432839 0.391058 0.0686112 0.0683106 0.867238
2 0.410507 0.847691 0.0697523 0.0693275 0.866822
1 0.642102 0.139107 0.0715628 0.0704294 0.866778
2 0.39205 0.712868 0.0697504 0.0686841 0.865478
2 0.0629462 0.436792 0.0664922 0.066407 0.865083
2 0.280885 0.786 0.0689471 0.067822 0.864871
1 0.819908 0.334057 0.0710651 0.0708758 0.864763
2 0.0259374 0.205312 0.0515856 0.0667879 0.864429
0 0.694185 0.710017 0.072324 0.0709809 0.863833
2 0.246343 0.218058 0.0683148 0.0686456 0.863435
2 0.479238 0.721059 0.070298 0.0695658 0.862949
1 0.540143 0.320801 0.0685705 0.0690077 0.862743
1 0.647235 0.569658 0.0689169 0.0688034 0.862159
1 0.550685 0.661872 0.0694397 0.068821 0.862108
1 0.788901 0.559642 0.0698165 0.0695747 0.861961
2 0.49552 0.707536 0.0698878 0.0704536 0.861715
0 0.0575535 0.806493 0.0674434 0.0676468 0.860867
1 0.183121 0.416081 0.0678256 0.0679228 0.860776
0 0.209597 0.175146 0.0680744 0.0679996 0.86041
2 0.782419 0.846403 0.070108 0.0701879 0.860154
2 0.29195 0.443456 0.0703364 0.0697931 0.860138
2 0.955721 0.612894 0.0710499 0.0702581 0.859107
2 0.131383 0.28406 0.0682146 0.0677441 0.859105
0 0.275129 0.772478 0.0678684 0.0683273 0.859094
2 0.886378 0.967211 0.0702732 0.0655778 0.85753
0 0.0192087 0.106342 0.0384175 0.0683045 0.857296
1 0.654415 0.548411 0.0699772 0.0692352 0.857104
2 0.0251178 0.297658 0.0502355 0.066183 0.856979
2 0.0217885 0.328702 0.043577 0.0660168 0.856889
1 0.558029 0.22119 0.0680531 0.0683017 0.856823
0 0.303661 0.982312 0.0670529 0.0353752 0.856291
2 0.115514 0.952213 0.0681737 0.0674 0.855995
2 0.128168 0.970106 0.0668707 0.0597881 0.855433
2 0.444126 0.43203 0.0697391 0.0699185 0.854874
1 0.0385622 0.0263656 0.0696911 0.0524307 0.854742
1 0.211373 0.470984 0.0677197 0.0686459 0.854606
0 0.590733 0.762754 0.0712198 0.0705591 0.854177
1 0.887514 0.893508 0.0703363 0.0710588 0.854159
1 0.974156 0.892248 0.0508034 0.0696161 0.854075
2 0.969774 0.23134 0.0602142 0.0682272 0.853777
2 0.0278743 0.785649 0.0557485 0.0655184 0.853555
1 0.853378 0.333799 0.0712063 0.070534 0.853513
0 0.333548 0.288162 0.0687161 0.0672735 0.853291
1 0.981705 0.909266 0.0363144 0.0701471 0.851862
2 0.0490524 0.319331 0.0648997 0.0649379 0.851767
2 0.121815 0.132368 0.0662889 0.0677942 0.851706
1 0.57772 0.224145 0.067729 0.0678725 0.8512
0 0.0997434 0.33418 0.0666578 0.0675417 0.850804
1 0.736038 0.482049 0.0698908 0.0708136 0.850267
2 0.481306 0.968331 0.0682575 0.0629559 0.849881
2 0.0892603 0.924408 0.0666272 0.0664269 0.849485
2 0.981816 0.232416 0.0361599 0.0693476 0.849241
2 0.275525 0.321503 0.0686501 0.068907 0.849167
2 0.56633 0.522898 0.0708833 0.0703098 0.849141
1 0.60187 0.567302 0.0691315 0.0685372 0.849038
0 0.728419 0.792593 0.0701401 0.0703367 0.84838
1 0.969358 0.920979 0.0612844 0.0679476 0.848238
1 0.408022 0.16922 0.0681886 0.0693035 0.847912
2 0.904713 0.114847 0.0711477 0.0698989 0.847708
2 0.737501 0.756071 0.0696989 0.070747 0.847392
2 0.0526152 0.24009 0.0663554 0.0655195 0.847388
2 0.486892 0.496007 0.0688181 0.0690748 0.847201
0 0.317922 0.90564 0.0668441 0.0674379 0.846856
2 0.737653 0.9661 0.07225 0.0678005 0.846515
1 0.0344602 0.596301 0.0664767 0.0679639 0.846477
0 0.298336 0.290557 0.0678062 0.0687679 0.846297
2 0.950209 0.974328 0.0706318 0.0513436 0.846079
0 0.582847 0.935392 0.0686642 0.0684544 0.845228
2 0.0304093 0.841144 0.060611 0.0643345 0.844496
0 0.440353 0.468126 0.068704 0.0689323 0.844303
1 0.626081 0.0627808 0.0700776 0.0699799 0.844069
1 0.260594 0.405518 0.0698519 0.0703212 0.843939
0 0.0179304 0.550262 0.0358608 0.0675188 0.842945
2 0.931579 0.378729 0.0701704 0.0701961 0.842717
2 0.188906 0.831577 0.066958 0.0681629 0.842602
1 0.45763 0.0613988 0.0697202 0.0688639 0.842155
2 0.444033 0.61979 0.0704721 0.0709927 0.841909
0 0.0256007 0.188353 0.0503553 0.0665729 0.84073
2 0.127374 0.805951 0.0678525 0.0683516 0.840484
1 0.161422 0.0464671 0.0678356 0.0687498 0.839559
2 0.299562 0.571934 0.0684856 0.0690342 0.839445
1 0.397366 0.478907 0.0679645 0.0684818 0.839299
2 0.0182921 0.490488 0.0365843 0.0668141 0.838886
0 0.465319 0.965548 0.0694372 0.0680546 0.838361
2 0.982135 0.0567448 0.0354038 0.0700704 0.837908
2 0.432303 0.0804125 0.0689623 0.068706 0.837505
1 0.0700194 0.0303839 0.0694547 0.0604696 0.83691
0 0.439062 0.442828 0.0682764 0.0681379 0.8369
2 0.147884 0.762924 0.0675117 0.0671606 0.836634
2 0.477589 0.694225 0.0692051 0.0694729 0.836535
2 0.480997 0.549291 0.0701422 0.0691599 0.836465
2 0.747062 0.873346 0.0700314 0.0699581 0.836152
2 0.132649 0.120052 0.0688849 0.0684315 0.835866
2 0.974435 0.969257 0.0511297 0.0595655 0.835447
1 0.679018 0.148559 0.0706081 0.0698055 0.834907
0 0.109958 0.850637 0.0665674 0.0663017 0.834776
2 0.019449 0.210931 0.038898 0.066276 0.834043
1 0.477321 0.0656814 0.0683621 0.0686222 0.834042
0 0.746218 0.904868 0.0701262 0.0700714 0.832828
0 0.518981 0.979352 0.069476 0.0412956 0.832159
2 0.713284 0.212323 0.0706146 0.0702458 0.831606
2 0.172636 0.558093 0.0679547 0.0683514 0.831464
1 0.154302 0.61876 0.0676327 0.0670067 0.831202
1 0.21008 0.488642 0.0672849 0.0667276 0.831016
2 0.0944455 0.400257 0.0687866 0.0672554 0.830596
0 0.774894 0.776972 0.0701342 0.0700084 0.830069
2 0.341388 0.863286 0.0682007 0.0680515 0.829011
2 0.674984 0.723843 0.0709643 0.0703194 0.828806
2 0.905118 0.977906 0.0715618 0.0441886 0.828296
2 0.157138 0.337726 0.0685821 0.0673294 0.828237
2 0.316053 0.453865 0.0687848 0.0691477 0.828146
2 0.408377 0.797151 0.0695984 0.0695084 0.828071
2 0.664554 0.757582 0.0728996 0.0731846 0.827685
2 0.380284 0.028775 0.0701337 0.0575499 0.827462
2 0.64904 0.842381 0.0717861 0.0717253 0.827199
2 0.249908 0.631218 0.0681217 0.0683271 0.826464
0 0.954617 0.0184351 0.0705082 0.0368701 0.826444
2 0.25222 0.175816 0.0683942 0.0685101 0.826208
1 0.159846 0.645021 0.0692396 0.0691006 0.826199
1 0.951107 0.874444 0.0693363 0.0693268 0.825292
2 0.123608 0.150211 0.0659279 0.0655852 0.824756
0 0.0530548 0.768348 0.0668024 0.0676188 0.824708
0 0.0300159 0.972991 0.0595471 0.0540178 0.824686
1 0.578027 0.694444 0.0686437 0.0695873 0.8242
1 0.278097 0.362814 0.0696924 0.0689561 0.823555
0 0.968024 0.0182432 0.0620293 0.0364863 0.822613
2 0.545102 0.100926 0.0698485 0.0695828 0.822523
2 0.843948 0.744103 0.0701847 0.0706747 0.821964
2 0.520345 0.198063 0.0697994 0.0695949 0.821398
2 0.523712 0.127472 0.0682623 0.0689056 0.821388
0 0.0979503 0.891725 0.0664443 0.0675949 0.82136
0 0.0321769 0.348668 0.0633092 0.0654792 0.820979
1 0.694065 0.264914 0.0719316 0.0718448 0.819875
0 0.877155 0.711674 0.0719042 0.0711388 0.819801
2 0.0190119 0.525869 0.0380237 0.0665189 0.819792
0 0.392342 0.760616 0.0696147 0.0681829 0.819575
2 0.424645 0.618265 0.0690733 0.0711897 0.818448
2 0.720104 0.778484 0.0712231 0.0708658 0.817456
0 0.0659938 0.291583 0.0658274 0.0653419 0.816233
1 0.857655 0.487578 0.0714556 0.0707481 0.816033
2 0.0224986 0.450378 0.0449973 0.0665543 0.815807
1 0.712384 0.0545477 0.0702841 0.0709623 0.815784
0 0.886346 0.207342 0.0690721 0.0697966 0.815127
0 0.957303 0.229116 0.0681473 0.0688098 0.814116
2 0.726184 0.0958304 0.0697685 0.0703983 0.813995
2 0.494397 0.979331 0.0692036 0.0413378 0.813412
1 0.0338316 0.0166647 0.0642332 0.0333293 0.813126
1 0.477478 0.245216 0.0693256 0.0698312 0.812948
2 0.970323 0.362031 0.0593548 0.0694774 0.812075
2 0.0166209 0.466034 0.0331456 0.0660645 0.811786
2 0.171303 0.856544 0.0676362 0.0682571 0.811312
0 0.0167602 0.622834 0.0335025 0.06663 0.810126
2 0.731783 0.521046 0.0713069 0.0715534 0.810021
1 0.708589 0.16829 0.0702004 0.0719825 0.809892
1 0.530407 0.381315 0.06941 0.0693962 0.809779
2 0.869426 0.957647 0.0716442 0.0720364 0.809435
0 0.131565 0.59046 0.0676184 0.067197 0.808659
2 0.0275483 0.38017 0.0550965 0.0664982 0.808416
1 0.611556 0.0887986 0.0700319 0.0707379 0.808353
2 0.310356 0.597644 0.0696692 0.0688684 0.807311
0 0.17811 0.556388 0.0671944 0.0670979 0.805893
0 0.12501 0.983107 0.0676434 0.0337862 0.805392
2 0.492728 0.578546 0.070668 0.070301 0.805178
2 0.736189 0.743347 0.0697924 0.0691692 0.803329
1 0.670305 0.165007 0.0697117 0.0689124 0.802753
2 0.557418 0.52878 0.0710251 0.0701835 0.801619
1 0.179932 0.746895 0.0678479 0.0680758 0.801233
1 0.0276754 0.676873 0.0548073 0.067559 0.800976
1 0.376518 0.603559 0.0692771 0.0698315 0.79918
0 0.717869 0.719595 0.0699984 0.0702383 0.79856
1 0.574147 0.65984 0.0686737 0.0686869 0.798544
2 0.73115 0.075546 0.0705769 0.0709232 0.79829
2 0.226873 0.967875 0.0665959 0.0641861 0.797792
0 0.467266 0.952069 0.0699753 0.0692924 0.797437
1 0.378204 0.1292 0.0704066 0.0703586 0.797212
0 0.733344 0.911777 0.0689865 0.0684183 0.79655
1 0.719919 0.285537 0.0737605 0.073963 0.796314
0 0.659312 0.937992 0.071191 0.0712048 0.795791
2 0.724628 0.895181 0.0690908 0.0696194 0.79473
1 0.902856 0.852361 0.0710152 0.0708469 0.794612
2 0.554552 0.115675 0.0702137 0.0697364 0.794606
2 0.427588 0.863498 0.0684595 0.068959 0.793148
2 0.738979 0.657097 0.0707378 0.0708199 0.792556
1 0.244479 0.72535 0.068541 0.0674765 0.791531
1 0.177385 0.0620219 0.0685513 0.0679026 0.790876
0 0.457636 0.874615 0.0694788 0.0690079 0.790145
0 0.843057 0.972218 0.0729841 0.0554455 0.789833
1 0.480387 0.0343085 0.0682874 0.0668208 0.788984
1 0.11708 0.621239 0.0694385 0.0689069 0.788493
1 0.369605 0.0524973 0.0697062 0.0685359 0.78799
2 0.820889 0.977471 0.0736783 0.0448469 0.786987
1 0.870544 0.504905 0.0699537 0.0705425 0.785235
2 0.981647 0.607775 0.0366467 0.0701845 0.784409
0 0.163925 0.129143 0.0672418 0.0674861 0.783907
0 0.055237 0.356525 0.066553 0.0663472 0.782295
2 0.340719 0.888793 0.0678779 0.0668333 0.781522
0 0.147108 0.0990863 0.0676015 0.0686465 0.781421
1 0.237233 0.70172 0.068806 0.0683195 0.781145
1 0.725468 0.167933 0.0695576 0.0710175 0.781093
2 0.0551243 0.697951 0.0677835 0.0677343 0.780035
2 0.594289 0.967645 0.0694458 0.0641794 0.779593
2 0.327816 0.262781 0.0684474 0.0678675 0.776576
1 0.140851 0.0221022 0.0695486 0.0438166 0.775754
0 0.213471 0.934293 0.0664052 0.0661869 0.775162
2 0.871254 0.76709 0.0704874 0.0702658 0.773583
1 0.281611 0.141607 0.0693908 0.0697393 0.77275
2 0.564258 0.711012 0.0690051 0.0691689 0.772717
2 0.0514063 0.472402 0.0662558 0.0678921 0.772609
1 0.641355 0.67754 0.0711254 0.0698892 0.771323
2 0.161637 0.506253 0.0670105 0.0683395 0.771102
0 0.0977435 0.0803298 0.0680192 0.0695644 0.770844
0 0.101709 0.952529 0.067925 0.0674694 0.770103
1 0.581259 0.891797 0.0679687 0.06887 0.769012
1 0.583439 0.472821 0.0704198 0.0697472 0.768838
2 0.514482 0.18064 0.0689497 0.0694386 0.768499
1 0.0396256 0.749433 0.066877 0.0661915 0.768338
1 0.635395 0.240616 0.0684839 0.0687851 0.764517
2 0.0224834 0.151505 0.0448232 0.0665425 0.763562
1 0.170794 0.728794 0.0685055 0.0683444 0.762164
2 0.0641284 0.924537 0.0668784 0.0666729 0.761892
0 0.11347 0.290311 0.0668574 0.067559 0.761633
1 0.125014 0.749788 0.0664362 0.0666883 0.760908
0 0.255318 0.207124 0.0698694 0.0692472 0.760475
0 0.840882 0.556425 0.0692865 0.0703848 0.759778
2 0.530524 0.0838846 0.0684232 0.0681648 0.759188
1 0.612327 0.53432 0.0690805 0.0691677 0.757434
0 0.798395 0.610827 0.0703957 0.070252 0.75711
2 0.419814 0.981806 0.0686136 0.0363876 0.756065
2 0.552005 0.363785 0.0700598 0.0695097 0.755443
2 0.506592 0.801348 0.0698468 0.0688774 0.75511
0 0.982695 0.0292752 0.0346093 0.0577207 0.755105
1 0.368559 0.114647 0.071172 0.0691911 0.754583
2 0.0523744 0.625317 0.0672427 0.0672657 0.754443
1 0.429509 0.212311 0.0686374 0.0679788 0.753236
2 0.109882 0.120466 0.0681118 0.0680408 0.752942
2 0.478002 0.511884 0.0689804 0.0685513 0.752671
0 0.27169 0.223752 0.0686664 0.0695523 0.752057
2 0.982255 0.523123 0.0351871 0.0708473 0.751916
1 0.609579 0.629296 0.0677926 0.0687046 0.751447
1 0.837813 0.299193 0.0698805 0.0693592 0.749698
1 0.81506 0.0204855 0.0703379 0.0409711 0.748424
1 0.685657 0.667253 0.0713141 0.0718933 0.748074
2 0.898459 0.0169939 0.0689278 0.0339878 0.747145
1 0.972802 0.420666 0.0543969 0.0667022 0.743072
2 0.863012 0.850254 0.0703419 0.0696339 0.742486
1 0.514364 0.640754 0.0681804 0.0681791 0.742442
2 0.710406 0.197825 0.0708397 0.0710472 0.742383
1 0.437592 0.560358 0.0682927 0.0684372 0.740685
0 0.446844 0.811347 0.0699387 0.0695776 0.738667
2 0.648576 0.965614 0.0711052 0.067477 0.737972
2 0.889351 0.020416 0.0702789 0.0408117 0.737871
2 0.653553 0.979802 0.0717623 0.0403957 0.736778
2 0.389643 0.969905 0.0681916 0.060189 0.734088
2 0.340544 0.982552 0.0662629 0.0348969 0.733673
1 0.585495 0.256764 0.0681715 0.0691365 0.733589
2 0.431619 0.666467 0.0710134 0.0695486 0.732966
1 0.97808 0.885085 0.0438396 0.0688099 0.730325
1 0.767432 0.120379 0.0705933 0.0702595 0.730285
0 0.30365 0.315341 0.0696932 0.0694019 0.729328
2 0.928237 0.837839 0.0698071 0.0690132 0.728652
2 0.982276 0.973619 0.0345827 0.052762 0.728487
2 0.620636 0.887919 0.070627 0.0694443 0.727755
1 0.5473 0.277827 0.0685345 0.0694623 0.727538
2 0.939443 0.188841 0.0687565 0.0686469 0.726839
2 0.322309 0.475493 0.0686118 0.0683804 0.723708
1 0.943587 0.306601 0.06936 0.0690845 0.723114
1 0.751537 0.408459 0.0701187 0.0698372 0.722045
2 0.425696 0.431952 0.0684083 0.0689604 0.720382
2 0.0405162 0.787422 0.0661805 0.066489 0.719488
2 0.0444556 0.850414 0.066327 0.0662022 0.718896
0 0.418695 0.596053 0.0702647 0.0704626 0.713386
1 0.619859 0.482955 0.0697131 0.0697245 0.713371
2 0.227604 0.947741 0.0669396 0.0670464 0.711868
2 0.650065 0.81563 0.0720001 0.0722847 0.7111
2 0.323088 0.497371 0.067903 0.0679977 0.710947
2 0.248272 0.643753 0.0689953 0.0696718 0.709328
2 0.340241 0.223519 0.0690862 0.0682351 0.708473
1 0.537256 0.058655 0.0685044 0.0693924 0.708238
2 0.871568 0.0163981 0.0682953 0.0327962 0.707346
2 0.528298 0.536195 0.0693344 0.0685778 0.706702
0 0.965764 0.63564 0.0677933 0.0705287 0.706278
2 0.214641 0.802224 0.0661281 0.0671001 0.706203
1 0.65661 0.530525 0.0694622 0.0693346 0.705343
2 0.451864 0.978073 0.0689045 0.0438543 0.70526
2 0.287706 0.774909 0.067573 0.0680094 0.705001
1 0.321094 0.531128 0.0675907 0.0688324 0.700309
2 0.916559 0.795111 0.0711088 0.0709803 0.699084
1 0.577424 0.577541 0.0691166 0.0684303 0.698494
2 0.73416 0.0895607 0.0706747 0.0695189 0.69839
1 0.75219 0.581631 0.0707201 0.0700069 0.696162
2 0.419004 0.108003 0.0685764 0.0688853 0.695932
0 0.385954 0.687526 0.068257 0.0688435 0.695923
2 0.328718 0.934935 0.0677953 0.067205 0.695059
2 0.334017 0.461785 0.0679232 0.0676004 0.693617
2 0.156143 0.222111 0.0670915 0.0672383 0.692513
1 0.732959 0.137444 0.0706483 0.0694787 0.69199
1 0.772784 0.296918 0.0712635 0.0714731 0.691595
1 0.642192 0.0544551 0.0705457 0.0703148 0.69008
2 0.925531 0.530449 0.0692669 0.0690896 0.689762
0 0.438515 0.731306 0.0689066 0.0692308 0.689613
1 0.897466 0.903134 0.0698334 0.0695347 0.688872
0 0.216027 0.244208 0.0675264 0.0676804 0.68876
2 0.540958 0.0878518 0.0696836 0.069267 0.688329
2 0.248898 0.798929 0.0663243 0.0669424 0.68811
2 0.161425 0.235803 0.0669855 0.0676528 0.687966
1 0.0906718 0.595166 0.0669009 0.0673764 0.686532
2 0.517089 0.150083 0.0693621 0.0684093 0.686419
2 0.743778 0.0931444 0.0704685 0.0708878 0.685482
1 0.0234308 0.750681 0.0464988 0.0664577 0.685084
0 0.0630011 0.437542 0.0673703 0.0670275 0.684861
2 0.959083 0.837728 0.0704777 0.0692364 0.684016
0 0.219959 0.538909 0.0674481 0.0672195 0.67946
2 0.447767 0.709747 0.0683996 0.0691787 0.678164
1 0.633863 0.587968 0.0690908 0.0682529 0.675689
2 0.0233404 0.824606 0.0462383 0.0660522 0.674478
2 0.0657458 0.363286 0.0658122 0.0653533 0.67321
2 0.0444724 0.204776 0.066036 0.0670203 0.672473
1 0.297255 0.419495 0.0694738 0.0698756 0.671936
1 0.521612 0.310702 0.0693787 0.0700857 0.67066
2 0.567125 0.111442 0.070262 0.070064 0.670344
2 0.469235 0.976318 0.0689942 0.0473631 0.668459
1 0.930318 0.812565 0.0713406 0.0701571 0.666534
2 0.453835 0.374453 0.0708922 0.0694435 0.665207
2 0.97314 0.382001 0.0537194 0.071856 0.664403
1 0.435324 0.202392 0.0686804 0.0688083 0.663925
2 0.666001 0.0686424 0.0689045 0.0694181 0.663628
1 0.555371 0.240379 0.0680595 0.067716 0.66153
2 0.648853 0.203638 0.0688103 0.0690468 0.66035
2 0.0162464 0.0751618 0.0324928 0.0686373 0.659951
1 0.394438 0.121923 0.0694252 0.0689432 0.659522
2 0.0935694 0.362642 0.066223 0.0655385 0.658816
2 0.945416 0.369198 0.071283 0.0711111 0.658622
2 0.395117 0.337099 0.0702891 0.069398 0.65801
2 0.904344 0.457856 0.069216 0.0703761 0.657942
1 0.501283 0.0198691 0.0656631 0.0394411 0.6579
2 0.722924 0.538247 0.0683437 0.0687563 0.657792
2 0.413989 0.0575404 0.0685777 0.0689387 0.655849
1 0.758464 0.448623 0.0716286 0.0706066 0.655013
1 0.633319 0.420826 0.0701345 0.0700704 0.65485
2 0.958682 0.820444 0.0714497 0.0708782 0.654574
2 0.0660995 0.292013 0.0662907 0.066028 0.653208
1 0.676924 0.120375 0.0703106 0.0702163 0.651158
0 0.506351 0.801007 0.0708246 0.069499 0.650681
1 0.524364 0.33971 0.0696328 0.0688815 0.649617
0 0.284133 0.303587 0.069239 0.0686753 0.649107
0 0.0543916 0.302138 0.0664686 0.065867 0.649072
1 0.501734 0.341767 0.0691356 0.0692839 0.649027
0 0.0337912 0.0785285 0.0666849 0.0689833 0.648704
0 0.0858137 0.350052 0.0674572 0.0664698 0.648058
2 0.371222 0.517099 0.0669984 0.0677691 0.646884
1 0.505126 0.0479418 0.066963 0.0679909 0.646854
1 0.387241 0.543044 0.0687209 0.0694856 0.646314
0 0.312176 0.855972 0.0678701 0.0686815 0.646261
1 0.823558 0.43465 0.0714283 0.0727202 0.645331
1 0.920304 0.921764 0.0712616 0.0704414 0.645252
2 0.102484 0.0167052 0.067993 0.0334105 0.645004
2 0.954292 0.635299 0.0717348 0.0705747 0.643845
1 0.554067 0.0222925 0.0672764 0.0445851 0.642244
1 0.887522 0.92118 0.0705906 0.0711273 0.639802
1 0.581478 0.614201 0.0678728 0.0676015 0.638896
0 0.381935 0.317471 0.0676855 0.0681767 0.637075
2 0.0705497 0.615983 0.0681159 0.0675377 0.636154
1 0.975733 0.7313 0.0485348 0.0708872 0.636051
2 0.140984 0.294781 0.0675022 0.0676322 0.63583
2 0.570765 0.0336111 0.0687731 0.0672222 0.63566
1 0.971075 0.860599 0.0573719 0.0688776 0.633744
1 0.982424 0.820207 0.0351521 0.0698005 0.632908
0 0.0313588 0.11434 0.0618571 0.0686382 0.627877
2 0.760361 0.225091 0.0721627 0.072804 0.62702
2 0.38343 0.498392 0.068029 0.0672249 0.625983
2 0.0273997 0.87525 0.0536192 0.0657347 0.624554
1 0.964547 0.721616 0.0688103 0.0705756 0.624095
2 0.324453 0.342449 0.0686987 0.0698902 0.624014
1 0.614718 0.502961 0.0697849 0.0682642 0.621833
2 0.696656 0.554823 0.0687992 0.0692457 0.620286
2 0.0240092 0.77055 0.0480185 0.0674202 0.61779
2 0.597355 0.159451 0.0696272 0.0701219 0.617436
0 0.479366 0.720995 0.0699862 0.070425 0.616296
0 0.255088 0.244703 0.0676878 0.0677039 0.613151
2 0.209999 0.439125 0.0677554 0.0685102 0.612903
1 0.364203 0.0937731 0.0690011 0.0698484 0.612418
2 0.269948 0.191404 0.0688369 0.0687054 0.610129
0 0.0665508 0.958641 0.0659477 0.0667004 0.607406
0 0.157157 0.811886 0.0688705 0.0679449 0.606428
2 0.258274 0.838238 0.0659024 0.0647625 0.599473
2 0.233316 0.637997 0.0676219 0.0675346 0.594978
0 0.0163076 0.918397 0.0326151 0.0632647 0.594573
2 0.254534 0.60151 0.0691999 0.0679613 0.594184
1 0.919768 0.436133 0.0698814 0.0700523 0.593996
2 0.814714 0.828952 0.070279 0.0708139 0.593437
1 0.647169 0.476127 0.0693689 0.0695593 0.592484
1 0.922806 0.753023 0.0692753 0.0693058 0.591833
2 0.0167213 0.086366 0.0334425 0.0677356 0.589578
2 0.466619 0.951804 0.0690434 0.0691395 0.58878
0 0.963871 0.0299588 0.0679537 0.0592427 0.583692
1 0.85948 0.0264117 0.0695084 0.0526377 0.583106
2 0.399398 0.876154 0.0675729 0.0690063 0.581615
2 0.520549 0.796695 0.0688989 0.0694857 0.578775
0 0.13286 0.310775 0.0687817 0.0674184 0.578677
2 0.963166 0.983893 0.066692 0.0316387 0.577856
1 0.488904 0.381618 0.0681482 0.0690855 0.568723
2 0.0184463 0.787218 0.0368926 0.065698 0.568245
2 0.478383 0.78344 0.0682927 0.0690481 0.566511
1 0.132843 0.688376 0.0683381 0.0674337 0.562417
1 0.80061 0.250441 0.0726978 0.0733703 0.560966
0 0.311875 0.284042 0.0687626 0.0687709 0.559325
1 0.77748 0.403131 0.0701601 0.0696467 0.558757
1 0.89296 0.27838 0.0687584 0.068227 0.556211
2 0.270922 0.225703 0.0693967 0.0680223 0.553059
2 0.743197 0.453824 0.0721718 0.071492 0.552486
0 0.0578662 0.391998 0.0652307 0.0653143 0.551377
2 0.568046 0.844562 0.0700909 0.0701569 0.5513
1 0.72336 0.413498 0.0706192 0.0698564 0.547738
1 0.561516 0.200778 0.0690103 0.068997 0.544923
0 0.841176 0.804146 0.0700996 0.0706784 0.541611
2 0.825805 0.747982 0.0703917 0.0707561 0.540771
1 0.510876 0.297557 0.0686378 0.0684046 0.540743
1 0.646578 0.512133 0.0690851 0.0688242 0.53986
1 0.738084 0.60128 0.0704639 0.0703411 0.539151
1 0.531817 0.0138113 0.0671289 0.0276225 0.538257
2 0.276636 0.772382 0.0682335 0.0674211 0.536504
0 0.350478 0.70493 0.0685266 0.0688965 0.533884
0 0.0660225 0.362721 0.0655038 0.0652809 0.533345
2 0.738165 0.112458 0.0694578 0.0690343 0.53287
2 0.504314 0.486839 0.068867 0.0690947 0.530072
2 0.274632 0.52314 0.0675847 0.0670837 0.526652
2 0.40235 0.0440031 0.0696495 0.0687951 0.525366
1 0.365103 0.241805 0.068358 0.0682591 0.52083
0 0.978115 0.0480349 0.0437707 0.0676207 0.520139
2 0.553939 0.185087 0.0689804 0.0679286 0.518549
0 0.97861 0.666168 0.0427805 0.0686262 0.517137
0 0.160227 0.881691 0.0672778 0.0678833 0.51242
2 0.73316 0.943829 0.0711832 0.0710049 0.51097
0 0.939314 0.18903 0.0687222 0.0673652 0.509552
1 0.982009 0.689401 0.0358576 0.0693316 0.507859
1 0.745526 0.548749 0.0712898 0.0706848 0.507818
2 0.55019 0.344989 0.0698248 0.0699275 0.507542
0 0.871919 0.767051 0.0716404 0.0718974 0.507343
2 0.841493 0.80326 0.0702126 0.0702674 0.50552
2 0.502051 0.404114 0.0700104 0.0697319 0.504316
1 0.525297 0.0366748 0.0677747 0.0680467 0.503825
1 0.594905 0.433906 0.0702995 0.070862 0.501937
0 0.0448956 0.203609 0.0676928 0.0671876 0.50022
