0 0.343684 0.257973 0.0764878 0.0760119 0.940236
0 0.127962 0.267164 0.0775255 0.0770838 0.930553
0 0.229145 0.861927 0.074068 0.0734558 0.92998
0 0.53256 0.780643 0.0725647 0.0724928 0.927187
0 0.23507 0.7918 0.0730636 0.0736893 0.92706
0 0.0934 0.903347 0.0756483 0.0759768 0.926707
0 0.494606 0.741666 0.0731926 0.0733187 0.925828
0 0.694629 0.427783 0.0733685 0.072969 0.925658
0 0.334528 0.365224 0.0755928 0.0758985 0.92525
2 0.317496 0.255105 0.0760394 0.075891 0.924695
0 0.441644 0.792313 0.0730524 0.0730004 0.924417
0 0.170535 0.10417 0.0766781 0.0762052 0.924189
0 0.350032 0.684857 0.0745709 0.0737314 0.923336
0 0.0932645 0.92694 0.0754222 0.0750713 0.922408
2 0.712566 0.844608 0.0722445 0.0727047 0.92236
0 0.207209 0.756886 0.0740211 0.074132 0.922225
0 0.150558 0.871083 0.0764764 0.0758715 0.921684
0 0.478523 0.85361 0.072507 0.0724295 0.921674
0 0.531024 0.805614 0.0720116 0.0725489 0.921518
0 0.839559 0.885601 0.0724949 0.0726807 0.921361
0 0.45622 0.47078 0.0749255 0.0741576 0.921357
0 0.64522 0.841478 0.0713371 0.0709969 0.921001
0 0.0465 0.0661085 0.0783919 0.0777732 0.920996
0 0.27962 0.281893 0.0770402 0.0761683 0.920533
0 0.154967 0.893326 0.0758346 0.0757252 0.920071
0 0.463033 0.238536 0.0758423 0.075304 0.920064
0 0.432464 0.8866 0.0731692 0.0731873 0.91981
2 0.723205 0.52098 0.0736261 0.0742686 0.919739
0 0.205856 0.134891 0.0767635 0.077525 0.919738
0 0.134678 0.908676 0.075293 0.0750488 0.919372
1 0.190504 0.740591 0.0740391 0.0738636 0.919243
2 0.277971 0.209637 0.0758642 0.0758137 0.919188
0 0.249854 0.948716 0.0721066 0.0721243 0.91918
0 0.584342 0.428092 0.074912 0.0747522 0.918983
0 0.317647 0.269981 0.0760624 0.0760429 0.91895
0 0.644442 0.418322 0.0738312 0.0738503 0.918924
0 0.537657 0.839083 0.0716974 0.0714218 0.918704
0 0.0790049 0.0591859 0.0772426 0.0772387 0.918184
0 0.360371 0.210776 0.0757919 0.0759747 0.917972
0 0.416752 0.891105 0.073483 0.0730431 0.917901
0 0.527469 0.589424 0.0749531 0.0738352 0.917896
0 0.496 0.357489 0.0749179 0.0746461 0.917662
0 0.315501 0.817286 0.0738831 0.0736149 0.917501
0 0.760417 0.871079 0.0725335 0.0726723 0.917485
0 0.0725147 0.954961 0.0765567 0.0764643 0.917419
0 0.508563 0.850534 0.0722986 0.0711742 0.917288
0 0.684227 0.655903 0.0732897 0.0733664 0.917165
0 0.395712 0.569536 0.0746264 0.074762 0.917123
0 0.0317936 0.0971855 0.0635871 0.0767164 0.916842
0 0.406627 0.583006 0.0745589 0.0748451 0.916751
2 0.680121 0.175856 0.0761686 0.0764074 0.91648
0 0.481646 0.914183 0.0709247 0.0706959 0.916395
0 0.530258 0.856084 0.0717665 0.0715073 0.916211
0 0.394535 0.846211 0.0744351 0.073671 0.91616
0 0.264848 0.836609 0.0730417 0.0730932 0.916129
0 0.0570182 0.893684 0.0753526 0.0749908 0.916066
0 0.51626 0.222399 0.074432 0.0744998 0.915883
0 0.0912024 0.0710813 0.0774227 0.0771594 0.915841
0 0.595677 0.866052 0.0701304 0.0698826 0.915726
0 0.520365 0.368455 0.0745567 0.074753 0.91569
0 0.518425 0.2548 0.0754946 0.0752963 0.915528
0 0.785692 0.619347 0.0738991 0.0736206 0.91532
0 0.620475 0.647646 0.0736996 0.0732119 0.915237
0 0.449752 0.859574 0.072334 0.0723724 0.915116
2 0.508205 0.579987 0.0747246 0.0746178 0.915048
0 0.509711 0.276946 0.0756824 0.0760353 0.915046
0 0.490168 0.937991 0.0706947 0.0702846 0.914849
0 0.702962 0.484321 0.0740294 0.0738094 0.914422
1 0.436922 0.418065 0.0730335 0.0730407 0.914201
0 0.564659 0.879453 0.0699085 0.0703606 0.914168
0 0.755915 0.113791 0.0757343 0.0765136 0.914131
0 0.459768 0.215997 0.0751587 0.0752301 0.914099
0 0.442531 0.541971 0.0736376 0.0736633 0.913975
0 0.218774 0.82058 0.0739521 0.0737884 0.913859
0 0.391288 0.285834 0.0751001 0.0758376 0.913842
2 0.155726 0.815427 0.0755276 0.0752651 0.913495
0 0.0668882 0.852255 0.0742068 0.0748222 0.913488
0 0.505069 0.556984 0.075503 0.0750076 0.913287
2 0.269471 0.806469 0.0741892 0.0738987 0.913062
2 0.3848 0.56184 0.0747849 0.0747053 0.912798
0 0.746489 0.513235 0.0730474 0.0727282 0.912146
0 0.321044 0.561407 0.0748447 0.0740172 0.911972
0 0.328366 0.805296 0.0746693 0.0743722 0.911772
0 0.704264 0.942729 0.0710788 0.0702789 0.911424
0 0.713312 0.36089 0.0740635 0.0739504 0.911367
0 0.403802 0.461883 0.0745944 0.075268 0.911125
2 0.615485 0.846446 0.0706615 0.071147 0.911119
0 0.63711 0.29266 0.0753811 0.0752089 0.911058
2 0.926513 0.89327 0.0715338 0.0722527 0.91101
2 0.471729 0.680271 0.0758259 0.0760725 0.910962
0 0.605577 0.827443 0.0707047 0.0694025 0.910835
2 0.45529 0.602661 0.0761532 0.0757361 0.910834
0 0.867411 0.871558 0.0734652 0.0725006 0.91073
0 0.56653 0.601756 0.0745764 0.074472 0.91069
2 0.186918 0.673418 0.0748109 0.0756145 0.910551
0 0.324145 0.425204 0.0751438 0.0748384 0.91051
2 0.553051 0.117158 0.0745314 0.0744642 0.910467
0 0.629245 0.633845 0.0745662 0.0739324 0.910155
0 0.551871 0.321971 0.0762872 0.075766 0.910153
0 0.40468 0.780518 0.0745881 0.0739012 0.910142
0 0.433643 0.289996 0.0742317 0.0742655 0.910036
2 0.633842 0.188214 0.0752928 0.0759474 0.91002
2 0.468909 0.4355 0.0744078 0.073315 0.909961
2 0.476716 0.556355 0.0742611 0.0740036 0.90993
0 0.349656 0.861426 0.0734938 0.0730036 0.909887
0 0.541011 0.0572596 0.0748741 0.0745371 0.909859
0 0.0329717 0.032823 0.0647446 0.0642359 0.909534
2 0.166848 0.858981 0.0759362 0.0754604 0.909449
2 0.721642 0.151982 0.0763575 0.0762147 0.909295
0 0.334095 0.912991 0.0732143 0.0729582 0.909264
0 0.329275 0.299808 0.0764107 0.0752279 0.909258
0 0.240135 0.286582 0.0771717 0.0770436 0.909207
1 0.344066 0.508611 0.0754641 0.0752973 0.909133
0 0.199863 0.3201 0.0764716 0.0759562 0.908924
2 0.315014 0.69319 0.073557 0.0735382 0.908622
0 0.349566 0.96649 0.0730815 0.0670201 0.9086
0 0.535891 0.129317 0.0744905 0.0743851 0.908599
0 0.897514 0.939891 0.0721281 0.0718475 0.908589
0 0.559788 0.716864 0.0741545 0.0746546 0.908478
0 0.224284 0.971299 0.0736334 0.0574013 0.908455
0 0.547764 0.383494 0.0735428 0.0738647 0.908382
2 0.515924 0.16575 0.0754688 0.0749844 0.908285
0 0.655624 0.616478 0.0752346 0.0746639 0.90803
0 0.883182 0.90378 0.0730713 0.0722694 0.907929
0 0.0741332 0.0403 0.0783957 0.0768771 0.907666
1 0.49186 0.447146 0.0745298 0.0743519 0.907592
1 0.644013 0.684358 0.0739622 0.0728319 0.907525
2 0.375922 0.266164 0.0752768 0.0750153 0.907355
0 0.107466 0.957236 0.0756256 0.0756147 0.907294
0 0.18258 0.895623 0.0756853 0.075452 0.907203
2 0.230257 0.963846 0.0729253 0.0707085 0.907201
2 0.259041 0.22802 0.0760627 0.0762085 0.906954
2 0.625632 0.91163 0.0702889 0.0708794 0.906905
0 0.487328 0.836841 0.0727927 0.072131 0.90676
2 0.779946 0.859361 0.07293 0.0728672 0.906745
0 0.13374 0.826231 0.0753746 0.0754236 0.906684
0 0.519102 0.840389 0.0730946 0.0716503 0.906659
0 0.349254 0.890265 0.0724915 0.0727514 0.906641
2 0.323114 0.610599 0.0747592 0.0747445 0.906635
0 0.594341 0.271579 0.0746962 0.0743093 0.906633
2 0.440295 0.769533 0.0735235 0.0737164 0.906583
0 0.551703 0.794701 0.0716019 0.0719639 0.906109
0 0.912182 0.916402 0.0725388 0.0723242 0.905891
2 0.659194 0.304892 0.0745611 0.0749778 0.905852
1 0.201293 0.637065 0.0761156 0.0762619 0.905815
1 0.178159 0.297266 0.0767282 0.0768179 0.905673
0 0.263551 0.891386 0.0719132 0.0713387 0.905628
2 0.601989 0.188138 0.0740782 0.0736123 0.90546
2 0.311431 0.907291 0.0721973 0.0720278 0.905411
0 0.688757 0.862302 0.0712461 0.0716314 0.905248
0 0.64701 0.970155 0.071349 0.0596897 0.905151
1 0.50104 0.209836 0.0757278 0.0755855 0.905134
0 0.1437 0.801453 0.0759607 0.076045 0.905108
0 0.420494 0.302841 0.0750379 0.0747975 0.904993
1 0.103424 0.809511 0.0757904 0.075952 0.904987
2 0.239115 0.223396 0.0779366 0.0777792 0.904935
1 0.63548 0.537115 0.0753191 0.0758917 0.904923
0 0.218456 0.131242 0.0776421 0.0767434 0.904784
1 0.819367 0.576592 0.0732246 0.0727423 0.904726
0 0.440184 0.261656 0.0758608 0.0754099 0.904692
0 0.445332 0.904223 0.0720144 0.0714931 0.904634
0 0.77037 0.882769 0.0728558 0.0727169 0.90462
1 0.101794 0.208677 0.0788746 0.0778536 0.904612
0 0.4571 0.514798 0.0730616 0.0728697 0.904571
2 0.590766 0.89615 0.0702105 0.0703468 0.904452
0 0.343796 0.838641 0.0738515 0.0735165 0.904382
2 0.396523 0.502564 0.0743125 0.0747343 0.904284
0 0.585034 0.47811 0.0743309 0.0746689 0.904221
0 0.0557115 0.248981 0.0785609 0.0789643 0.904196
0 0.443703 0.242964 0.0759019 0.0758845 0.904114
2 0.459053 0.734103 0.0731739 0.0732292 0.904104
0 0.298114 0.221404 0.0764513 0.0759135 0.904059
1 0.731525 0.184693 0.0756556 0.0753801 0.903782
2 0.645637 0.43905 0.0733338 0.0733741 0.903705
2 0.304396 0.203482 0.0761824 0.0764307 0.90362
0 0.705694 0.865551 0.0726896 0.0725199 0.903447
1 0.829054 0.387443 0.0732431 0.072861 0.903342
1 0.159706 0.292811 0.0771872 0.0762883 0.903169
0 0.385592 0.460325 0.0750471 0.0745991 0.903137
0 0.734158 0.924191 0.0721447 0.0709492 0.902927
0 0.404848 0.823821 0.0734319 0.0732401 0.902743
2 0.719314 0.964536 0.0700525 0.0689732 0.902738
0 0.568662 0.793671 0.0718981 0.0724669 0.902723
2 0.397906 0.757367 0.0744969 0.0745417 0.902706
0 0.921056 0.942517 0.0733765 0.0722492 0.90231
1 0.612465 0.245653 0.0741618 0.0739543 0.902263
0 0.149464 0.954824 0.0764594 0.0757893 0.902189
2 0.379067 0.528879 0.0748171 0.0744703 0.90212
0 0.170061 0.120491 0.0764071 0.0765606 0.902068
1 0.103783 0.15275 0.077882 0.0776412 0.901955
0 0.0437713 0.0406423 0.078203 0.0771716 0.901947
2 0.196165 0.718891 0.0751863 0.0751911 0.901689
0 0.516681 0.472139 0.0743141 0.0739971 0.901676
2 0.292268 0.655893 0.0744628 0.0746068 0.901659
0 0.076336 0.904289 0.0762791 0.0757832 0.901606
0 0.0992308 0.0545709 0.0775423 0.0771689 0.901561
2 0.662564 0.274373 0.0752565 0.0749658 0.901191
0 0.337069 0.941142 0.0739968 0.0735453 0.90063
2 0.279112 0.66164 0.0742026 0.073892 0.900595
0 0.634262 0.815697 0.0713258 0.0712582 0.900057
0 0.0267744 0.958381 0.0532438 0.0752617 0.900047
2 0.554786 0.195607 0.0750587 0.0742459 0.900021
2 0.294645 0.7971 0.0737729 0.0735518 0.899999
0 0.269643 0.265385 0.0757519 0.0764832 0.899913
0 0.0404824 0.85208 0.0754578 0.0740963 0.899902
1 0.388009 0.651571 0.0739278 0.0737233 0.899896
0 0.254167 0.302434 0.0763948 0.0757627 0.899618
2 0.317909 0.703986 0.0745357 0.0740614 0.899555
0 0.475092 0.296326 0.0745726 0.074628 0.899542
2 0.707457 0.655934 0.0743731 0.0744351 0.899478
0 0.665943 0.844719 0.0710901 0.0713604 0.899431
0 0.442823 0.83815 0.0725271 0.0719484 0.89943
0 0.255884 0.210098 0.0765271 0.0766561 0.899377
0 0.756212 0.887638 0.0726182 0.0718498 0.89937
1 0.230968 0.768985 0.0738378 0.0737712 0.89927
2 0.778634 0.143373 0.0762329 0.0754571 0.899125
1 0.162059 0.151067 0.0767197 0.0765483 0.899054
1 0.285496 0.359614 0.0760125 0.0753151 0.899005
0 0.870831 0.897329 0.0734928 0.0730463 0.898835
0 0.476236 0.328552 0.0737191 0.0737959 0.898816
0 0.501128 0.479914 0.0745995 0.0744346 0.898672
2 0.537387 0.944903 0.0693865 0.068856 0.898641
1 0.616135 0.688823 0.0750711 0.074214 0.898349
0 0.322988 0.21244 0.0772151 0.0769356 0.898321
1 0.577414 0.170764 0.0743629 0.0741514 0.898031
0 0.516891 0.806286 0.0728959 0.0728935 0.897997
0 0.682413 0.938243 0.0702114 0.0697674 0.897967
1 0.033923 0.534577 0.067846 0.0761631 0.89788
2 0.560829 0.895799 0.0701655 0.0700668 0.897706
2 0.687587 0.323131 0.0746072 0.0741876 0.897424
1 0.618414 0.267659 0.074201 0.0742805 0.89699
0 0.230226 0.172113 0.0757049 0.0758892 0.89672
0 0.65373 0.16622 0.0760141 0.0761097 0.89669
0 0.818627 0.80674 0.0735302 0.0730307 0.896594
2 0.559873 0.183571 0.0744369 0.0747501 0.896371
0 0.414178 0.964062 0.0712234 0.0704161 0.896219
2 0.513493 0.301908 0.0757706 0.0751093 0.896043
1 0.127511 0.383246 0.0768737 0.0768622 0.895821
2 0.56851 0.120918 0.0743853 0.0742978 0.895775
1 0.129766 0.142624 0.0765745 0.0769823 0.895727
1 0.0979605 0.429511 0.0773653 0.0771419 0.895653
1 0.620797 0.513715 0.074771 0.0742445 0.895532
1 0.227271 0.42351 0.0771897 0.0769047 0.895334
1 0.203508 0.221588 0.0764973 0.0768395 0.895294
1 0.0635268 0.450942 0.077941 0.0780231 0.895008
1 0.798378 0.582039 0.0730037 0.0740263 0.89499
1 0.694989 0.217286 0.0755741 0.0753014 0.894873
0 0.819153 0.872811 0.0733248 0.0727318 0.894872
2 0.857528 0.917511 0.0736057 0.0734211 0.894767
2 0.661102 0.509335 0.0744381 0.0743632 0.894759
1 0.65039 0.667435 0.0728873 0.0734455 0.894733
1 0.0536761 0.546111 0.0771193 0.0771052 0.894728
0 0.20692 0.928571 0.0721387 0.072633 0.894616
2 0.462241 0.547768 0.0755071 0.0751103 0.894505
0 0.569452 0.864973 0.0712643 0.0701658 0.8945
2 0.728167 0.464454 0.0730053 0.0725136 0.894418
1 0.0476376 0.177335 0.0799412 0.0802658 0.894372
1 0.322445 0.186559 0.0764264 0.0765191 0.894311
1 0.580668 0.328711 0.0757946 0.0754379 0.894292
0 0.213782 0.601892 0.0758391 0.075312 0.894068
2 0.505684 0.505086 0.075215 0.0747572 0.89406
1 0.623961 0.739439 0.0720108 0.0716383 0.894013
2 0.331622 0.397052 0.0760937 0.0755946 0.893537
0 0.756569 0.146417 0.0763472 0.0761978 0.893378
0 0.0861814 0.855384 0.0767415 0.0758175 0.893269
2 0.462306 0.961059 0.0698452 0.0697409 0.893219
1 0.198287 0.257958 0.0769627 0.0761416 0.893187
0 0.463527 0.841608 0.0725805 0.0732019 0.893121
1 0.185144 0.379985 0.0765364 0.0765572 0.89295
0 0.511355 0.92773 0.0693612 0.0697763 0.892872
2 0.190625 0.153576 0.0767373 0.0769451 0.892837
0 0.481448 0.811608 0.0729605 0.0725515 0.892684
2 0.272249 0.114539 0.0760988 0.0753961 0.892658
0 0.311966 0.869886 0.0725672 0.0725309 0.89255
0 0.387903 0.20689 0.0761862 0.0753753 0.892493
0 0.682146 0.83207 0.0722478 0.0714699 0.892309
1 0.40537 0.055193 0.0763899 0.0763838 0.892278
0 0.971671 0.706442 0.0565516 0.0740599 0.892242
1 0.105226 0.135549 0.0773616 0.0773575 0.892242
1 0.0297915 0.918085 0.059583 0.0742401 0.892236
0 0.291251 0.74361 0.0732097 0.0729268 0.892106
0 0.451881 0.972662 0.0711844 0.0546751 0.892036
0 0.318398 0.938614 0.0732794 0.0722786 0.891899
0 0.42331 0.808119 0.0726703 0.0732868 0.891792
1 0.451656 0.672829 0.0753691 0.075065 0.891738
1 0.0793593 0.726254 0.0772583 0.0773273 0.891706
0 0.57839 0.814473 0.0699635 0.0699999 0.891677
0 0.611021 0.875414 0.0695255 0.0696121 0.891626
1 0.0924081 0.176543 0.0784196 0.0790707 0.89139
1 0.227677 0.387804 0.0753377 0.0749574 0.89117
1 0.704814 0.274139 0.0763618 0.0761475 0.891107
2 0.45478 0.577056 0.0748372 0.0748288 0.891026
1 0.128411 0.778858 0.07619 0.0763994 0.890938
0 0.746099 0.964009 0.0720922 0.0703682 0.89074
1 0.371098 0.768428 0.0744377 0.0745145 0.890641
1 0.492912 0.88062 0.0718557 0.071986 0.890561
0 0.043838 0.912701 0.075362 0.0755226 0.890546
2 0.268785 0.78207 0.0728813 0.0729006 0.890438
1 0.707877 0.744009 0.071257 0.0711945 0.890384
1 0.837365 0.560968 0.0722919 0.0724342 0.890246
1 0.0384958 0.932134 0.0739108 0.0747528 0.889961
1 0.149182 0.391387 0.0773368 0.076324 0.889882
2 0.50617 0.912015 0.0711261 0.0697664 0.889193
1 0.118984 0.593206 0.0786315 0.0781496 0.889189
1 0.0448838 0.335759 0.0755353 0.0738223 0.889104
0 0.419601 0.820562 0.0736084 0.0735146 0.889065
1 0.156005 0.212522 0.0767321 0.0770059 0.888786
0 0.514664 0.82899 0.0723705 0.0727961 0.888584
2 0.311138 0.385514 0.0747897 0.0745812 0.888447
1 0.230006 0.538492 0.0760171 0.0754454 0.888333
1 0.251786 0.388824 0.0752708 0.0748982 0.888196
1 0.0891766 0.590183 0.0786318 0.0789415 0.887941
2 0.610182 0.933633 0.0694696 0.0695786 0.887844
1 0.614468 0.709127 0.0732697 0.073698 0.887771
0 0.44699 0.935695 0.0704311 0.0704674 0.887686
0 0.11736 0.880325 0.0760599 0.0754868 0.887449
0 0.399858 0.807947 0.0731945 0.0735741 0.887354
1 0.293381 0.0587944 0.0765827 0.0767399 0.887344
1 0.612494 0.533772 0.0746604 0.0749636 0.887165
1 0.457349 0.397025 0.0736362 0.0733357 0.886812
1 0.0885954 0.318941 0.0773454 0.0764792 0.8868
0 0.676452 0.523126 0.0737078 0.0742036 0.886296
2 0.220137 0.0240833 0.0760777 0.0481667 0.886217
1 0.576487 0.0727373 0.0744629 0.0749724 0.886199
1 0.0714298 0.343205 0.0763121 0.075773 0.88601
1 0.175069 0.399386 0.077047 0.0763005 0.886003
0 0.677498 0.909682 0.0708805 0.0713509 0.885962
0 0.468243 0.978222 0.071067 0.0435565 0.885939
2 0.279604 0.191393 0.0753459 0.0753627 0.885869
1 0.0418778 0.4614 0.0778374 0.0785061 0.88551
1 0.590475 0.221307 0.0755882 0.075709 0.885385
2 0.407286 0.909182 0.0720469 0.0721947 0.885289
1 0.784735 0.349177 0.0736807 0.0738758 0.885243
1 0.151194 0.343443 0.0774953 0.0769161 0.885089
0 0.536967 0.973666 0.0685828 0.0526687 0.885021
0 0.843378 0.934336 0.074329 0.0732718 0.884938
1 0.106812 0.349964 0.0767776 0.0770789 0.884916
0 0.086028 0.914215 0.0758014 0.0759037 0.88482
1 0.67203 0.442078 0.0736162 0.0736522 0.884679
0 0.971183 0.0246273 0.0569807 0.0492546 0.884658
1 0.206617 0.411776 0.076879 0.077749 0.88447
1 0.0944094 0.621462 0.0784047 0.0781045 0.884406
0 0.48923 0.799196 0.0724363 0.0729748 0.884256
1 0.098469 0.335184 0.0772768 0.0764813 0.88412
0 0.638247 0.882045 0.0696985 0.0712658 0.8841
1 0.520003 0.612449 0.0736292 0.073665 0.884018
2 0.034112 0.245444 0.068224 0.0771797 0.883296
1 0.779726 0.543335 0.073621 0.0735025 0.883295
1 0.0630857 0.483485 0.0789742 0.0781876 0.883163
0 0.564271 0.821541 0.0711921 0.0715664 0.883162
0 0.300076 0.825925 0.0731392 0.0734367 0.883148
1 0.932133 0.821415 0.0724945 0.0733944 0.883133
1 0.644491 0.763886 0.0716595 0.0703991 0.882973
2 0.725796 0.132204 0.0767781 0.0762822 0.882944
0 0.328411 0.844541 0.0732422 0.0727158 0.882942
1 0.22836 0.479537 0.0768871 0.0766027 0.882781
2 0.207907 0.695027 0.0749716 0.0746988 0.882398
2 0.036808 0.83753 0.073616 0.0756958 0.882007
1 0.623008 0.569322 0.0738131 0.0738557 0.881759
2 0.510638 0.515531 0.0746889 0.0739355 0.881752
2 0.445776 0.747942 0.0741478 0.074223 0.881395
0 0.326887 0.676941 0.0739014 0.0744058 0.881272
2 0.486933 0.513881 0.0732199 0.0725899 0.881239
1 0.3199 0.491875 0.0756967 0.0755994 0.88122
0 0.568189 0.851243 0.071266 0.0708549 0.881084
1 0.773547 0.418059 0.073317 0.0731487 0.881064
1 0.131672 0.344559 0.0764775 0.0762362 0.880579
1 0.0314591 0.313387 0.0629182 0.0733712 0.880332
1 0.803204 0.548218 0.074179 0.0735737 0.880324
1 0.0296763 0.672829 0.0593526 0.0761032 0.880311
1 0.277344 0.392475 0.0762801 0.0759768 0.880161
0 0.228948 0.915676 0.0718341 0.0711882 0.8801
1 0.440332 0.326214 0.0737593 0.0740618 0.880068
0 0.33459 0.960488 0.0730965 0.0718647 0.879674
1 0.21597 0.554795 0.0768283 0.0767035 0.879671
2 0.436285 0.579109 0.0746852 0.0746878 0.879344
1 0.088614 0.489273 0.07885 0.0788418 0.87927
1 0.139442 0.36268 0.0776729 0.0771635 0.879185
2 0.690265 0.883769 0.0712473 0.0717346 0.879184
0 0.105998 0.0256155 0.0764449 0.051231 0.879093
1 0.0671867 0.108403 0.0780536 0.0778877 0.879071
2 0.0535781 0.968044 0.0758938 0.0639124 0.879004
1 0.705811 0.781587 0.0712463 0.0708822 0.878975
1 0.206786 0.394041 0.0751285 0.074726 0.878876
0 0.0583633 0.0245161 0.0769227 0.0490323 0.878803
0 0.062349 0.948306 0.0763231 0.0764114 0.878747
2 0.345422 0.667568 0.0746951 0.0750141 0.878217
1 0.121181 0.329324 0.0764849 0.0767287 0.877718
0 0.808929 0.96383 0.0713417 0.0702013 0.877412
2 0.686707 0.64336 0.0735657 0.0739042 0.877315
0 0.582958 0.666043 0.0751387 0.0747055 0.876965
2 0.722278 0.487233 0.074164 0.0735344 0.876892
1 0.851643 0.316748 0.0734612 0.073128 0.876759
1 0.592373 0.449049 0.0753893 0.0749639 0.876581
2 0.596367 0.310509 0.0748064 0.0746058 0.876516
2 0.254199 0.105881 0.0776042 0.0768118 0.876345
2 0.766204 0.932799 0.0723564 0.0731192 0.875997
0 0.0898373 0.961976 0.0759816 0.0753166 0.875901
0 0.431693 0.951011 0.0707421 0.0707275 0.875738
2 0.0368751 0.147219 0.0737503 0.0787647 0.875608
1 0.730359 0.408547 0.0730192 0.07251 0.875428
1 0.686548 0.489011 0.0729883 0.0728617 0.874841
1 0.537362 0.0957969 0.0738578 0.0741265 0.874742
1 0.383854 0.0724542 0.0763082 0.0762047 0.874589
2 0.489089 0.239189 0.0745824 0.0748414 0.874371
1 0.209033 0.49442 0.0755242 0.075429 0.873974
1 0.332287 0.521578 0.074995 0.0751709 0.873561
1 0.159064 0.513931 0.0774693 0.0778881 0.87356
1 0.824768 0.365396 0.0726983 0.0728695 0.872995
2 0.59302 0.0876377 0.0747017 0.0744185 0.872557
0 0.157212 0.972029 0.074837 0.055942 0.872494
2 0.362286 0.254178 0.0775525 0.0765491 0.872421
1 0.275386 0.376386 0.075053 0.0753814 0.872421
2 0.213444 0.0874545 0.0764356 0.0768041 0.872413
1 0.699289 0.809281 0.0720028 0.0714468 0.872332
0 0.245385 0.97671 0.0735611 0.046579 0.872174
1 0.842799 0.402393 0.0736252 0.0731442 0.872115
0 0.506011 0.964003 0.0710733 0.0684721 0.872101
1 0.171234 0.557687 0.0773496 0.0775153 0.872051
1 0.715977 0.294273 0.0753484 0.0753494 0.871978
2 0.797437 0.609279 0.0742977 0.073837 0.871888
1 0.966139 0.884188 0.0671272 0.0718151 0.871832
1 0.142573 0.765612 0.0762038 0.0761628 0.871816
2 0.832636 0.837779 0.073283 0.0724682 0.871764
1 0.8206 0.315412 0.0738779 0.0739584 0.871716
2 0.410021 0.514872 0.0756496 0.0746456 0.871606
1 0.840091 0.451153 0.0740076 0.0736926 0.871271
2 0.173088 0.784104 0.0743537 0.0743108 0.871186
2 0.155115 0.0794046 0.0764446 0.0776078 0.870654
1 0.832485 0.153336 0.0763424 0.0766527 0.870523
1 0.181246 0.361063 0.0767743 0.0772123 0.870456
2 0.451135 0.719437 0.0753817 0.0756981 0.870146
1 0.197051 0.0479531 0.0772929 0.0770278 0.870085
0 0.052254 0.955307 0.0770247 0.0768661 0.870062
2 0.203363 0.805477 0.0745348 0.0748472 0.870018
1 0.214972 0.510528 0.0773252 0.0767421 0.869732
0 0.16324 0.0688679 0.0773305 0.0770279 0.869211
1 0.755545 0.33943 0.0743618 0.0739465 0.869114
1 0.760955 0.255477 0.0759571 0.0758348 0.869012
1 0.822178 0.293543 0.0749132 0.0752789 0.868866
1 0.710749 0.0548316 0.0763084 0.0756105 0.868376
0 0.0217147 0.749151 0.0434294 0.0762177 0.868243
2 0.648003 0.981103 0.0709566 0.0377933 0.86823
1 0.663561 0.69329 0.0725153 0.0719715 0.867839
1 0.856771 0.212698 0.0761602 0.0770466 0.867505
2 0.970614 0.0314502 0.0587714 0.0629004 0.867346
1 0.864236 0.461661 0.0729748 0.0726816 0.867241
2 0.193134 0.110544 0.0761687 0.0760827 0.867144
1 0.5216 0.625852 0.0756849 0.0754082 0.866805
1 0.829295 0.529584 0.0733957 0.0730536 0.866368
2 0.673177 0.591588 0.074345 0.0738491 0.866254
1 0.639591 0.0694624 0.0757154 0.0757966 0.866199
0 0.65123 0.246622 0.0756508 0.0751013 0.865728
1 0.827154 0.41606 0.073169 0.0731169 0.865712
2 0.56063 0.435761 0.0735862 0.0737544 0.865658
2 0.207569 0.660695 0.0746116 0.0741958 0.865431
1 0.026054 0.475797 0.0521079 0.0781284 0.865428
0 0.56415 0.628503 0.0752759 0.0747849 0.86537
1 0.702835 0.196986 0.0773798 0.0766915 0.86537
0 0.675876 0.892906 0.0706575 0.0714706 0.865318
1 0.233688 0.495034 0.0764911 0.0763902 0.865268
0 0.42787 0.723432 0.0750003 0.0745728 0.865194
2 0.582589 0.261991 0.0747724 0.0733146 0.864979
0 0.514826 0.710042 0.0746211 0.0745586 0.864791
2 0.572864 0.901961 0.0697623 0.0695734 0.864708
2 0.706352 0.903912 0.0720918 0.0714357 0.864565
1 0.0310001 0.386938 0.0620001 0.0722214 0.864113
1 0.0274978 0.439755 0.0546963 0.0775463 0.863522
0 0.584996 0.806725 0.0713465 0.0708838 0.862547
1 0.134171 0.50903 0.0774289 0.077099 0.86235
1 0.211247 0.342266 0.0760229 0.0753472 0.862264
0 0.198873 0.956249 0.0738245 0.0735506 0.862093
1 0.180276 0.331472 0.0769614 0.0764177 0.862025
1 0.255625 0.512785 0.0763978 0.0763706 0.861852
1 0.18141 0.502442 0.076763 0.0771559 0.861678
1 0.0727418 0.367375 0.0759276 0.0755981 0.860774
0 0.0411672 0.976103 0.0760611 0.0477942 0.860771
1 0.0276471 0.563443 0.0552942 0.0768179 0.860401
1 0.236767 0.349938 0.0746732 0.074924 0.860042
2 0.256671 0.684366 0.0739226 0.0737078 0.85995
1 0.229881 0.111309 0.0778064 0.0776887 0.859851
0 0.407509 0.974092 0.0724063 0.0518169 0.859677
1 0.435171 0.0972975 0.0763258 0.0766446 0.859595
2 0.409289 0.5362 0.0749127 0.0750864 0.859275
2 0.725423 0.508652 0.0737236 0.0735133 0.859117
1 0.842015 0.785221 0.0739714 0.0736382 0.858988
2 0.660123 0.11772 0.0760998 0.0760586 0.858563
1 0.672992 0.0529917 0.0769691 0.0763991 0.858491
0 0.622937 0.950048 0.0707162 0.0695709 0.858351
2 0.784087 0.955606 0.071735 0.0730907 0.858105
1 0.537371 0.205816 0.0752393 0.0750458 0.858001
1 0.886099 0.607038 0.0727644 0.0731621 0.857905
1 0.438689 0.440555 0.0738888 0.0741943 0.856793
1 0.920156 0.68556 0.0728058 0.0727209 0.856484
1 0.80197 0.342126 0.0734737 0.0736314 0.855824
2 0.608755 0.201817 0.0754002 0.0761126 0.85573
0 0.401759 0.934422 0.0721972 0.0722347 0.85539
1 0.873415 0.195225 0.0770163 0.0766659 0.855359
1 0.756109 0.194254 0.0756489 0.0754519 0.85533
1 0.727317 0.380442 0.072352 0.072376 0.855299
1 0.935221 0.729814 0.0725403 0.072522 0.854551
2 0.121463 0.0661332 0.0768983 0.0778033 0.854425
1 0.268321 0.544034 0.0760464 0.0763 0.853593
2 0.698261 0.299372 0.0732494 0.0747198 0.853171
0 0.0572361 0.975645 0.0763285 0.0487099 0.852679
1 0.340205 0.150815 0.0762658 0.0769034 0.852506
1 0.118039 0.924146 0.075031 0.0751289 0.852476
2 0.118735 0.234552 0.0769614 0.0774043 0.852296
1 0.555583 0.530352 0.0734494 0.0734783 0.852134
1 0.783222 0.314691 0.0741045 0.0737088 0.852109
2 0.254964 0.72402 0.0728821 0.0735419 0.851187
2 0.34543 0.623148 0.0751325 0.0746283 0.850877
0 0.0183808 0.134484 0.0367616 0.077593 0.850021
0 0.280126 0.849127 0.0726991 0.0717651 0.849924
1 0.258404 0.357003 0.0740295 0.0754377 0.849521
1 0.794372 0.470853 0.0742891 0.0741595 0.848934
2 0.944935 0.966849 0.073764 0.0663029 0.848242
1 0.142457 0.580968 0.0774059 0.0775627 0.847804
1 0.18626 0.542711 0.0786224 0.0777117 0.847118
1 0.184162 0.419814 0.077238 0.0767191 0.847102
1 0.236426 0.370416 0.0760637 0.0760495 0.846811
1 0.395454 0.416666 0.073268 0.0731054 0.846604
1 0.393418 0.0862441 0.0774554 0.0773192 0.846237
1 0.656642 0.405916 0.0739449 0.073718 0.845718
1 0.255177 0.929543 0.0730912 0.0728023 0.843938
1 0.972816 0.685238 0.0543688 0.0697391 0.842609
0 0.369012 0.851331 0.07397 0.0740379 0.842592
1 0.867493 0.626372 0.071814 0.0725122 0.842495
1 0.089459 0.460488 0.0765844 0.0770895 0.841838
2 0.476262 0.731058 0.0737694 0.0732809 0.841794
1 0.854635 0.438395 0.0730246 0.0732631 0.84101
0 0.398223 0.248678 0.0757657 0.0757422 0.840548
2 0.492215 0.73192 0.0739521 0.0746735 0.840117
2 0.284967 0.807465 0.073147 0.0741028 0.840065
2 0.183853 0.621049 0.0765725 0.0768718 0.839092
1 0.719653 0.540396 0.0735159 0.0738552 0.838986
0 0.134788 0.961461 0.0751455 0.0739088 0.838829
2 0.372589 0.692501 0.0742041 0.0742785 0.838434
2 0.277488 0.691469 0.0741749 0.0738091 0.838215
1 0.1601 0.250778 0.0760507 0.0759075 0.838212
2 0.283057 0.725716 0.0743533 0.0737434 0.838169
0 0.96055 0.969238 0.0727522 0.061524 0.838165
2 0.457123 0.873491 0.0731704 0.0719614 0.837983
2 0.377624 0.244599 0.0765239 0.0758016 0.837883
1 0.307429 0.447956 0.076201 0.0773613 0.837804
0 0.554204 0.0456527 0.0748512 0.074561 0.837191
2 0.863621 0.282 0.074543 0.0744575 0.836883
2 0.0326186 0.2145 0.0652372 0.0737435 0.836683
2 0.177914 0.678801 0.0756171 0.0765171 0.836484
1 0.0356707 0.292724 0.0713414 0.0774993 0.836054
2 0.591263 0.848931 0.0704517 0.070052 0.836027
0 0.226614 0.312167 0.0749637 0.075249 0.83544
1 0.847334 0.175327 0.0766584 0.0774068 0.834415
2 0.651682 0.908502 0.0699364 0.0711657 0.83428
1 0.957512 0.703774 0.0728886 0.0734909 0.833823
1 0.860521 0.604499 0.0726048 0.0733218 0.833769
1 0.154381 0.561146 0.0766112 0.0759912 0.833579
0 0.679766 0.971799 0.0724895 0.056402 0.832464
0 0.180804 0.974831 0.0740978 0.0503382 0.832061
0 0.23754 0.894324 0.0725302 0.0726963 0.831565
1 0.350347 0.727823 0.0737739 0.0739267 0.831274
0 0.0399785 0.0857198 0.0766855 0.0774149 0.830941
1 0.962843 0.810872 0.0713045 0.0735544 0.830824
0 0.208338 0.896447 0.0728963 0.0725716 0.830056
2 0.677195 0.335551 0.0745316 0.0747173 0.82951
1 0.118975 0.437648 0.0763089 0.0767256 0.829221
2 0.299168 0.763274 0.0725832 0.0720182 0.829183
2 0.286071 0.762359 0.072226 0.0726202 0.828849
0 0.596448 0.87977 0.0697895 0.0701523 0.828809
0 0.289856 0.935271 0.0724181 0.0725674 0.828177
0 0.170786 0.0844883 0.076423 0.0761185 0.827729
2 0.308768 0.234146 0.076635 0.0770972 0.827115
2 0.695129 0.411201 0.0739109 0.0730006 0.827109
0 0.511543 0.381467 0.074789 0.0744046 0.826991
1 0.0567117 0.318808 0.0763266 0.0758139 0.826887
0 0.0205681 0.166662 0.0411362 0.0784811 0.82675
1 0.730665 0.211509 0.0756575 0.0756286 0.826104
2 0.900667 0.969635 0.0721485 0.0607292 0.825619
2 0.650174 0.856867 0.070939 0.0718979 0.824957
2 0.969127 0.957013 0.0616699 0.0733088 0.824695
1 0.857288 0.345262 0.0736481 0.073472 0.82438
2 0.953045 0.948922 0.0714134 0.0715164 0.824338
2 0.501436 0.64695 0.0739548 0.0748707 0.82413
0 0.312099 0.832866 0.0735389 0.0740521 0.824018
1 0.0218924 0.291319 0.0437847 0.0722645 0.823706
2 0.0855104 0.831084 0.0764737 0.0759043 0.823694
0 0.338323 0.976091 0.073189 0.0478186 0.823494
1 0.381073 0.789247 0.0743653 0.0740528 0.82334
2 0.0777346 0.221221 0.0777775 0.0779752 0.823322
1 0.794835 0.281939 0.0752418 0.0754109 0.822785
0 0.375511 0.976567 0.0702356 0.0468668 0.822505
1 0.83101 0.334444 0.0742336 0.0737837 0.822046
0 0.549343 0.976801 0.069026 0.0463984 0.821522
0 0.0233632 0.938708 0.0467264 0.0754395 0.821409
0 0.973995 0.93303 0.0516617 0.0717819 0.821261
1 0.802965 0.156199 0.0768888 0.0764429 0.820475
0 0.406623 0.352941 0.0739622 0.0739158 0.820181
2 0.547828 0.261615 0.0749781 0.0746862 0.820095
2 0.608039 0.170413 0.0738068 0.0736174 0.818541
1 0.0175601 0.458517 0.0351203 0.0776077 0.818391
0 0.605221 0.972877 0.0703432 0.0542213 0.818226
1 0.839043 0.810259 0.0726042 0.0732603 0.817118
1 0.748958 0.407899 0.0716395 0.0727323 0.8163
1 0.961805 0.729016 0.0735771 0.0729442 0.816113
1 0.861249 0.0348482 0.0741047 0.0696829 0.816066
1 0.914457 0.0978963 0.0763144 0.0749124 0.815796
1 0.076553 0.168596 0.0781538 0.07806 0.815151
0 0.45411 0.254778 0.0753114 0.0752612 0.814481
2 0.423532 0.7115 0.0745209 0.074667 0.814046
1 0.0638179 0.301394 0.077206 0.0779891 0.81376
1 0.151575 0.463169 0.0766585 0.0769888 0.813664
2 0.423209 0.592624 0.0746369 0.0745583 0.813053
2 0.444295 0.978624 0.0716068 0.0424397 0.812715
1 0.310374 0.332419 0.0755943 0.0766053 0.812274
1 0.459305 0.0608738 0.0753831 0.0757072 0.812144
0 0.0176013 0.0842144 0.0352027 0.0757306 0.811928
2 0.528813 0.162212 0.0752659 0.0752517 0.811926
0 0.019089 0.040555 0.038178 0.0747718 0.811919
1 0.0272022 0.63373 0.0542459 0.0710722 0.810584
0 0.13881 0.880865 0.0746057 0.0747871 0.810266
2 0.240473 0.668883 0.0740954 0.0734462 0.806392
1 0.44904 0.148116 0.0762916 0.0762671 0.805972
0 0.506321 0.974 0.0684184 0.0520006 0.805875
2 0.632278 0.977646 0.0684299 0.0447071 0.805248
1 0.747034 0.22866 0.0760163 0.0763777 0.804998
1 0.770184 0.312586 0.0734989 0.0743257 0.804757
1 0.28835 0.426871 0.0749166 0.0746098 0.804564
2 0.697095 0.147683 0.0754766 0.0758324 0.803744
1 0.0177314 0.414846 0.0353933 0.0717081 0.803492
1 0.195148 0.567054 0.0759978 0.077421 0.80336
1 0.876366 0.158156 0.07602 0.076038 0.802926
2 0.344403 0.276187 0.0754989 0.0760769 0.8026
0 0.740035 0.831267 0.0742473 0.0736134 0.80212
1 0.733153 0.252453 0.0762077 0.0761773 0.80156
0 0.22168 0.98082 0.0739659 0.038361 0.798336
2 0.313331 0.793356 0.0726967 0.0725965 0.797791
2 0.428148 0.237098 0.0764423 0.0761686 0.797765
1 0.891061 0.508293 0.0735111 0.0736202 0.797723
1 0.531505 0.743727 0.0735603 0.0731642 0.794872
2 0.751056 0.683134 0.0730513 0.0733361 0.794576
0 0.393672 0.916566 0.0723338 0.0720348 0.794104
1 0.338851 0.44482 0.0745286 0.0745886 0.791887
2 0.255291 0.968001 0.0724534 0.0639971 0.788869
2 0.482405 0.980012 0.0687619 0.0399755 0.788636
0 0.526209 0.819371 0.0718681 0.0724102 0.788125
1 0.789881 0.639522 0.0724401 0.0726931 0.786572
1 0.431683 0.117018 0.0765829 0.0773758 0.786473
0 0.970953 0.981455 0.0580949 0.036899 0.783385
2 0.64952 0.153105 0.0749601 0.0753731 0.782938
2 0.543922 0.461493 0.0730817 0.0735648 0.78188
1 0.136531 0.31528 0.0779407 0.0774267 0.78151
2 0.424622 0.742387 0.0733043 0.073229 0.780832
1 0.61345 0.495871 0.0734091 0.073823 0.780564
2 0.9628 0.0271965 0.0681351 0.0538715 0.778864
2 0.242293 0.965544 0.0722857 0.0687777 0.778799
1 0.295833 0.554089 0.0744017 0.0754023 0.77839
1 0.118947 0.409981 0.0767972 0.076991 0.778122
0 0.480872 0.198948 0.0745338 0.074444 0.777334
1 0.111084 0.658323 0.0760832 0.076772 0.776345
1 0.84748 0.684923 0.0718359 0.0727362 0.77447
2 0.104207 0.0704931 0.0775529 0.0774058 0.773598
1 0.914235 0.235353 0.0751675 0.0751053 0.77276
1 0.0823717 0.402863 0.0754201 0.0757916 0.77198
1 0.383959 0.109342 0.0757805 0.0761326 0.771293
2 0.568189 0.351498 0.0756619 0.075429 0.769581
1 0.822856 0.6845 0.0733181 0.073159 0.767683
1 0.391816 0.635284 0.0742619 0.0736199 0.766261
2 0.482716 0.761238 0.0726582 0.0725113 0.765275
1 0.424048 0.87256 0.0713992 0.0715157 0.764216
2 0.461227 0.770245 0.0729504 0.0728476 0.764053
1 0.410059 0.127783 0.0768206 0.0769007 0.762708
2 0.769726 0.576353 0.0748461 0.0741104 0.75965
1 0.846665 0.0415879 0.0731258 0.0738999 0.759
0 0.566178 0.0960607 0.074603 0.0744724 0.754545
1 0.813058 0.704287 0.072676 0.0731613 0.754311
1 0.86813 0.698279 0.0738287 0.0734671 0.754309
1 0.814988 0.0243907 0.0713551 0.0485167 0.753043
1 0.86549 0.654261 0.0719349 0.071711 0.750062
2 0.0260258 0.198957 0.0520515 0.0801235 0.749858
1 0.16767 0.525953 0.0779189 0.077198 0.748294
0 0.964178 0.976564 0.068091 0.0468714 0.747395
2 0.200772 0.9766 0.0742987 0.0467609 0.747094
0 0.0924199 0.0249178 0.0761543 0.0497923 0.746709
0 0.465407 0.856132 0.0730708 0.0730274 0.745774
0 0.598008 0.97697 0.0702109 0.0460605 0.745221
1 0.94372 0.651295 0.0717705 0.072073 0.745081
1 0.110408 0.562345 0.0772435 0.078059 0.744781
1 0.979993 0.675283 0.0397697 0.0742653 0.744706
1 0.697302 0.605882 0.0746885 0.0746328 0.74456
2 0.140127 0.0819216 0.0768271 0.0766781 0.744526
0 0.200113 0.122707 0.0772401 0.0770525 0.742223
1 0.178627 0.171189 0.076028 0.0764551 0.741711
1 0.860603 0.815702 0.0729048 0.072958 0.74163
0 0.545433 0.969999 0.0677156 0.0600018 0.737383
1 0.800948 0.50288 0.0733759 0.0728062 0.734309
1 0.316926 0.0337757 0.075984 0.0675515 0.733391
2 0.694136 0.667073 0.0732464 0.0734535 0.731532
1 0.106044 0.388285 0.0761333 0.0757138 0.729025
1 0.027465 0.351653 0.05493 0.0763746 0.728566
1 0.211388 0.0355267 0.0763724 0.0704551 0.727919
1 0.505541 0.0320295 0.0740435 0.0638836 0.727824
1 0.643524 0.0511419 0.0766846 0.0756453 0.726704
1 0.477666 0.022429 0.072068 0.044858 0.725512
2 0.979564 0.854851 0.0408713 0.0726786 0.724712
0 0.690241 0.386207 0.0723996 0.072595 0.724027
2 0.780669 0.899569 0.0732311 0.0720654 0.721288
1 0.332241 0.1156 0.0767234 0.0769854 0.720979
2 0.350284 0.0221324 0.0760033 0.0442648 0.720013
1 0.955017 0.672149 0.0737909 0.0738996 0.719955
2 0.832153 0.896211 0.073391 0.0728731 0.71965
1 0.40627 0.0347008 0.0746514 0.0687507 0.719384
1 0.606803 0.471377 0.0738062 0.0739883 0.718683
1 0.91661 0.663073 0.0731787 0.0739117 0.71795
1 0.875596 0.0231362 0.072802 0.0461477 0.715628
1 0.0382627 0.668466 0.0736484 0.073417 0.712797
1 0.0632761 0.787266 0.0801058 0.0797085 0.712756
2 0.375342 0.351973 0.0739177 0.0748022 0.71063
2 0.535438 0.319489 0.0757055 0.0759354 0.707326
1 0.427945 0.371082 0.0741643 0.0731679 0.706994
1 0.170254 0.6001 0.0777524 0.0779501 0.706712
1 0.703651 0.761875 0.0711744 0.0704649 0.705914
1 0.0153875 0.36311 0.030775 0.0707953 0.705666
0 0.0192981 0.956842 0.0385961 0.0763323 0.705531
0 0.023612 0.0314701 0.047224 0.0626903 0.705238
2 0.677209 0.226745 0.0759329 0.0763527 0.702588
2 0.733146 0.956646 0.0718859 0.0716263 0.698905
1 0.0626191 0.701999 0.0755352 0.0762012 0.69679
2 0.856232 0.574699 0.0721115 0.0719976 0.695467
1 0.974239 0.147024 0.0515217 0.074611 0.692937
0 0.450236 0.288133 0.075033 0.0749573 0.692705
0 0.520315 0.956235 0.0696903 0.069698 0.691651
1 0.786796 0.401758 0.0722574 0.0723713 0.691064
1 0.2719 0.498087 0.0755903 0.0756934 0.690637
2 0.620067 0.807451 0.0710266 0.0719009 0.690231
0 0.58528 0.97921 0.0706238 0.041581 0.681368
1 0.0786128 0.542931 0.0780344 0.0769807 0.680806
1 0.959982 0.217187 0.0751823 0.0757249 0.679336
1 0.779855 0.190472 0.0774389 0.0777138 0.678785
1 0.757381 0.603995 0.0738648 0.0742325 0.677932
1 0.884909 0.52805 0.0720196 0.0733164 0.677683
1 0.304033 0.158064 0.0762357 0.0760657 0.676634
1 0.164107 0.482602 0.0750042 0.0753581 0.675296
1 0.152464 0.274316 0.0773809 0.0777762 0.670633
2 0.6159 0.122503 0.0757051 0.0746116 0.669514
1 0.0541237 0.418717 0.0745947 0.0747397 0.668422
1 0.706152 0.245789 0.0750254 0.0749895 0.667568
0 0.218518 0.0727344 0.07606 0.0760129 0.666745
2 0.397967 0.89652 0.0717063 0.0731857 0.666109
0 0.203156 0.850402 0.0729716 0.0729023 0.663096
2 0.453513 0.0237991 0.0731901 0.0475881 0.661745
2 0.634971 0.937603 0.0708378 0.0707096 0.660254
1 0.268651 0.472785 0.0771448 0.0762222 0.659048
1 0.681848 0.560346 0.0735125 0.0725553 0.658935
2 0.119961 0.799259 0.0758391 0.0766462 0.658198
2 0.572506 0.834957 0.0707861 0.0697681 0.656693
0 0.285762 0.87102 0.0706074 0.0711245 0.654464
2 0.52433 0.766162 0.0723691 0.0727438 0.646671
2 0.0174803 0.793015 0.0349043 0.0751572 0.646271
1 0.150597 0.427007 0.0763214 0.076478 0.64554
2 0.764657 0.476139 0.0740323 0.0737003 0.641436
1 0.755523 0.641288 0.0746965 0.073941 0.640357
2 0.572063 0.961031 0.0701329 0.0696503 0.639436
1 0.184431 0.528254 0.0773905 0.0776682 0.639254
2 0.284818 0.646131 0.0732914 0.0725965 0.637428
1 0.97064 0.351853 0.0587194 0.0714522 0.636059
1 0.901511 0.48913 0.072086 0.0729937 0.635883
1 0.0248806 0.0505511 0.0497612 0.0768276 0.633744
1 0.973342 0.555398 0.0533152 0.071322 0.633636
1 0.851548 0.375247 0.0736691 0.073906 0.633249
0 0.498451 0.819607 0.0717973 0.0717606 0.627272
0 0.296186 0.626592 0.0749445 0.0747539 0.624842
1 0.0835785 0.13395 0.077314 0.0773526 0.622498
0 0.668934 0.635847 0.0730935 0.0728922 0.615248
1 0.970359 0.317211 0.0590374 0.0739949 0.614456
1 0.306157 0.505136 0.0746443 0.0751535 0.610541
1 0.681009 0.420632 0.0732877 0.0732644 0.609525
2 0.672096 0.634812 0.074283 0.0745626 0.608968
2 0.809607 0.908442 0.072196 0.0715351 0.606013
2 0.31931 0.374112 0.0750421 0.074971 0.604732
1 0.0463466 0.738816 0.0751019 0.0765577 0.604355
1 0.333987 0.550995 0.0746008 0.0756637 0.602581
2 0.0316329 0.0196763 0.0619385 0.0391731 0.601609
2 0.613472 0.958946 0.0702189 0.0709023 0.599248
1 0.559253 0.298404 0.0744893 0.0744213 0.599211
1 0.830169 0.755676 0.0748573 0.0745605 0.597429
2 0.876563 0.978567 0.0731922 0.0428631 0.59709
2 0.202888 0.850445 0.0733186 0.0739765 0.595791
2 0.019169 0.504373 0.038338 0.0726793 0.594657
0 0.658498 0.936334 0.0710831 0.0709772 0.59208
2 0.739329 0.496457 0.0735453 0.0733753 0.591494
2 0.154929 0.107996 0.0767753 0.0771425 0.591092
1 0.151853 0.0167086 0.076324 0.0334172 0.590968
1 0.334003 0.659035 0.0737701 0.0734728 0.590121
2 0.271417 0.180825 0.0774856 0.0772145 0.589314
0 0.731108 0.905459 0.0714716 0.0715765 0.588884
1 0.511724 0.0167716 0.0716317 0.0335431 0.585703
2 0.407008 0.731555 0.0732382 0.0738644 0.583686
2 0.276339 0.945019 0.0714479 0.0723089 0.582358
0 0.512748 0.723237 0.0741445 0.0744127 0.580749
1 0.890905 0.0427815 0.0735737 0.0734007 0.580225
0 0.225072 0.2501 0.0784222 0.0779914 0.577021
2 0.651535 0.801577 0.071151 0.0707848 0.575502
1 0.349525 0.342884 0.0748449 0.0754713 0.575457
2 0.525679 0.29442 0.0761641 0.0750122 0.573987
1 0.233237 0.876771 0.0735266 0.0722317 0.573138
2 0.276863 0.332222 0.0758532 0.0760901 0.572363
2 0.912194 0.878475 0.0723408 0.0726784 0.568585
2 0.747252 0.709033 0.0734425 0.0734125 0.567072
1 0.278508 0.447831 0.0750422 0.0757963 0.565235
1 0.98276 0.76121 0.0339516 0.0711248 0.565138
1 0.804285 0.181615 0.0774677 0.0770247 0.564797
2 0.561431 0.461347 0.0732937 0.0733483 0.563699
1 0.832789 0.133362 0.075198 0.075139 0.56177
2 0.280559 0.137172 0.0752263 0.075262 0.561085
1 0.478075 0.0373946 0.0738642 0.0721417 0.557926
1 0.943346 0.677603 0.0740234 0.0740997 0.557878
2 0.823552 0.981463 0.073457 0.0366024 0.556666
1 0.615025 0.0513665 0.0741703 0.0749446 0.556239
1 0.704905 0.0376812 0.0712948 0.0712906 0.552392
2 0.0257045 0.24982 0.0513609 0.0771936 0.552254
2 0.503925 0.785944 0.0731973 0.0721407 0.551665
1 0.825225 0.627946 0.0729142 0.0723313 0.551377
1 0.981148 0.452256 0.0377041 0.0750435 0.548799
2 0.360705 0.0174302 0.0732203 0.0348605 0.548099
0 0.24928 0.159731 0.078378 0.0773263 0.543374
1 0.281142 0.981833 0.0731614 0.0360462 0.542878
2 0.30464 0.650363 0.0747734 0.0734695 0.542815
2 0.930676 0.930663 0.0726448 0.0725662 0.541908
1 0.934452 0.1194 0.0746618 0.0744916 0.541536
1 0.763788 0.399351 0.0720644 0.07205 0.53992
1 0.346341 0.204501 0.0757315 0.0756247 0.537785
2 0.289003 0.831313 0.0721711 0.0730838 0.53685
1 0.894138 0.66432 0.0726997 0.0718305 0.534245
2 0.459284 0.619374 0.0754404 0.07519 0.531155
0 0.561202 0.461651 0.0733735 0.0735413 0.529283
2 0.66147 0.182608 0.0759926 0.0762041 0.528452
1 0.490641 0.274939 0.074462 0.07448 0.525986
1 0.0172886 0.694462 0.0345167 0.0739678 0.524695
1 0.857888 0.396635 0.0731121 0.0728148 0.523886
1 0.784306 0.520549 0.0747019 0.0746451 0.520833
1 0.586853 0.191346 0.0740475 0.0738035 0.520731
1 0.892204 0.376473 0.0732327 0.0717903 0.518687
2 0.0409331 0.91247 0.0728331 0.0734303 0.516827
0 0.657427 0.878824 0.071238 0.0709568 0.514729
1 0.982221 0.243262 0.0355589 0.0748079 0.512338
1 0.0529296 0.763677 0.0783311 0.0788753 0.511436
2 0.42568 0.906224 0.0714328 0.0727392 0.509103
1 0.830311 0.19651 0.0758261 0.0749984 0.508008
2 0.731018 0.906393 0.0711154 0.071291 0.507422
1 0.88479 0.224444 0.0756319 0.0759421 0.506917
0 0.982063 0.917698 0.035873 0.0725204 0.504572
0 0.534378 0.882849 0.0705042 0.0721962 0.502612
1 0.63721 0.023408 0.0755177 0.046816 0.502435
2 0.0251676 0.774912 0.050276 0.0780097 0.502077
2 0.906075 0.532625 0.0729183 0.0735727 0.501251
