0 0.289184 0.10556 0.0737315 0.073671 0.930466
0 0.244139 0.802083 0.0749017 0.0742487 0.93027
0 0.0557174 0.128797 0.073484 0.0732686 0.929975
0 0.250661 0.148719 0.0740352 0.0738711 0.929506
0 0.182054 0.254274 0.0741039 0.074406 0.926723
0 0.76371 0.11993 0.0747841 0.0748977 0.924965
2 0.475791 0.184018 0.0744288 0.0741127 0.924632
0 0.0744366 0.387895 0.0743518 0.0740253 0.924036
2 0.399053 0.691895 0.0790256 0.0777311 0.923829
0 0.0875306 0.317365 0.0730466 0.0736126 0.923246
0 0.0532803 0.252312 0.072644 0.0717823 0.923092
2 0.944183 0.0639044 0.0762966 0.0769814 0.922698
0 0.0818234 0.555029 0.073925 0.0741279 0.922623
0 0.0785967 0.503261 0.0745923 0.0735947 0.922485
0 0.0762716 0.895035 0.0748795 0.0742863 0.922251
0 0.172897 0.704249 0.0751947 0.074775 0.922089
0 0.317369 0.192655 0.0750988 0.0749072 0.921399
0 0.115972 0.769192 0.0746303 0.0749443 0.921176
2 0.457723 0.875812 0.0760368 0.0763947 0.921131
0 0.162312 0.848022 0.0757516 0.0756638 0.920989
0 0.100131 0.286076 0.0724706 0.0722412 0.920969
0 0.044828 0.176111 0.072694 0.0726911 0.920795
0 0.299399 0.703752 0.0764417 0.0761214 0.920263
0 0.842479 0.153917 0.0754112 0.0754643 0.920053
2 0.175619 0.140529 0.0741104 0.0745261 0.919821
0 0.167926 0.632088 0.0757521 0.0752378 0.919717
2 0.708885 0.848112 0.0769813 0.0770809 0.919403
0 0.0315137 0.181601 0.0630274 0.0723034 0.919401
0 0.316362 0.756719 0.075561 0.075249 0.919249
2 0.460097 0.11403 0.0735765 0.0740658 0.918977
2 0.923785 0.933513 0.0751572 0.0748814 0.918926
0 0.0985028 0.500779 0.0748424 0.0743069 0.918743
0 0.504823 0.717224 0.076697 0.0768721 0.918255
0 0.272822 0.130435 0.0728564 0.0733055 0.918229
0 0.0747367 0.0543915 0.0728484 0.0726392 0.91811
0 0.787221 0.0934165 0.0761441 0.0753426 0.918047
0 0.790455 0.278386 0.0769485 0.0768326 0.918037
0 0.887935 0.619735 0.0760166 0.0755929 0.917978
0 0.580861 0.772931 0.0761859 0.075708 0.917867
0 0.18753 0.678104 0.0748731 0.0744925 0.917476
0 0.13309 0.302757 0.0730005 0.0727803 0.917407
0 0.643242 0.790251 0.0747867 0.0745619 0.917194
0 0.0456141 0.216633 0.0727488 0.0725183 0.917105
2 0.133903 0.491879 0.0748877 0.0752798 0.917086
2 0.347291 0.393752 0.0753839 0.0752274 0.916862
0 0.093045 0.296989 0.0732826 0.0729459 0.916818
2 0.386595 0.689381 0.077369 0.0772268 0.916815
0 0.605704 0.636003 0.0762892 0.0767048 0.916789
0 0.193846 0.136172 0.0742208 0.0741722 0.916763
0 0.171302 0.73658 0.0749966 0.07479 0.916762
0 0.155286 0.388799 0.0750726 0.0740802 0.916542
0 0.105981 0.782149 0.0742469 0.0740282 0.916515
0 0.578846 0.149972 0.0761113 0.0754903 0.916484
0 0.0414396 0.4107 0.0734767 0.0736032 0.916461
2 0.511166 0.145319 0.0740952 0.0745692 0.916443
0 0.0299802 0.373386 0.0599603 0.072569 0.916403
2 0.401583 0.925991 0.0751237 0.0746914 0.916357
2 0.743256 0.183655 0.0758491 0.0755045 0.916298
2 0.250413 0.786203 0.0747797 0.0745838 0.916224
0 0.0356177 0.715891 0.0712354 0.0746226 0.916132
0 0.205482 0.642971 0.075249 0.074827 0.915877
0 0.454756 0.156957 0.0745323 0.073992 0.915739
2 0.28475 0.0371661 0.0729031 0.0713862 0.915696
2 0.91953 0.953324 0.0744572 0.0745804 0.915494
0 0.0944625 0.448484 0.0739514 0.0734713 0.915421
2 0.903262 0.347785 0.0779537 0.0778665 0.915394
0 0.479549 0.938241 0.0760786 0.0754093 0.915271
0 0.0733708 0.288195 0.0730902 0.072454 0.915223
0 0.042382 0.383419 0.0745727 0.0740644 0.915221
0 0.193198 0.542526 0.0760227 0.0760994 0.915163
2 0.814674 0.269005 0.0764832 0.0759607 0.915095
0 0.313283 0.498754 0.0780974 0.0778442 0.915057
0 0.0752517 0.326603 0.0743227 0.0738516 0.914991
0 0.0343469 0.494267 0.0686937 0.0736191 0.914831
0 0.708302 0.270027 0.0759452 0.0759039 0.914789
0 0.117019 0.206882 0.0738921 0.0731897 0.914773
0 0.512182 0.624228 0.076045 0.0761061 0.914755
0 0.234638 0.723549 0.0739009 0.0745514 0.914743
0 0.72041 0.285759 0.0756441 0.0760789 0.914684
0 0.108698 0.191384 0.0726784 0.0726652 0.914632
0 0.105837 0.872117 0.0737852 0.073971 0.914627
2 0.208026 0.96235 0.0735969 0.0734562 0.914453
0 0.345082 0.191394 0.0734757 0.0734894 0.914429
0 0.0879588 0.595991 0.0739545 0.074003 0.914393
0 0.0504603 0.238187 0.0719534 0.0718101 0.914346
0 0.336886 0.0568507 0.0727127 0.0727868 0.914013
0 0.313893 0.138378 0.0736536 0.0724729 0.91386
0 0.0900619 0.217587 0.0718483 0.0714768 0.913785
2 0.609005 0.962063 0.0746819 0.0741497 0.913708
0 0.369522 0.0906442 0.0740054 0.0738303 0.913588
1 0.376994 0.936605 0.0748213 0.0750732 0.913567
2 0.718633 0.867046 0.0762205 0.0760868 0.913455
0 0.418437 0.0555852 0.0735281 0.0736728 0.913317
0 0.137755 0.367072 0.0743957 0.0746798 0.913105
2 0.0777832 0.372795 0.0729727 0.0729428 0.913089
1 0.489345 0.158437 0.0738825 0.0741369 0.913083
0 0.809548 0.0469818 0.0752098 0.0752068 0.913073
0 0.142025 0.861921 0.0751965 0.0752037 0.913053
0 0.690409 0.120571 0.0754464 0.0751485 0.912884
0 0.109513 0.485515 0.0754072 0.0746618 0.912812
0 0.728428 0.361894 0.0767467 0.0761929 0.912797
0 0.67781 0.415963 0.0769445 0.07639 0.912735
0 0.0711913 0.714592 0.0744713 0.0745333 0.912662
0 0.176177 0.354445 0.0755614 0.0749898 0.912621
2 0.707663 0.176037 0.0748442 0.0742354 0.912582
0 0.0948631 0.743226 0.0746028 0.0742237 0.912562
0 0.285937 0.825466 0.0737466 0.0737493 0.912416
0 0.824579 0.52531 0.0775566 0.0774447 0.912212
0 0.0305855 0.413621 0.0611709 0.0730198 0.912157
0 0.0316784 0.293149 0.0633568 0.0725599 0.912106
0 0.152991 0.781736 0.0747012 0.0742086 0.91208
2 0.757359 0.154213 0.0753487 0.0758652 0.912001
2 0.398282 0.896442 0.0752719 0.074947 0.911758
0 0.557384 0.0950017 0.0749899 0.0753535 0.911699
0 0.287836 0.0803006 0.0725856 0.0735902 0.911659
2 0.622875 0.291605 0.0754387 0.0754507 0.911647
2 0.152263 0.682999 0.0744797 0.0741127 0.911576
0 0.206521 0.169764 0.0746187 0.0748709 0.911526
0 0.197353 0.859434 0.0755271 0.0752377 0.911486
0 0.345033 0.0426583 0.0735072 0.0732182 0.911463
2 0.635592 0.59029 0.0751438 0.0749689 0.911442
0 0.348838 0.280837 0.0763846 0.0758317 0.911414
1 0.636782 0.881389 0.0776133 0.0769173 0.911404
0 0.100866 0.16996 0.0727804 0.0723837 0.9114
0 0.512085 0.0707492 0.0746339 0.0744485 0.9114
2 0.873147 0.595539 0.0763586 0.0758457 0.911368
0 0.251487 0.213208 0.0756824 0.0754538 0.911365
2 0.574707 0.336073 0.0756804 0.0753537 0.911312
0 0.155883 0.144196 0.0741513 0.0738956 0.911062
0 0.398251 0.126148 0.0729889 0.0730227 0.911044
2 0.0713644 0.581085 0.0731084 0.0738482 0.91095
0 0.357879 0.203739 0.0740991 0.0742238 0.910888
2 0.485372 0.71094 0.0771111 0.0772015 0.910781
2 0.762474 0.298065 0.0765657 0.0765775 0.910756
2 0.379037 0.771562 0.0751808 0.0749417 0.910722
2 0.607042 0.792499 0.0766104 0.0763613 0.910718
0 0.325725 0.411971 0.0760026 0.0756656 0.910478
2 0.885242 0.117837 0.0754734 0.0755697 0.910331
0 0.417088 0.147206 0.0744137 0.0740409 0.910321
0 0.771919 0.214827 0.0740807 0.0745769 0.910226
2 0.385281 0.873934 0.0750965 0.075421 0.910211
0 0.0923636 0.582635 0.0740268 0.0741994 0.910167
2 0.91394 0.972525 0.0745155 0.0549492 0.910023
2 0.768174 0.071806 0.0753275 0.0751928 0.909913
0 0.806444 0.470688 0.0761563 0.0769411 0.909883
0 0.294527 0.0542996 0.0733569 0.0728427 0.909699
0 0.899875 0.409873 0.0778709 0.0774937 0.909622
0 0.157911 0.104739 0.0735374 0.0737481 0.909594
2 0.635419 0.742006 0.0760642 0.0755651 0.909539
0 0.770384 0.472063 0.0765835 0.0768072 0.909524
2 0.463054 0.69858 0.0782875 0.078102 0.909432
2 0.303779 0.564687 0.0766389 0.0768851 0.909397
2 0.516812 0.9587 0.075919 0.0752462 0.909343
0 0.785985 0.469739 0.0776283 0.0768623 0.909244
2 0.721227 0.152608 0.0748926 0.0755596 0.909234
0 0.944221 0.082917 0.0768164 0.0764747 0.909161
2 0.522494 0.662138 0.0766134 0.0761942 0.909123
0 0.381771 0.240655 0.0762368 0.0762091 0.909119
2 0.652337 0.278966 0.0763895 0.075661 0.909085
0 0.290384 0.211946 0.0749093 0.075142 0.909054
2 0.684012 0.325117 0.0768265 0.0766646 0.909039
0 0.20442 0.290765 0.075247 0.0750242 0.909032
0 0.301 0.0745895 0.0731086 0.0737766 0.909032
0 0.103985 0.830558 0.0750832 0.0747985 0.909
0 0.0398923 0.905401 0.0733477 0.0727791 0.908926
0 0.0429349 0.285832 0.0732467 0.0725579 0.908855
0 0.191009 0.618056 0.0750066 0.074593 0.908846
0 0.195508 0.184268 0.074899 0.0740983 0.908826
2 0.571454 0.120666 0.0752048 0.0752126 0.908824
0 0.381753 0.808273 0.0747371 0.074667 0.908784
0 0.060308 0.184912 0.0710584 0.0715147 0.908754
2 0.882143 0.393538 0.0774742 0.0768833 0.908734
0 0.45515 0.0566663 0.0748219 0.0741017 0.908728
0 0.108022 0.800302 0.0752384 0.0752427 0.908727
2 0.236512 0.704217 0.0755754 0.0762988 0.908675
0 0.129284 0.254872 0.0731474 0.0728907 0.908649
0 0.310964 0.283586 0.0753204 0.0749758 0.908621
0 0.62957 0.344831 0.0763374 0.0761379 0.908489
0 0.311354 0.176343 0.0742376 0.0740071 0.908479
0 0.355941 0.0331358 0.0733532 0.0662716 0.908453
0 0.107969 0.0649827 0.0726287 0.0727504 0.908448
0 0.863017 0.498742 0.0776491 0.0774889 0.908374
0 0.183581 0.0967829 0.0740144 0.0738294 0.908363
0 0.0646879 0.810287 0.0745023 0.0734672 0.908312
0 0.0483137 0.0784026 0.0722766 0.0721557 0.908287
0 0.0477917 0.587828 0.073653 0.0737465 0.908264
0 0.438837 0.106782 0.0740725 0.0746326 0.908256
0 0.156408 0.609525 0.0749821 0.0743109 0.908251
0 0.172343 0.918854 0.0750851 0.0751682 0.908225
0 0.153085 0.0552741 0.0728444 0.0727935 0.908171
0 0.209982 0.721743 0.0750402 0.0748999 0.908145
0 0.400729 0.498475 0.0755855 0.0758412 0.908136
0 0.154973 0.823784 0.0742828 0.0743666 0.908109
0 0.0812482 0.198428 0.0721658 0.0725103 0.908103
0 0.228897 0.340184 0.0761637 0.0763794 0.907976
0 0.516022 0.195857 0.0752535 0.0750112 0.907901
0 0.236674 0.13065 0.0732666 0.0734607 0.907816
0 0.244613 0.537389 0.0759648 0.0768407 0.90771
2 0.221146 0.417666 0.0760015 0.0757788 0.907561
2 0.783835 0.549752 0.0769998 0.0772052 0.90754
0 0.141911 0.131371 0.0739963 0.0735507 0.907494
2 0.719773 0.501987 0.0760344 0.0767373 0.907347
0 0.0458316 0.663001 0.0727527 0.0717224 0.907167
0 0.234051 0.829312 0.0752748 0.0758154 0.906965
0 0.127832 0.0245595 0.0732866 0.049119 0.90692
0 0.29161 0.119377 0.0737584 0.0729872 0.906764
2 0.379617 0.858746 0.0751932 0.0749279 0.90673
2 0.287112 0.877178 0.0747476 0.0746941 0.906623
0 0.225613 0.500428 0.0764442 0.0765508 0.906612
0 0.920572 0.534896 0.0761579 0.0761766 0.906476
2 0.720664 0.247726 0.0754475 0.0749171 0.906385
2 0.435093 0.827616 0.0757843 0.0752836 0.906317
2 0.578493 0.744545 0.0755438 0.07517 0.9063
0 0.0979653 0.633149 0.0756035 0.075041 0.906292
2 0.617417 0.83889 0.0780615 0.0789081 0.906208
0 0.252461 0.5857 0.0753848 0.0750313 0.906199
0 0.127571 0.345645 0.0746761 0.0748021 0.906186
2 0.377296 0.278616 0.0765804 0.076094 0.906176
0 0.237625 0.555537 0.0759189 0.0759791 0.90612
2 0.745016 0.253121 0.0753839 0.0757265 0.906102
2 0.966548 0.947226 0.0669039 0.0740778 0.906062
0 0.112141 0.405902 0.0737766 0.0740739 0.905954
0 0.464711 0.217734 0.0744549 0.0745186 0.905855
0 0.0355656 0.0366285 0.0711311 0.0720289 0.905836
2 0.193896 0.50252 0.074836 0.0748325 0.905801
2 0.433707 0.620038 0.078291 0.0779867 0.905755
0 0.793807 0.427782 0.0766171 0.076501 0.905677
0 0.0596458 0.858293 0.0742848 0.0745556 0.905618
0 0.882734 0.663656 0.0773115 0.0775511 0.90546
0 0.897892 0.138151 0.0772003 0.0782223 0.905454
0 0.0843011 0.478204 0.0740292 0.0740112 0.905388
0 0.717386 0.204666 0.0755794 0.0751677 0.905322
0 0.598177 0.3033 0.0756105 0.0749819 0.905282
0 0.0770923 0.490447 0.0744949 0.0741581 0.905145
1 0.779702 0.888023 0.0759075 0.0756203 0.905089
2 0.810885 0.203783 0.0758198 0.0759955 0.904993
0 0.250255 0.286437 0.0748792 0.0745867 0.904983
2 0.547583 0.765039 0.0759781 0.0761118 0.904973
2 0.805127 0.568344 0.0766706 0.0764625 0.904929
0 0.272896 0.547562 0.076869 0.0764573 0.904926
0 0.706808 0.48842 0.0755093 0.0758808 0.904807
2 0.419841 0.438753 0.074472 0.0746054 0.904744
0 0.176974 0.236554 0.0740764 0.0745808 0.904705
0 0.152382 0.914992 0.0759313 0.0755522 0.904634
0 0.564804 0.723002 0.0754295 0.0753514 0.904617
0 0.316614 0.127469 0.0732893 0.0731858 0.904609
0 0.0379999 0.442671 0.0722827 0.0736033 0.904607
2 0.65499 0.615443 0.0762665 0.0762353 0.904559
0 0.101012 0.436108 0.073409 0.0730938 0.904542
0 0.239778 0.118179 0.0731998 0.0736968 0.904385
0 0.316841 0.0478593 0.0732444 0.0733818 0.904263
2 0.574762 0.688211 0.0762764 0.0764504 0.904177
0 0.401157 0.79777 0.0750067 0.0745239 0.904144
0 0.246808 0.106274 0.0732089 0.0735885 0.904143
0 0.822976 0.415679 0.077071 0.0767557 0.904128
2 0.401716 0.0658811 0.0734703 0.0739184 0.904046
2 0.481224 0.78646 0.0772808 0.0781744 0.903952
0 0.35861 0.811229 0.074085 0.0736017 0.903891
2 0.850708 0.588527 0.0754837 0.0754156 0.903871
0 0.139816 0.878365 0.0754505 0.0749035 0.903828
2 0.795314 0.0741109 0.0757459 0.0756559 0.903804
0 0.7478 0.205157 0.0750879 0.07474 0.903766
0 0.280853 0.172677 0.0736618 0.0732917 0.903692
2 0.331602 0.440616 0.0766204 0.0765985 0.903666
2 0.807376 0.412473 0.0763199 0.0769211 0.903627
0 0.51681 0.0914914 0.0746247 0.0749989 0.903619
0 0.450099 0.0838666 0.0742834 0.0738808 0.903572
2 0.931417 0.976844 0.0747585 0.0463123 0.903564
0 0.307514 0.234075 0.0751229 0.0743482 0.903551
0 0.672974 0.344131 0.0776557 0.0768477 0.903529
0 0.317091 0.221622 0.0741965 0.074662 0.903452
2 0.891561 0.373046 0.0780865 0.0785378 0.903449
0 0.935049 0.599883 0.0761272 0.0760137 0.903428
0 0.0835948 0.932231 0.0746582 0.0745211 0.903421
0 0.228654 0.602838 0.075305 0.0753029 0.903394
0 0.157865 0.19556 0.074118 0.0739738 0.903365
0 0.141548 0.712113 0.0754329 0.0751294 0.903359
0 0.174183 0.659 0.0746048 0.075169 0.903301
2 0.429047 0.456456 0.0750227 0.0747217 0.903289
0 0.934387 0.500488 0.0764381 0.076533 0.903166
0 0.644816 0.0468287 0.0765194 0.0761737 0.903116
0 0.19031 0.87217 0.0747617 0.0756365 0.903031
0 0.018584 0.243568 0.037168 0.0714386 0.90297
2 0.892099 0.968853 0.0753996 0.0622591 0.902852
0 0.702647 0.160393 0.075602 0.0753484 0.90279
0 0.43336 0.906585 0.0749073 0.0744457 0.902742
0 0.422921 0.11234 0.0744364 0.0736742 0.902662
0 0.193416 0.784208 0.0753439 0.0749443 0.902606
0 0.214515 0.235767 0.0736339 0.0729122 0.902407
0 0.139211 0.570575 0.0744614 0.0740082 0.90236
0 0.670018 0.374118 0.0757339 0.0763289 0.902349
2 0.770796 0.559602 0.0769013 0.0774183 0.902334
2 0.255731 0.429852 0.076035 0.0763009 0.902204
0 0.604601 0.335015 0.0760931 0.0753919 0.90217
0 0.314289 0.86152 0.0750433 0.075263 0.902105
2 0.724575 0.843038 0.0772713 0.0764484 0.902052
0 0.167509 0.319131 0.0740328 0.0740331 0.902022
0 0.0731912 0.163956 0.0720441 0.0718656 0.901994
0 0.0712923 0.686592 0.0744105 0.0735416 0.901986
0 0.150776 0.744559 0.0770682 0.0756981 0.901903
0 0.350772 0.825926 0.0738971 0.0740067 0.901902
2 0.472572 0.770888 0.0775871 0.0774485 0.901831
2 0.535489 0.0846458 0.0755896 0.0748869 0.901793
2 0.523684 0.808323 0.0768147 0.0761337 0.901753
0 0.306062 0.607864 0.0757206 0.0757886 0.901649
1 0.343238 0.351919 0.0753863 0.0753361 0.901644
2 0.85603 0.64032 0.0763123 0.0758253 0.901617
0 0.175622 0.753824 0.0740136 0.0741187 0.901593
0 0.352888 0.156879 0.0725217 0.0728912 0.901569
0 0.180093 0.395897 0.0753019 0.0753302 0.901388
2 0.920986 0.0278257 0.0756611 0.0552567 0.901337
0 0.871523 0.143608 0.0761992 0.0760236 0.901305
2 0.771988 0.414028 0.0763407 0.0767606 0.901248
2 0.532124 0.96312 0.0737354 0.0723515 0.901229
0 0.145007 0.2813 0.0743428 0.0738536 0.901206
2 0.65061 0.350429 0.0773711 0.0775188 0.901073
0 0.304763 0.222663 0.0745575 0.0746753 0.900933
0 0.0979298 0.254125 0.0725392 0.0727131 0.900837
0 0.488376 0.128134 0.074497 0.0735186 0.900814
0 0.160986 0.75729 0.0748579 0.0751378 0.900791
2 0.309217 0.933737 0.0758377 0.07542 0.900787
0 0.123463 0.105887 0.073368 0.0734163 0.900737
2 0.841468 0.317525 0.0762547 0.0764116 0.900595
2 0.48137 0.88099 0.0767218 0.0763495 0.900518
2 0.905213 0.602086 0.076441 0.0768612 0.900508
0 0.0999778 0.393132 0.0736205 0.0738935 0.900486
2 0.89901 0.17135 0.0782206 0.0774634 0.900407
0 0.204467 0.107146 0.0729178 0.0735606 0.90026
0 0.453617 0.143435 0.074288 0.0746528 0.900154
0 0.211684 0.206148 0.0752719 0.0747193 0.900137
0 0.237144 0.428415 0.0770024 0.0761347 0.90011
0 0.48763 0.0559447 0.0741791 0.0744331 0.900071
0 0.125516 0.719886 0.074904 0.0746803 0.900041
0 0.10313 0.137228 0.0729151 0.0726227 0.899789
2 0.879379 0.427943 0.0774353 0.0779879 0.899786
0 0.806357 0.385893 0.0758217 0.075753 0.899755
1 0.943856 0.910608 0.0757259 0.0759041 0.899714
0 0.0310747 0.47103 0.0621494 0.0725056 0.899599
0 0.777348 0.245461 0.0751512 0.0754636 0.899471
0 0.382641 0.15337 0.0736796 0.0734768 0.899423
0 0.568585 0.958668 0.0766434 0.0756611 0.899337
2 0.684519 0.488176 0.0749577 0.0746056 0.898949
0 0.366713 0.42452 0.0749424 0.0754299 0.898819
0 0.176881 0.541663 0.0754022 0.0750013 0.898793
2 0.944818 0.967396 0.0746971 0.0652087 0.89875
0 0.167325 0.373167 0.0745579 0.0745838 0.898743
2 0.829599 0.111697 0.0762363 0.0761041 0.898727
0 0.231295 0.033095 0.0742681 0.0658979 0.898696
0 0.0610867 0.750751 0.0727519 0.0742338 0.898685
2 0.857012 0.0354595 0.0760666 0.0709189 0.898677
0 0.0469791 0.934695 0.0751138 0.0750692 0.89865
2 0.858379 0.304846 0.0767683 0.076285 0.898644
0 0.608201 0.363615 0.0758035 0.0756528 0.898637
2 0.426718 0.947587 0.0754286 0.0753361 0.898561
0 0.290422 0.380057 0.0767562 0.0763667 0.898543
0 0.129047 0.52348 0.0740186 0.0737904 0.898469
0 0.159292 0.529935 0.0750999 0.0752985 0.898466
2 0.682539 0.554415 0.0761591 0.0768484 0.898438
0 0.0926045 0.107661 0.0729942 0.0726239 0.898436
2 0.548972 0.142122 0.0752739 0.0752109 0.898411
0 0.0181364 0.23061 0.0362728 0.0723053 0.898313
0 0.0680742 0.784814 0.0747129 0.0744646 0.898078
0 0.0840487 0.792994 0.073747 0.0741451 0.89807
2 0.357562 0.227055 0.0750618 0.0753862 0.898032
2 0.20486 0.948555 0.0749891 0.0746538 0.898015
2 0.607307 0.853865 0.0769104 0.0771862 0.897886
0 0.141193 0.111322 0.0740544 0.0740433 0.897801
0 0.520881 0.185173 0.0749128 0.0748778 0.897676
2 0.503635 0.753925 0.0758466 0.0757683 0.897675
0 0.171496 0.339168 0.0738202 0.0734699 0.897554
0 0.0540279 0.704443 0.0746901 0.0747044 0.89727
2 0.968242 0.525328 0.0635162 0.0769401 0.897186
0 0.219861 0.0871639 0.0741206 0.0734984 0.897049
0 0.48936 0.105406 0.0746376 0.0734587 0.897048
2 0.606173 0.890228 0.0760614 0.0758575 0.896751
2 0.603138 0.744069 0.075602 0.0751846 0.896633
2 0.448857 0.23539 0.0751019 0.0754418 0.896606
2 0.561201 0.0748151 0.0748475 0.0748329 0.896481
0 0.422243 0.186589 0.0747238 0.0745914 0.896479
0 0.544426 0.0470593 0.0744316 0.0751867 0.896401
1 0.293113 0.469355 0.0760693 0.0757284 0.896398
0 0.367905 0.800875 0.0746496 0.0745816 0.89637
2 0.839549 0.367072 0.077206 0.076863 0.896272
0 0.147153 0.0421245 0.0728869 0.0726101 0.896168
2 0.734124 0.870588 0.0769342 0.0768265 0.896153
0 0.1489 0.583032 0.0743498 0.0745014 0.896109
0 0.248747 0.0287076 0.0730323 0.0574152 0.896074
0 0.0840508 0.946623 0.0741163 0.073529 0.895993
0 0.185376 0.458152 0.0763859 0.075574 0.895935
2 0.872427 0.877726 0.0768944 0.0768402 0.895889
0 0.219683 0.61141 0.0742799 0.074346 0.895809
0 0.250165 0.076079 0.0726346 0.0728386 0.89578
0 0.796227 0.619712 0.0787474 0.077997 0.895603
2 0.37015 0.880738 0.0748283 0.0750313 0.89556
0 0.357382 0.722978 0.0750436 0.0747908 0.895501
0 0.687963 0.035588 0.0770184 0.0711761 0.895423
0 0.93659 0.120446 0.077659 0.0768828 0.895364
2 0.594321 0.908953 0.0764312 0.0771202 0.895359
2 0.202739 0.817865 0.0741342 0.0742329 0.89521
0 0.330878 0.0259314 0.0735631 0.0515 0.89518
0 0.115638 0.66362 0.0736403 0.0737128 0.895148
2 0.471847 0.805693 0.0775442 0.0766285 0.895061
0 0.146491 0.148518 0.0730775 0.0730709 0.894964
0 0.529341 0.149964 0.0754284 0.0757306 0.894917
2 0.591428 0.69476 0.0760508 0.0757801 0.894771
0 0.368024 0.0719863 0.0740275 0.0737543 0.89477
1 0.503063 0.309724 0.0759632 0.0757661 0.894746
1 0.656198 0.892559 0.0764732 0.0766325 0.894565
0 0.225945 0.262907 0.0739911 0.0735539 0.894534
0 0.0892354 0.963362 0.0760233 0.0731121 0.89453
0 0.337687 0.0977754 0.0727754 0.0731521 0.894375
2 0.594788 0.274775 0.0756617 0.075697 0.894269
0 0.396548 0.657996 0.0771159 0.0766331 0.894252
2 0.530838 0.610362 0.0764522 0.0765091 0.894167
1 0.0322297 0.86026 0.0644593 0.070536 0.894093
2 0.35538 0.880376 0.0747488 0.0742985 0.894011
2 0.819109 0.0269173 0.0746931 0.0537501 0.893966
2 0.67744 0.856479 0.0776954 0.0769505 0.893767
2 0.515772 0.710984 0.0766074 0.0764963 0.893568
0 0.284066 0.900096 0.074986 0.0758717 0.893568
2 0.0766894 0.22268 0.0723861 0.0722777 0.893537
0 0.231964 0.635619 0.0754361 0.0755339 0.893509
0 0.863065 0.127125 0.075415 0.0760703 0.893482
2 0.374034 0.555833 0.0805362 0.0794835 0.893454
0 0.967712 0.236875 0.0645767 0.0759514 0.893452
0 0.337417 0.300422 0.0768368 0.0758423 0.893327
0 0.142195 0.510338 0.075351 0.0747632 0.893274
0 0.196612 0.932445 0.0753073 0.0751642 0.893249
2 0.821095 0.0857105 0.0756542 0.0757208 0.893223
2 0.4642 0.75168 0.0760431 0.0766474 0.893211
1 0.537637 0.478379 0.0763287 0.0756598 0.893136
2 0.232193 0.906529 0.0762971 0.0758392 0.892979
2 0.659761 0.269126 0.0764887 0.07637 0.892916
2 0.743245 0.17013 0.0754372 0.0753144 0.892797
2 0.452787 0.653947 0.0773432 0.0777494 0.89273
0 0.0722926 0.27065 0.0729223 0.0729855 0.892718
2 0.0514713 0.728727 0.074622 0.0747206 0.8927
0 0.269182 0.204428 0.0747116 0.0740592 0.892576
2 0.768065 0.382017 0.076522 0.0763637 0.892412
0 0.0765101 0.742045 0.0745498 0.0744365 0.89238
2 0.774457 0.179226 0.0745787 0.07513 0.892334
0 0.83568 0.384411 0.0764967 0.0758258 0.892331
1 0.927956 0.672776 0.0772751 0.077689 0.892328
2 0.869352 0.476116 0.0766026 0.0771961 0.892296
2 0.823631 0.60745 0.0780132 0.0772247 0.892258
0 0.637206 0.250491 0.0759444 0.0757066 0.892202
0 0.268458 0.746569 0.0749843 0.0747734 0.892199
2 0.719706 0.133712 0.0760957 0.0760244 0.892133
0 0.825542 0.471279 0.0767988 0.0761032 0.892124
0 0.0934907 0.186145 0.0732696 0.0715363 0.892084
2 0.651604 0.433272 0.076503 0.0761565 0.892025
2 0.620049 0.900289 0.0773186 0.0773066 0.892024
2 0.731227 0.520123 0.0764999 0.0756909 0.891944
0 0.0254204 0.0908846 0.0508408 0.07244 0.891913
0 0.232152 0.37434 0.0757387 0.0755427 0.891847
2 0.571822 0.0341401 0.0747631 0.0682801 0.891737
0 0.268199 0.0447112 0.0731353 0.0730706 0.891717
2 0.793203 0.368051 0.0769834 0.0764698 0.891293
0 0.158957 0.179166 0.0726873 0.0733182 0.89079
2 0.717837 0.328928 0.0770023 0.0765698 0.890662
2 0.934291 0.453697 0.0762054 0.0767496 0.890515
0 0.900913 0.575331 0.0751759 0.0754982 0.890392
0 0.276816 0.143719 0.0730362 0.0726302 0.890318
2 0.816811 0.802337 0.075621 0.0755592 0.890154
2 0.22544 0.435727 0.0767335 0.0757916 0.890008
2 0.448729 0.924215 0.0756188 0.0759825 0.889682
0 0.471633 0.0298757 0.0735193 0.0595143 0.889638
2 0.853991 0.66962 0.0770105 0.0762608 0.88939
2 0.420601 0.866177 0.0753933 0.0748642 0.889295
2 0.464547 0.619132 0.078294 0.077471 0.889239
0 0.874921 0.193195 0.0764547 0.075796 0.889203
2 0.531081 0.950238 0.075316 0.0756126 0.88918
0 0.0278603 0.578954 0.0555604 0.0737463 0.889165
0 0.115185 0.0294171 0.0711523 0.0587845 0.88913
0 0.0511128 0.975799 0.0734842 0.0481049 0.889109
2 0.234975 0.955574 0.0752334 0.0757 0.888055
2 0.761528 0.408162 0.0765459 0.0763101 0.888026
2 0.516127 0.818397 0.0764434 0.075947 0.888019
0 0.0177743 0.748671 0.0355487 0.0749475 0.887988
0 0.955837 0.449909 0.0784557 0.0787691 0.887767
2 0.752853 0.578936 0.0779686 0.0774092 0.887729
0 0.0250656 0.632891 0.0498244 0.0744568 0.887495
0 0.0531291 0.95333 0.0753038 0.0749771 0.88748
0 0.370762 0.121874 0.0747976 0.0739119 0.887405
0 0.0561271 0.885631 0.0739303 0.0735062 0.887226
2 0.872288 0.415581 0.0775181 0.0775812 0.88721
2 0.410683 0.675438 0.0788418 0.0788595 0.887002
2 0.906236 0.286953 0.0756996 0.0766779 0.886994
2 0.872215 0.243201 0.0770437 0.0768528 0.886931
1 0.89711 0.904528 0.0761774 0.0758968 0.886901
0 0.0562032 0.141633 0.0728591 0.0724297 0.886869
2 0.374028 0.703101 0.0771258 0.0770571 0.88647
0 0.127081 0.267387 0.0726978 0.0730312 0.886456
2 0.245627 0.356762 0.0747759 0.0749136 0.886201
2 0.352722 0.675039 0.0765669 0.0766895 0.886179
0 0.424081 0.129422 0.0746456 0.0741782 0.886135
0 0.968451 0.470552 0.0630976 0.0773541 0.886083
0 0.107844 0.899344 0.0756271 0.0754456 0.885937
0 0.081907 0.727642 0.0747048 0.0748992 0.885827
2 0.539912 0.0277973 0.0732591 0.0552386 0.885689
2 0.429562 0.967577 0.0751648 0.0648461 0.885663
0 0.905416 0.638991 0.0754715 0.0753288 0.885242
0 0.156863 0.569353 0.0744637 0.0749042 0.885066
2 0.342592 0.228712 0.0748692 0.0746614 0.885047
2 0.754286 0.42 0.0759113 0.0758412 0.885023
0 0.120231 0.049883 0.0733217 0.0726417 0.884908
0 0.219028 0.673782 0.0746715 0.0744316 0.884766
0 0.391072 0.0399553 0.0741007 0.0742555 0.884675
0 0.16851 0.681994 0.0747571 0.0745653 0.88466
2 0.452752 0.191401 0.0739981 0.0738403 0.884618
0 0.269824 0.904121 0.0754722 0.0745029 0.884574
0 0.505067 0.024337 0.0746038 0.0483785 0.884572
2 0.432628 0.439855 0.0749157 0.0746967 0.884401
0 0.495911 0.76455 0.0753334 0.0753248 0.884364
2 0.764281 0.356284 0.0769123 0.0761863 0.884323
1 0.944454 0.684681 0.0761601 0.076998 0.884134
0 0.0533498 0.404402 0.0748624 0.0744083 0.883987
0 0.937108 0.511886 0.0775663 0.0773972 0.883737
0 0.197579 0.0408678 0.0720943 0.0725926 0.883688
2 0.508158 0.647029 0.0757896 0.076581 0.88359
2 0.693736 0.918493 0.0755737 0.075712 0.883492
2 0.417416 0.835997 0.0752558 0.0749027 0.883385
0 0.208335 0.782531 0.0751685 0.0748176 0.883286
2 0.916514 0.259469 0.0768604 0.076219 0.883198
0 0.279553 0.0220905 0.0721155 0.0441083 0.882671
2 0.644984 0.857429 0.0771255 0.0769403 0.882532
2 0.933116 0.944039 0.0745407 0.0748503 0.882484
1 0.692062 0.901713 0.0765188 0.0772711 0.882432
2 0.901956 0.956936 0.0757931 0.0753223 0.882308
0 0.956118 0.28743 0.0780971 0.0785882 0.882183
0 0.0863785 0.268795 0.0723751 0.0724805 0.882141
0 0.148521 0.535405 0.0739576 0.0739946 0.882042
2 0.634934 0.554558 0.0763735 0.0760354 0.881891
2 0.800089 0.12679 0.0750933 0.0753248 0.881773
2 0.606776 0.615947 0.076646 0.0765162 0.881345
2 0.892364 0.473016 0.0776264 0.0778265 0.881108
0 0.312136 0.209621 0.0742862 0.074626 0.881021
2 0.964484 0.429118 0.0710328 0.0773111 0.880711
0 0.194141 0.307391 0.0744421 0.0740974 0.880682
2 0.95982 0.480529 0.0763433 0.0769246 0.880677
2 0.913628 0.186711 0.0775944 0.0778927 0.880353
2 0.70568 0.393164 0.0771511 0.0766274 0.879758
0 0.677559 0.040738 0.0770717 0.0748509 0.879601
2 0.667375 0.555963 0.0755299 0.076178 0.879364
0 0.96351 0.056901 0.0729807 0.0750676 0.87929
2 0.559475 0.895438 0.0772077 0.0767134 0.879196
2 0.59513 0.940978 0.0756813 0.0751598 0.878865
1 0.630283 0.505337 0.0762008 0.0755495 0.878847
2 0.913802 0.0470196 0.0765358 0.0768334 0.878128
0 0.436493 0.040297 0.0732748 0.0734822 0.877922
0 0.70951 0.969894 0.0765322 0.0602125 0.877736
2 0.942486 0.38048 0.0773804 0.0776602 0.87771
0 0.207095 0.321585 0.0749678 0.0747004 0.877671
0 0.0185974 0.296981 0.0371948 0.0725454 0.877506
2 0.366468 0.301966 0.0765273 0.0768071 0.877504
2 0.966219 0.143247 0.0675614 0.0785916 0.877504
0 0.961981 0.45888 0.0750776 0.0765343 0.876789
2 0.456334 0.973203 0.0755666 0.0535942 0.876544
2 0.968753 0.41191 0.0624941 0.0790682 0.876364
0 0.161793 0.932553 0.0755657 0.0750618 0.876351
0 0.918031 0.407801 0.0764751 0.0760146 0.876083
0 0.27934 0.654205 0.0760234 0.0757993 0.875955
0 0.213405 0.794567 0.0755086 0.0756554 0.875875
1 0.720515 0.671658 0.075812 0.076539 0.875786
1 0.425437 0.644007 0.0781182 0.077188 0.875755
0 0.125502 0.872334 0.0754121 0.0752293 0.875534
2 0.578467 0.659766 0.0768124 0.0764273 0.875398
2 0.678283 0.701012 0.0761275 0.0756978 0.875358
2 0.346858 0.795456 0.0741363 0.0734162 0.875339
2 0.951338 0.0394171 0.0767761 0.0744826 0.875181
0 0.121521 0.182055 0.0734454 0.0735039 0.875065
2 0.325422 0.831279 0.0738654 0.0738157 0.8749
0 0.150121 0.0261768 0.0720744 0.0520447 0.874361
2 0.0642887 0.630495 0.0752294 0.0748247 0.874129
0 0.30908 0.320968 0.0752527 0.0746734 0.873769
1 0.736555 0.941527 0.0773497 0.07668 0.873628
2 0.953424 0.976879 0.0744225 0.0462412 0.873198
2 0.318925 0.600102 0.0767468 0.0772705 0.873004
0 0.183724 0.0203827 0.0737823 0.0404269 0.872818
2 0.671671 0.475276 0.0756079 0.075342 0.872645
1 0.821468 0.721085 0.0755512 0.0750942 0.872601
0 0.659463 0.664164 0.0760754 0.0760141 0.87246
2 0.609878 0.0286248 0.0746279 0.0571075 0.871961
0 0.084456 0.0617972 0.0716141 0.0717656 0.871829
0 0.194254 0.198035 0.0744668 0.0734669 0.871684
2 0.0932632 0.521158 0.0748106 0.0751901 0.871498
2 0.837527 0.0283344 0.0752748 0.0565976 0.871154
0 0.132387 0.0350922 0.0739955 0.0695543 0.871125
0 0.0805793 0.25368 0.0728364 0.0727308 0.870913
2 0.917135 0.503613 0.076857 0.0771674 0.870318
0 0.869439 0.284792 0.0768127 0.0772345 0.870282
0 0.241318 0.0934311 0.0728852 0.0731764 0.870019
2 0.456353 0.459426 0.0754077 0.0752216 0.869607
2 0.295527 0.799814 0.07426 0.0742693 0.869321
2 0.131591 0.806281 0.0750364 0.0751164 0.868998
2 0.792262 0.181294 0.0753555 0.0749657 0.868769
2 0.818157 0.0620839 0.0754017 0.0746145 0.868708
0 0.197938 0.911592 0.0756399 0.0754391 0.868616
0 0.883721 0.134935 0.0764038 0.0761346 0.868531
2 0.145626 0.266379 0.0728951 0.072935 0.868424
2 0.295346 0.623437 0.0753211 0.0751277 0.868375
2 0.407213 0.239205 0.0760295 0.0758822 0.86831
2 0.181722 0.266256 0.0739253 0.0733912 0.867807
2 0.905706 0.160704 0.0782833 0.0778992 0.867685
2 0.606988 0.673543 0.0763894 0.0765024 0.867591
0 0.0894989 0.0727169 0.0727134 0.0729102 0.867428
2 0.943928 0.562496 0.0749973 0.0749275 0.867254
0 0.0345555 0.121695 0.0689084 0.0724666 0.866168
0 0.0344925 0.075067 0.0688097 0.072437 0.865887
0 0.852169 0.495277 0.0777077 0.0769035 0.86558
2 0.881571 0.0735964 0.0754232 0.0765035 0.86537
2 0.969943 0.0826921 0.0601146 0.0759895 0.865285
2 0.762101 0.591023 0.079785 0.0788768 0.865252
1 0.539605 0.439464 0.0752454 0.0754623 0.864729
2 0.171999 0.890264 0.0755797 0.0754463 0.864724
2 0.828485 0.163218 0.074938 0.075065 0.864434
0 0.415859 0.16062 0.0737888 0.0736901 0.864119
0 0.0939761 0.71553 0.0743968 0.0746287 0.864065
2 0.972235 0.574086 0.0555303 0.0749625 0.86397
2 0.609664 0.070626 0.0758984 0.0758189 0.863929
0 0.0276236 0.0631883 0.0551397 0.0723132 0.863861
2 0.479098 0.824275 0.0770529 0.0770479 0.863831
0 0.0311081 0.329777 0.0622152 0.0701161 0.863733
0 0.123766 0.394094 0.0744137 0.074169 0.863526
2 0.971037 0.545779 0.0579255 0.0764084 0.86348
2 0.307448 0.909826 0.0755321 0.0754253 0.861977
2 0.704956 0.358286 0.0759224 0.0761963 0.861805
2 0.552831 0.155951 0.0760498 0.0752989 0.861422
2 0.965958 0.267466 0.0680845 0.0770373 0.860795
0 0.287965 0.133729 0.0728369 0.0732107 0.859083
0 0.024791 0.742411 0.0491499 0.0743938 0.858898
2 0.946141 0.575474 0.0753408 0.0753239 0.858521
2 0.349732 0.12531 0.0738045 0.0724811 0.858382
2 0.261172 0.826628 0.0740967 0.0749062 0.857664
0 0.729613 0.029263 0.0749685 0.0581627 0.857195
2 0.197157 0.66181 0.075524 0.0753426 0.857184
0 0.511452 0.0306016 0.075115 0.0606552 0.857098
1 0.370161 0.343048 0.0767465 0.0762446 0.85679
2 0.918696 0.246463 0.075873 0.0757521 0.856712
2 0.840317 0.267968 0.0765903 0.075519 0.856657
2 0.866118 0.707303 0.0738159 0.074692 0.856291
2 0.959186 0.37296 0.0769829 0.0789502 0.856268
0 0.0296151 0.255007 0.0592303 0.0697369 0.856189
1 0.0290293 0.780312 0.0579175 0.0748468 0.856103
0 0.835065 0.586117 0.0778294 0.0777666 0.855544
0 0.317372 0.259909 0.0749599 0.0756532 0.855524
1 0.79224 0.869242 0.0751778 0.0752468 0.855397
0 0.406696 0.200418 0.073846 0.074223 0.855351
2 0.900779 0.97348 0.0744631 0.0530395 0.854576
2 0.24701 0.445817 0.0770915 0.0767239 0.854332
0 0.0968419 0.92074 0.075737 0.0755455 0.854234
2 0.284705 0.436291 0.0759833 0.075908 0.854064
2 0.973747 0.434493 0.0525065 0.0782636 0.854007
1 0.830878 0.944601 0.0771479 0.0768604 0.853071
2 0.67583 0.687229 0.0764902 0.0762564 0.85275
2 0.793627 0.23118 0.0749934 0.0752171 0.852612
0 0.115388 0.376875 0.0736065 0.0744768 0.852394
0 0.0850371 0.856477 0.0745741 0.0747131 0.851748
2 0.473312 0.867617 0.0767165 0.0758411 0.85166
0 0.340201 0.0333104 0.0725115 0.0664827 0.85148
2 0.666021 0.297321 0.0751913 0.0754217 0.85116
2 0.643999 0.0733506 0.0764891 0.0759539 0.850038
0 0.15138 0.764584 0.0748708 0.0741501 0.849945
2 0.547349 0.784082 0.0758058 0.0755967 0.849721
2 0.43371 0.534744 0.0767437 0.0771275 0.849604
0 0.395865 0.111747 0.0737474 0.0734165 0.848996
2 0.636115 0.29909 0.076169 0.0767979 0.84878
2 0.645168 0.444533 0.0765894 0.0764655 0.84856
0 0.706299 0.433442 0.0750843 0.0749352 0.847586
1 0.667583 0.920617 0.0762791 0.0766033 0.84638
0 0.0215795 0.91059 0.043159 0.073328 0.846335
0 0.459189 0.133063 0.073904 0.07388 0.846113
2 0.426807 0.7887 0.0777664 0.07644 0.846036
2 0.875592 0.035211 0.0763844 0.0696695 0.846002
2 0.484434 0.743518 0.0762295 0.0762944 0.845696
0 0.426813 0.0325167 0.0713856 0.0650334 0.845264
2 0.354965 0.108324 0.0735682 0.0735995 0.84461
0 0.0332618 0.96749 0.0665236 0.0650209 0.844283
2 0.460388 0.0224787 0.0739597 0.0449574 0.84385
2 0.294033 0.93521 0.0754023 0.07575 0.842514
2 0.54417 0.923091 0.0769313 0.0768848 0.84184
0 0.0195176 0.333401 0.0390352 0.0724499 0.841658
2 0.650661 0.472517 0.076016 0.0754116 0.84129
0 0.340538 0.652272 0.0762089 0.076196 0.841249
1 0.762606 0.935927 0.0785366 0.0786041 0.841239
2 0.953779 0.960516 0.0748753 0.075069 0.841089
0 0.10796 0.161764 0.0731006 0.0719735 0.841016
2 0.59654 0.65726 0.0762535 0.0758214 0.840476
2 0.017462 0.687052 0.034924 0.0736828 0.83953
2 0.881274 0.0871568 0.0766251 0.0762004 0.839091
0 0.0175195 0.0281874 0.035039 0.0562446 0.839019
1 0.71531 0.650236 0.0765194 0.0768205 0.838968
1 0.571149 0.810196 0.0762461 0.0767572 0.838886
0 0.321377 0.807112 0.0743854 0.0737366 0.838482
2 0.127894 0.422247 0.0738632 0.0741099 0.836921
1 0.627362 0.478595 0.0762617 0.076263 0.83689
0 0.0211754 0.417147 0.0423508 0.0728758 0.836804
0 0.324203 0.173749 0.0734836 0.0746121 0.836503
1 0.469872 0.315791 0.0771502 0.0769583 0.836292
2 0.934718 0.555697 0.0756933 0.0752262 0.835788
2 0.293271 0.85373 0.0749368 0.074427 0.835312
2 0.840171 0.34734 0.077639 0.0774309 0.835264
2 0.196392 0.526462 0.075494 0.0753004 0.835031
2 0.735128 0.968326 0.0775651 0.0633484 0.834933
1 0.593304 0.473207 0.0754915 0.0764194 0.834499
0 0.35857 0.177109 0.073164 0.0724685 0.834072
2 0.888493 0.861779 0.0760122 0.0762468 0.833959
0 0.670572 0.023975 0.0767419 0.04795 0.833956
2 0.0942974 0.779253 0.0750846 0.0744936 0.833789
2 0.419404 0.467529 0.0744936 0.0743185 0.833535
0 0.856368 0.149479 0.0760223 0.0762643 0.832923
0 0.221073 0.248192 0.0737441 0.0735832 0.832785
2 0.91144 0.0836056 0.0768997 0.0767029 0.831889
2 0.501104 0.978296 0.0735752 0.043409 0.831376
0 0.974477 0.273661 0.0510464 0.0767014 0.831228
2 0.783546 0.132054 0.0754402 0.0752027 0.830964
2 0.634343 0.967239 0.0756918 0.0655222 0.830057
2 0.974413 0.942941 0.0511732 0.0750618 0.82988
0 0.130281 0.828294 0.0749928 0.0748549 0.829547
2 0.941737 0.744729 0.0746046 0.0744007 0.829172
2 0.968477 0.0299552 0.0628717 0.0599103 0.829056
2 0.0365585 0.610468 0.0726459 0.0746611 0.828861
2 0.687858 0.0709994 0.0768486 0.0760484 0.827826
2 0.941873 0.542132 0.0765602 0.0765888 0.827762
0 0.854143 0.256633 0.0764977 0.075881 0.827418
1 0.223811 0.975875 0.0728102 0.048251 0.827183
2 0.672923 0.0901287 0.0766044 0.0756136 0.826933
0 0.105538 0.381824 0.0745158 0.0740501 0.826512
0 0.09104 0.406042 0.0746113 0.0741759 0.826481
2 0.642476 0.0346555 0.0766108 0.0688381 0.826303
2 0.285677 0.310761 0.0750892 0.0746046 0.825032
2 0.526867 0.0353675 0.0737973 0.0698347 0.824664
2 0.917954 0.747397 0.0755718 0.0753572 0.82462
0 0.0184328 0.662444 0.0368656 0.0745989 0.823921
2 0.38125 0.258717 0.0762547 0.0758696 0.823847
2 0.313808 0.844109 0.0734453 0.073695 0.823817
2 0.66442 0.527325 0.0745731 0.0747295 0.823493
0 0.273994 0.396923 0.0747474 0.0748384 0.823133
2 0.68345 0.981222 0.0758396 0.0375565 0.821634
2 0.724882 0.0524172 0.077131 0.0759113 0.820661
0 0.104326 0.705357 0.0738562 0.074167 0.819994
1 0.928918 0.726824 0.0756845 0.0760771 0.818898
2 0.360276 0.488804 0.0779102 0.0784661 0.818808
2 0.658076 0.97363 0.075906 0.052676 0.818736
0 0.549063 0.733117 0.0755987 0.075536 0.818039
2 0.431926 0.810513 0.0760361 0.0759465 0.817723
0 0.521306 0.0263033 0.0728006 0.0522423 0.816596
0 0.0189327 0.728488 0.0377536 0.0753988 0.816496
0 0.0218883 0.0516616 0.0437766 0.0729551 0.816306
2 0.77166 0.855915 0.076338 0.0765518 0.815477
0 0.0178098 0.634955 0.0356193 0.0738883 0.814882
2 0.402762 0.266994 0.0757463 0.0762804 0.814816
0 0.20852 0.0682678 0.0731224 0.0733583 0.814665
0 0.744703 0.265902 0.0744497 0.0748008 0.814109
2 0.262401 0.9711 0.0756505 0.0577998 0.813495
0 0.222821 0.123214 0.0732737 0.0731466 0.810679
0 0.0189299 0.427421 0.0378597 0.0725322 0.809912
0 0.1729 0.0484039 0.071373 0.0719932 0.809692
0 0.364579 0.0184099 0.0712509 0.0368197 0.809372
2 0.884184 0.0202723 0.0755859 0.0405446 0.809293
2 0.0547424 0.157511 0.0727345 0.0725971 0.809292
2 0.768061 0.967257 0.0760455 0.0654867 0.809142
2 0.524044 0.583728 0.0771368 0.0766203 0.808141
0 0.269838 0.115676 0.0738843 0.0735741 0.808051
1 0.353538 0.935552 0.0752082 0.0759302 0.807972
0 0.236649 0.156497 0.0746453 0.0751322 0.80736
0 0.105472 0.462359 0.0730826 0.0732325 0.807291
2 0.682349 0.968102 0.0734462 0.0637965 0.80712
2 0.507815 0.870616 0.0759016 0.0758186 0.806026
2 0.847011 0.616683 0.0761036 0.0759874 0.805628
0 0.0257274 0.219753 0.0514548 0.0719708 0.805074
2 0.560393 0.755413 0.07507 0.0751192 0.804533
2 0.444892 0.739338 0.078192 0.0785767 0.803633
0 0.119412 0.278041 0.073065 0.0725195 0.803632
0 0.211798 0.340072 0.0748742 0.074123 0.802155
0 0.0173057 0.862453 0.0346115 0.0726212 0.801657
2 0.857505 0.889821 0.0760103 0.0764389 0.801573
2 0.218117 0.544233 0.0756835 0.0752012 0.801131
0 0.414166 0.0406981 0.0734016 0.0738165 0.801069
2 0.966983 0.281252 0.0660347 0.0769257 0.799848
2 0.775291 0.10781 0.0762642 0.0754563 0.798766
0 0.39652 0.183902 0.0730704 0.0732942 0.79863
2 0.355324 0.320837 0.0758834 0.0759801 0.797514
2 0.768176 0.257693 0.0754112 0.0749211 0.79695
2 0.111513 0.811404 0.0739405 0.0739128 0.796447
1 0.7032 0.0814436 0.0766282 0.0764848 0.796275
0 0.63205 0.40956 0.0751909 0.0757094 0.795567
0 0.0430377 0.0294648 0.0727832 0.0589296 0.794703
1 0.488003 0.506188 0.0763567 0.0758481 0.794354
2 0.243754 0.33735 0.0756142 0.0760711 0.794082
2 0.585323 0.674274 0.0742885 0.0749489 0.792666
2 0.42482 0.980304 0.0749386 0.0393911 0.792224
2 0.964864 0.967179 0.0702719 0.065263 0.792085
0 0.227971 0.0182472 0.0726367 0.0364661 0.791066
0 0.899246 0.242338 0.0763393 0.0757942 0.790157
0 0.629188 0.025801 0.0735149 0.0514198 0.788684
2 0.525999 0.977985 0.0747674 0.0440294 0.787607
0 0.142475 0.16829 0.0731696 0.07334 0.78736
2 0.971889 0.214171 0.0562227 0.077632 0.787095
2 0.542656 0.797942 0.0758421 0.0765139 0.786342
2 0.142516 0.0747042 0.0740092 0.0735682 0.785376
2 0.239768 0.472065 0.0773173 0.0771274 0.785351
1 0.520496 0.427627 0.0741528 0.0745665 0.78523
2 0.42319 0.500175 0.0756115 0.0756415 0.785095
0 0.0228123 0.380621 0.0456246 0.069414 0.78418
2 0.353172 0.412816 0.0758165 0.0754654 0.783968
2 0.627857 0.952192 0.0777414 0.07686 0.783592
2 0.908874 0.201655 0.0766785 0.0772636 0.780966
0 0.397761 0.0243285 0.0727508 0.048657 0.780905
2 0.965696 0.97868 0.0677002 0.0425121 0.78049
0 0.246552 0.0195791 0.0716123 0.0391583 0.780227
2 0.34822 0.726202 0.0760545 0.0755789 0.779921
0 0.0397499 0.981914 0.0721267 0.0361713 0.774551
2 0.46308 0.714802 0.0780842 0.077882 0.772132
2 0.31492 0.0344837 0.0734449 0.0683929 0.772125
2 0.267302 0.933617 0.0757514 0.0751835 0.771546
2 0.495399 0.899024 0.0765764 0.0770943 0.770995
1 0.969872 0.678077 0.0602564 0.0723141 0.769885
2 0.310729 0.576761 0.0768375 0.0766764 0.768383
2 0.587051 0.723924 0.0740554 0.074868 0.767929
0 0.0199796 0.183126 0.0399592 0.0710385 0.767039
2 0.157113 0.329778 0.0738981 0.0740972 0.766336
2 0.944956 0.980089 0.0743769 0.0398211 0.766078
2 0.910935 0.441732 0.0771557 0.077546 0.765278
2 0.58413 0.0176325 0.0730097 0.0352651 0.764293
2 0.42984 0.375877 0.0754906 0.075104 0.763195
0 0.791322 0.295161 0.0761401 0.0756017 0.762449
2 0.330522 0.853553 0.0738611 0.0741173 0.762357
0 0.0638331 0.245427 0.0708445 0.0724408 0.762114
0 0.0178562 0.90022 0.0356149 0.0731464 0.761175
0 0.857293 0.411458 0.0769245 0.0766449 0.760896
2 0.854299 0.818384 0.0760006 0.0765106 0.759393
0 0.260853 0.0841193 0.0735803 0.0734209 0.758021
2 0.73925 0.137891 0.0762333 0.0750447 0.756951
0 0.297528 0.0913042 0.0730405 0.0726392 0.756212
2 0.212699 0.76704 0.0733068 0.0736906 0.752297
0 0.448293 0.169051 0.0747293 0.0743329 0.751786
1 0.47725 0.547911 0.0758247 0.0760901 0.751747
2 0.73572 0.41363 0.0744317 0.0739538 0.751717
2 0.180649 0.517974 0.0747816 0.0752439 0.751459
0 0.951927 0.15476 0.0777996 0.0774069 0.74875
2 0.627289 0.777758 0.0753552 0.0756283 0.748344
2 0.876996 0.854094 0.0766727 0.0751547 0.746379
0 0.977703 0.049878 0.0445941 0.0724138 0.746296
2 0.172159 0.0484658 0.0717046 0.0721523 0.74488
2 0.321488 0.571914 0.0773546 0.0773488 0.74442
0 0.135053 0.610392 0.0734149 0.0740808 0.744074
1 0.516379 0.234879 0.0743293 0.0746039 0.743969
0 0.847107 0.426356 0.0749069 0.0762488 0.743789
2 0.871306 0.375651 0.0775322 0.0780689 0.743081
0 0.0754206 0.135716 0.072738 0.0723822 0.739751
2 0.199665 0.968649 0.0751799 0.0627012 0.73918
0 0.161666 0.249305 0.0728774 0.0730102 0.733757
0 0.226413 0.299183 0.0753852 0.0750235 0.733436
2 0.334899 0.250696 0.0751575 0.0759663 0.733007
1 0.335777 0.971277 0.0728306 0.0574465 0.732826
2 0.800617 0.339986 0.0756765 0.076415 0.732417
2 0.899628 0.530567 0.0755709 0.0763852 0.731692
2 0.0224413 0.940053 0.0448826 0.0734211 0.730042
2 0.0737694 0.919803 0.0750702 0.0748936 0.728878
2 0.954936 0.192355 0.0766422 0.0767734 0.727264
2 0.955565 0.948748 0.073476 0.0735649 0.724541
2 0.775391 0.144188 0.0747604 0.0747669 0.724166
0 0.0169872 0.171895 0.0338811 0.0706785 0.72416
1 0.718479 0.691762 0.0766809 0.075877 0.72137
2 0.600869 0.923676 0.0766564 0.0764963 0.720469
0 0.235878 0.254807 0.0737732 0.0742024 0.719632
0 0.182422 0.79607 0.074645 0.0750341 0.719573
2 0.808709 0.0338292 0.0746056 0.0672306 0.719173
2 0.725591 0.437684 0.0750854 0.0749203 0.719154
2 0.183654 0.165816 0.0745042 0.0737918 0.717192
2 0.410773 0.429791 0.0746518 0.0743807 0.716852
2 0.980484 0.923121 0.0388924 0.0723888 0.715679
2 0.26401 0.16896 0.0736188 0.0734753 0.714181
1 0.798948 0.91475 0.076998 0.0771929 0.713267
2 0.373033 0.61236 0.0790247 0.0784918 0.710701
2 0.330226 0.642995 0.0752564 0.0756229 0.708555
0 0.12968 0.169762 0.0729619 0.0729531 0.7082
0 0.177657 0.690436 0.0745709 0.0739405 0.706483
0 0.353025 0.0612746 0.0726701 0.0728442 0.704654
2 0.079778 0.033956 0.0731063 0.0672201 0.702013
1 0.494816 0.272409 0.0736065 0.0748063 0.700737
2 0.255126 0.332457 0.0752162 0.0748052 0.700626
2 0.614056 0.921303 0.0777973 0.0767876 0.700009
0 0.15904 0.291344 0.0743514 0.0739892 0.699202
0 0.235848 0.267735 0.0733306 0.0741615 0.698156
0 0.158906 0.498383 0.0737801 0.0744764 0.695497
2 0.39022 0.0706807 0.0731416 0.0741985 0.695253
2 0.895295 0.208738 0.0766197 0.0770532 0.694659
0 0.86024 0.426935 0.0760345 0.0755342 0.694372
2 0.108428 0.304399 0.0725713 0.0730918 0.692488
1 0.643111 0.181548 0.0744452 0.0743823 0.692094
1 0.440202 0.395691 0.0735689 0.0733773 0.692088
2 0.170718 0.0365785 0.0731849 0.0702839 0.69131
1 0.979277 0.733104 0.0414455 0.0759106 0.690737
2 0.0205232 0.482826 0.0410465 0.0694701 0.690506
2 0.92917 0.967007 0.074585 0.0654408 0.689223
2 0.794805 0.0525737 0.0724268 0.074412 0.687897
2 0.048145 0.49181 0.073571 0.0734759 0.686341
1 0.937788 0.633791 0.0770836 0.0764605 0.685863
1 0.953316 0.779961 0.0766167 0.0759956 0.682988
1 0.971588 0.821286 0.0568249 0.0721905 0.682442
0 0.724297 0.377885 0.0758472 0.0753328 0.680577
2 0.696967 0.980794 0.0748764 0.0384129 0.678996
0 0.0280456 0.154616 0.0560834 0.0717827 0.677626
0 0.174011 0.97539 0.0730396 0.04922 0.67433
1 0.365275 0.971497 0.0730239 0.0566242 0.670869
0 0.230959 0.141067 0.0736469 0.073645 0.670574
2 0.604479 0.018448 0.0746508 0.0368961 0.669313
2 0.88916 0.60524 0.0761311 0.0773947 0.664405
0 0.0429854 0.10846 0.0728936 0.0724502 0.663602
2 0.980167 0.136617 0.0396654 0.0775486 0.663567
1 0.0303618 0.533856 0.0607235 0.0741275 0.661841
0 0.971448 0.356071 0.0571032 0.0787148 0.660763
2 0.979562 0.198225 0.0408752 0.0781822 0.659456
2 0.950882 0.0178816 0.0747416 0.0357632 0.657837
0 0.795124 0.0535763 0.0755772 0.0758943 0.655523
2 0.439903 0.0183837 0.0718431 0.0367673 0.655042
0 0.971412 0.509125 0.0571765 0.0779459 0.654794
0 0.393742 0.0187677 0.0722661 0.0375354 0.65248
2 0.830255 0.981505 0.0758875 0.0367542 0.64717
2 0.604283 0.973301 0.0754823 0.0529129 0.6466
2 0.763836 0.613541 0.0769915 0.0768268 0.643679
1 0.71945 0.716322 0.0756061 0.0754448 0.642834
2 0.866926 0.899954 0.0757809 0.0753809 0.641652
0 0.0325259 0.194586 0.0650519 0.0706203 0.638059
0 0.663303 0.0198985 0.0740885 0.039797 0.6377
1 0.949208 0.704871 0.0757458 0.0754066 0.636805
0 0.107688 0.913338 0.0752889 0.0746716 0.633333
1 0.681111 0.253336 0.0746723 0.0750092 0.632945
0 0.118883 0.293513 0.0744154 0.0731266 0.632133
1 0.590948 0.0738993 0.0755367 0.0750846 0.631094
0 0.235949 0.665389 0.0753113 0.0746319 0.627055
1 0.0600653 0.530155 0.0732803 0.074008 0.624129
1 0.361494 0.903589 0.0731183 0.0744883 0.623526
2 0.871076 0.026154 0.0719353 0.0523079 0.623423
2 0.395404 0.142667 0.0733974 0.0738267 0.622364
2 0.942704 0.353476 0.0778481 0.0773928 0.621469
0 0.26817 0.0308206 0.0729164 0.0606682 0.620175
2 0.587259 0.427845 0.0753931 0.0749892 0.617583
2 0.891833 0.0664255 0.0762226 0.0769968 0.617348
2 0.131299 0.981812 0.0751358 0.0358034 0.615892
2 0.982143 0.315067 0.0357147 0.0768752 0.61489
0 0.179344 0.577316 0.0750338 0.0751537 0.614655
0 0.0415394 0.203858 0.0717099 0.0725366 0.612928
1 0.337393 0.93046 0.0735592 0.0751518 0.611415
2 0.548484 0.732796 0.0746104 0.0751493 0.611157
0 0.208069 0.452831 0.0752681 0.0757616 0.607207
2 0.646111 0.729066 0.0755585 0.0765789 0.607158
2 0.210366 0.493644 0.076688 0.0765604 0.604544
1 0.982826 0.601681 0.0342695 0.0758522 0.604268
2 0.481173 0.58756 0.0769768 0.0771272 0.603843
2 0.540535 0.10405 0.072138 0.0724354 0.598476
2 0.637618 0.33351 0.0765375 0.0770704 0.593636
2 0.694983 0.695608 0.0766355 0.0772064 0.586252
2 0.562416 0.142817 0.074604 0.0752346 0.581724
0 0.149129 0.795837 0.0756055 0.0744282 0.581104
0 0.0615421 0.20338 0.0716992 0.0715807 0.57919
0 0.149006 0.962779 0.0729946 0.0714634 0.577687
1 0.617707 0.452342 0.0775468 0.077886 0.577538
2 0.0299862 0.906367 0.059603 0.0743607 0.573452
0 0.0180409 0.924119 0.0360454 0.0742767 0.572981
2 0.0171818 0.967782 0.0343635 0.0615864 0.569882
2 0.0223523 0.457582 0.0447045 0.0688562 0.568848
2 0.571358 0.878193 0.0771521 0.0775015 0.568437
2 0.814481 0.977113 0.075996 0.045586 0.56767
2 0.0169583 0.215351 0.0338843 0.0678753 0.562318
1 0.97122 0.713342 0.0575596 0.0751479 0.561381
2 0.264476 0.710952 0.0753265 0.0750906 0.557926
2 0.981162 0.342818 0.0376759 0.077827 0.555971
0 0.0654618 0.729605 0.0749107 0.0750189 0.555841
0 0.0982265 0.0940622 0.0725408 0.0736396 0.553755
2 0.0684919 0.0217889 0.0717424 0.0434557 0.553144
2 0.977042 0.22482 0.0459167 0.0770504 0.55306
2 0.0207812 0.259285 0.0415413 0.0713598 0.552999
2 0.58418 0.581021 0.0760337 0.0759728 0.549664
0 0.193567 0.56045 0.0762519 0.076505 0.548967
2 0.603242 0.541766 0.0754573 0.0751594 0.546977
2 0.210775 0.903722 0.075294 0.0752514 0.546235
0 0.253598 0.0499221 0.0731967 0.072691 0.544178
2 0.478327 0.641068 0.0775595 0.0765345 0.540549
0 0.869569 0.0265582 0.0766233 0.0531164 0.540138
2 0.0792691 0.982306 0.0762699 0.0353168 0.539752
0 0.752836 0.0348271 0.0754082 0.0696543 0.53956
1 0.979634 0.760822 0.0407324 0.0750015 0.539109
1 0.718656 0.902649 0.0758761 0.0763176 0.537051
0 0.144941 0.555168 0.0745046 0.0737459 0.533642
0 0.227655 0.278085 0.0749639 0.0750289 0.532484
1 0.560152 0.497513 0.0757444 0.0756413 0.531507
2 0.752668 0.0346811 0.0757314 0.0689844 0.523854
0 0.909201 0.201874 0.0775482 0.0779726 0.523444
2 0.951543 0.728707 0.0746368 0.0750048 0.523245
2 0.751257 0.397462 0.0754614 0.0754745 0.519568
2 0.309383 0.76668 0.0745406 0.0745462 0.518886
0 0.154852 0.59455 0.0750169 0.0747049 0.510102
2 0.420141 0.556315 0.077529 0.0778091 0.509431
2 0.396544 0.657336 0.0763305 0.0769529 0.507223
1 0.0871398 0.680083 0.0741361 0.0746567 0.506242
2 0.777992 0.45696 0.0757235 0.0769571 0.504094
2 0.95427 0.502177 0.0750649 0.0769133 0.50409
2 0.790627 0.294597 0.0758765 0.0761883 0.501893
2 0.260919 0.186786 0.0749157 0.0752799 0.501173
1 0.495807 0.292261 0.0759012 0.0757333 0.50114
0 0.289184 0.10556 0.0737315 0.073671 0.930466
0 0.244139 0.802083 0.0749017 0.0742487 0.93027
0 0.0557174 0.128797 0.073484 0.0732686 0.929975
0 0.250661 0.148719 0.0740352 0.0738711 0.929506
0 0.182054 0.254274 0.0741039 0.074406 0.926723
0 0.76371 0.11993 0.0747841 0.0748977 0.924965
2 0.475791 0.184018 0.0744288 0.0741127 0.924632
0 0.0744366 0.387895 0.0743518 0.0740253 0.924036
2 0.399053 0.691895 0.0790256 0.0777311 0.923829
0 0.0875306 0.317365 0.0730466 0.0736126 0.923246
0 0.0532803 0.252312 0.072644 0.0717823 0.923092
2 0.944183 0.0639044 0.0762966 0.0769814 0.922698
0 0.0818234 0.555029 0.073925 0.0741279 0.922623
0 0.0785967 0.503261 0.0745923 0.0735947 0.922485
0 0.0762716 0.895035 0.0748795 0.0742863 0.922251
0 0.172897 0.704249 0.0751947 0.074775 0.922089
0 0.317369 0.192655 0.0750988 0.0749072 0.921399
0 0.115972 0.769192 0.0746303 0.0749443 0.921176
2 0.457723 0.875812 0.0760368 0.0763947 0.921131
0 0.162312 0.848022 0.0757516 0.0756638 0.920989
0 0.100131 0.286076 0.0724706 0.0722412 0.920969
0 0.044828 0.176111 0.072694 0.0726911 0.920795
0 0.299399 0.703752 0.0764417 0.0761214 0.920263
0 0.842479 0.153917 0.0754112 0.0754643 0.920053
2 0.175619 0.140529 0.0741104 0.0745261 0.919821
0 0.167926 0.632088 0.0757521 0.0752378 0.919717
2 0.708885 0.848112 0.0769813 0.0770809 0.919403
0 0.0315137 0.181601 0.0630274 0.0723034 0.919401
0 0.316362 0.756719 0.075561 0.075249 0.919249
2 0.460097 0.11403 0.0735765 0.0740658 0.918977
2 0.923785 0.933513 0.0751572 0.0748814 0.918926
0 0.0985028 0.500779 0.0748424 0.0743069 0.918743
0 0.504823 0.717224 0.076697 0.0768721 0.918255
0 0.272822 0.130435 0.0728564 0.0733055 0.918229
0 0.0747367 0.0543915 0.0728484 0.0726392 0.91811
0 0.787221 0.0934165 0.0761441 0.0753426 0.918047
0 0.790455 0.278386 0.0769485 0.0768326 0.918037
0 0.887935 0.619735 0.0760166 0.0755929 0.917978
0 0.580861 0.772931 0.0761859 0.075708 0.917867
0 0.18753 0.678104 0.0748731 0.0744925 0.917476
0 0.13309 0.302757 0.0730005 0.0727803 0.917407
0 0.643242 0.790251 0.0747867 0.0745619 0.917194
0 0.0456141 0.216633 0.0727488 0.0725183 0.917105
2 0.133903 0.491879 0.0748877 0.0752798 0.917086
2 0.347291 0.393752 0.0753839 0.0752274 0.916862
0 0.093045 0.296989 0.0732826 0.0729459 0.916818
2 0.386595 0.689381 0.077369 0.0772268 0.916815
0 0.605704 0.636003 0.0762892 0.0767048 0.916789
0 0.193846 0.136172 0.0742208 0.0741722 0.916763
0 0.171302 0.73658 0.0749966 0.07479 0.916762
0 0.155286 0.388799 0.0750726 0.0740802 0.916542
0 0.105981 0.782149 0.0742469 0.0740282 0.916515
0 0.578846 0.149972 0.0761113 0.0754903 0.916484
0 0.0414396 0.4107 0.0734767 0.0736032 0.916461
2 0.511166 0.145319 0.0740952 0.0745692 0.916443
0 0.0299802 0.373386 0.0599603 0.072569 0.916403
2 0.401583 0.925991 0.0751237 0.0746914 0.916357
2 0.743256 0.183655 0.0758491 0.0755045 0.916298
2 0.250413 0.786203 0.0747797 0.0745838 0.916224
0 0.0356177 0.715891 0.0712354 0.0746226 0.916132
0 0.205482 0.642971 0.075249 0.074827 0.915877
0 0.454756 0.156957 0.0745323 0.073992 0.915739
2 0.28475 0.0371661 0.0729031 0.0713862 0.915696
2 0.91953 0.953324 0.0744572 0.0745804 0.915494
0 0.0944625 0.448484 0.0739514 0.0734713 0.915421
2 0.903262 0.347785 0.0779537 0.0778665 0.915394
0 0.479549 0.938241 0.0760786 0.0754093 0.915271
0 0.0733708 0.288195 0.0730902 0.072454 0.915223
0 0.042382 0.383419 0.0745727 0.0740644 0.915221
0 0.193198 0.542526 0.0760227 0.0760994 0.915163
2 0.814674 0.269005 0.0764832 0.0759607 0.915095
0 0.313283 0.498754 0.0780974 0.0778442 0.915057
0 0.0752517 0.326603 0.0743227 0.0738516 0.914991
0 0.0343469 0.494267 0.0686937 0.0736191 0.914831
0 0.708302 0.270027 0.0759452 0.0759039 0.914789
0 0.117019 0.206882 0.0738921 0.0731897 0.914773
0 0.512182 0.624228 0.076045 0.0761061 0.914755
0 0.234638 0.723549 0.0739009 0.0745514 0.914743
0 0.72041 0.285759 0.0756441 0.0760789 0.914684
0 0.108698 0.191384 0.0726784 0.0726652 0.914632
0 0.105837 0.872117 0.0737852 0.073971 0.914627
2 0.208026 0.96235 0.0735969 0.0734562 0.914453
0 0.345082 0.191394 0.0734757 0.0734894 0.914429
0 0.0879588 0.595991 0.0739545 0.074003 0.914393
0 0.0504603 0.238187 0.0719534 0.0718101 0.914346
0 0.336886 0.0568507 0.0727127 0.0727868 0.914013
0 0.313893 0.138378 0.0736536 0.0724729 0.91386
0 0.0900619 0.217587 0.0718483 0.0714768 0.913785
2 0.609005 0.962063 0.0746819 0.0741497 0.913708
0 0.369522 0.0906442 0.0740054 0.0738303 0.913588
1 0.376994 0.936605 0.0748213 0.0750732 0.913567
2 0.718633 0.867046 0.0762205 0.0760868 0.913455
0 0.418437 0.0555852 0.0735281 0.0736728 0.913317
0 0.137755 0.367072 0.0743957 0.0746798 0.913105
2 0.0777832 0.372795 0.0729727 0.0729428 0.913089
1 0.489345 0.158437 0.0738825 0.0741369 0.913083
0 0.809548 0.0469818 0.0752098 0.0752068 0.913073
0 0.142025 0.861921 0.0751965 0.0752037 0.913053
0 0.690409 0.120571 0.0754464 0.0751485 0.912884
0 0.109513 0.485515 0.0754072 0.0746618 0.912812
0 0.728428 0.361894 0.0767467 0.0761929 0.912797
0 0.67781 0.415963 0.0769445 0.07639 0.912735
0 0.0711913 0.714592 0.0744713 0.0745333 0.912662
0 0.176177 0.354445 0.0755614 0.0749898 0.912621
2 0.707663 0.176037 0.0748442 0.0742354 0.912582
0 0.0948631 0.743226 0.0746028 0.0742237 0.912562
0 0.285937 0.825466 0.0737466 0.0737493 0.912416
0 0.824579 0.52531 0.0775566 0.0774447 0.912212
0 0.0305855 0.413621 0.0611709 0.0730198 0.912157
0 0.0316784 0.293149 0.0633568 0.0725599 0.912106
0 0.152991 0.781736 0.0747012 0.0742086 0.91208
2 0.757359 0.154213 0.0753487 0.0758652 0.912001
2 0.398282 0.896442 0.0752719 0.074947 0.911758
0 0.557384 0.0950017 0.0749899 0.0753535 0.911699
0 0.287836 0.0803006 0.0725856 0.0735902 0.911659
2 0.622875 0.291605 0.0754387 0.0754507 0.911647
2 0.152263 0.682999 0.0744797 0.0741127 0.911576
0 0.206521 0.169764 0.0746187 0.0748709 0.911526
0 0.197353 0.859434 0.0755271 0.0752377 0.911486
0 0.345033 0.0426583 0.0735072 0.0732182 0.911463
2 0.635592 0.59029 0.0751438 0.0749689 0.911442
0 0.348838 0.280837 0.0763846 0.0758317 0.911414
1 0.636782 0.881389 0.0776133 0.0769173 0.911404
0 0.100866 0.16996 0.0727804 0.0723837 0.9114
0 0.512085 0.0707492 0.0746339 0.0744485 0.9114
2 0.873147 0.595539 0.0763586 0.0758457 0.911368
0 0.251487 0.213208 0.0756824 0.0754538 0.911365
2 0.574707 0.336073 0.0756804 0.0753537 0.911312
0 0.155883 0.144196 0.0741513 0.0738956 0.911062
0 0.398251 0.126148 0.0729889 0.0730227 0.911044
2 0.0713644 0.581085 0.0731084 0.0738482 0.91095
0 0.357879 0.203739 0.0740991 0.0742238 0.910888
2 0.485372 0.71094 0.0771111 0.0772015 0.910781
2 0.762474 0.298065 0.0765657 0.0765775 0.910756
2 0.379037 0.771562 0.0751808 0.0749417 0.910722
2 0.607042 0.792499 0.0766104 0.0763613 0.910718
0 0.325725 0.411971 0.0760026 0.0756656 0.910478
2 0.885242 0.117837 0.0754734 0.0755697 0.910331
0 0.417088 0.147206 0.0744137 0.0740409 0.910321
0 0.771919 0.214827 0.0740807 0.0745769 0.910226
2 0.385281 0.873934 0.0750965 0.075421 0.910211
0 0.0923636 0.582635 0.0740268 0.0741994 0.910167
2 0.91394 0.972525 0.0745155 0.0549492 0.910023
2 0.768174 0.071806 0.0753275 0.0751928 0.909913
0 0.806444 0.470688 0.0761563 0.0769411 0.909883
0 0.294527 0.0542996 0.0733569 0.0728427 0.909699
0 0.899875 0.409873 0.0778709 0.0774937 0.909622
0 0.157911 0.104739 0.0735374 0.0737481 0.909594
2 0.635419 0.742006 0.0760642 0.0755651 0.909539
0 0.770384 0.472063 0.0765835 0.0768072 0.909524
2 0.463054 0.69858 0.0782875 0.078102 0.909432
2 0.303779 0.564687 0.0766389 0.0768851 0.909397
2 0.516812 0.9587 0.075919 0.0752462 0.909343
0 0.785985 0.469739 0.0776283 0.0768623 0.909244
2 0.721227 0.152608 0.0748926 0.0755596 0.909234
0 0.944221 0.082917 0.0768164 0.0764747 0.909161
2 0.522494 0.662138 0.0766134 0.0761942 0.909123
0 0.381771 0.240655 0.0762368 0.0762091 0.909119
2 0.652337 0.278966 0.0763895 0.075661 0.909085
0 0.290384 0.211946 0.0749093 0.075142 0.909054
2 0.684012 0.325117 0.0768265 0.0766646 0.909039
0 0.20442 0.290765 0.075247 0.0750242 0.909032
0 0.301 0.0745895 0.0731086 0.0737766 0.909032
0 0.103985 0.830558 0.0750832 0.0747985 0.909
0 0.0398923 0.905401 0.0733477 0.0727791 0.908926
0 0.0429349 0.285832 0.0732467 0.0725579 0.908855
0 0.191009 0.618056 0.0750066 0.074593 0.908846
0 0.195508 0.184268 0.074899 0.0740983 0.908826
2 0.571454 0.120666 0.0752048 0.0752126 0.908824
0 0.381753 0.808273 0.0747371 0.074667 0.908784
0 0.060308 0.184912 0.0710584 0.0715147 0.908754
2 0.882143 0.393538 0.0774742 0.0768833 0.908734
0 0.45515 0.0566663 0.0748219 0.0741017 0.908728
0 0.108022 0.800302 0.0752384 0.0752427 0.908727
2 0.236512 0.704217 0.0755754 0.0762988 0.908675
0 0.129284 0.254872 0.0731474 0.0728907 0.908649
0 0.310964 0.283586 0.0753204 0.0749758 0.908621
0 0.62957 0.344831 0.0763374 0.0761379 0.908489
0 0.311354 0.176343 0.0742376 0.0740071 0.908479
0 0.355941 0.0331358 0.0733532 0.0662716 0.908453
0 0.107969 0.0649827 0.0726287 0.0727504 0.908448
0 0.863017 0.498742 0.0776491 0.0774889 0.908374
0 0.183581 0.0967829 0.0740144 0.0738294 0.908363
0 0.0646879 0.810287 0.0745023 0.0734672 0.908312
0 0.0483137 0.0784026 0.0722766 0.0721557 0.908287
0 0.0477917 0.587828 0.073653 0.0737465 0.908264
0 0.438837 0.106782 0.0740725 0.0746326 0.908256
0 0.156408 0.609525 0.0749821 0.0743109 0.908251
0 0.172343 0.918854 0.0750851 0.0751682 0.908225
0 0.153085 0.0552741 0.0728444 0.0727935 0.908171
0 0.209982 0.721743 0.0750402 0.0748999 0.908145
0 0.400729 0.498475 0.0755855 0.0758412 0.908136
0 0.154973 0.823784 0.0742828 0.0743666 0.908109
0 0.0812482 0.198428 0.0721658 0.0725103 0.908103
0 0.228897 0.340184 0.0761637 0.0763794 0.907976
0 0.516022 0.195857 0.0752535 0.0750112 0.907901
0 0.236674 0.13065 0.0732666 0.0734607 0.907816
0 0.244613 0.537389 0.0759648 0.0768407 0.90771
2 0.221146 0.417666 0.0760015 0.0757788 0.907561
2 0.783835 0.549752 0.0769998 0.0772052 0.90754
0 0.141911 0.131371 0.0739963 0.0735507 0.907494
2 0.719773 0.501987 0.0760344 0.0767373 0.907347
0 0.0458316 0.663001 0.0727527 0.0717224 0.907167
0 0.234051 0.829312 0.0752748 0.0758154 0.906965
0 0.127832 0.0245595 0.0732866 0.049119 0.90692
0 0.29161 0.119377 0.0737584 0.0729872 0.906764
2 0.379617 0.858746 0.0751932 0.0749279 0.90673
2 0.287112 0.877178 0.0747476 0.0746941 0.906623
0 0.225613 0.500428 0.0764442 0.0765508 0.906612
0 0.920572 0.534896 0.0761579 0.0761766 0.906476
2 0.720664 0.247726 0.0754475 0.0749171 0.906385
2 0.435093 0.827616 0.0757843 0.0752836 0.906317
2 0.578493 0.744545 0.0755438 0.07517 0.9063
0 0.0979653 0.633149 0.0756035 0.075041 0.906292
2 0.617417 0.83889 0.0780615 0.0789081 0.906208
0 0.252461 0.5857 0.0753848 0.0750313 0.906199
0 0.127571 0.345645 0.0746761 0.0748021 0.906186
2 0.377296 0.278616 0.0765804 0.076094 0.906176
0 0.237625 0.555537 0.0759189 0.0759791 0.90612
2 0.745016 0.253121 0.0753839 0.0757265 0.906102
2 0.966548 0.947226 0.0669039 0.0740778 0.906062
0 0.112141 0.405902 0.0737766 0.0740739 0.905954
0 0.464711 0.217734 0.0744549 0.0745186 0.905855
0 0.0355656 0.0366285 0.0711311 0.0720289 0.905836
2 0.193896 0.50252 0.074836 0.0748325 0.905801
2 0.433707 0.620038 0.078291 0.0779867 0.905755
0 0.793807 0.427782 0.0766171 0.076501 0.905677
0 0.0596458 0.858293 0.0742848 0.0745556 0.905618
0 0.882734 0.663656 0.0773115 0.0775511 0.90546
0 0.897892 0.138151 0.0772003 0.0782223 0.905454
0 0.0843011 0.478204 0.0740292 0.0740112 0.905388
0 0.717386 0.204666 0.0755794 0.0751677 0.905322
0 0.598177 0.3033 0.0756105 0.0749819 0.905282
0 0.0770923 0.490447 0.0744949 0.0741581 0.905145
1 0.779702 0.888023 0.0759075 0.0756203 0.905089
2 0.810885 0.203783 0.0758198 0.0759955 0.904993
0 0.250255 0.286437 0.0748792 0.0745867 0.904983
2 0.547583 0.765039 0.0759781 0.0761118 0.904973
2 0.805127 0.568344 0.0766706 0.0764625 0.904929
0 0.272896 0.547562 0.076869 0.0764573 0.904926
0 0.706808 0.48842 0.0755093 0.0758808 0.904807
2 0.419841 0.438753 0.074472 0.0746054 0.904744
0 0.176974 0.236554 0.0740764 0.0745808 0.904705
0 0.152382 0.914992 0.0759313 0.0755522 0.904634
0 0.564804 0.723002 0.0754295 0.0753514 0.904617
0 0.316614 0.127469 0.0732893 0.0731858 0.904609
0 0.0379999 0.442671 0.0722827 0.0736033 0.904607
2 0.65499 0.615443 0.0762665 0.0762353 0.904559
0 0.101012 0.436108 0.073409 0.0730938 0.904542
0 0.239778 0.118179 0.0731998 0.0736968 0.904385
0 0.316841 0.0478593 0.0732444 0.0733818 0.904263
2 0.574762 0.688211 0.0762764 0.0764504 0.904177
0 0.401157 0.79777 0.0750067 0.0745239 0.904144
0 0.246808 0.106274 0.0732089 0.0735885 0.904143
0 0.822976 0.415679 0.077071 0.0767557 0.904128
2 0.401716 0.0658811 0.0734703 0.0739184 0.904046
2 0.481224 0.78646 0.0772808 0.0781744 0.903952
0 0.35861 0.811229 0.074085 0.0736017 0.903891
2 0.850708 0.588527 0.0754837 0.0754156 0.903871
0 0.139816 0.878365 0.0754505 0.0749035 0.903828
2 0.795314 0.0741109 0.0757459 0.0756559 0.903804
0 0.7478 0.205157 0.0750879 0.07474 0.903766
0 0.280853 0.172677 0.0736618 0.0732917 0.903692
2 0.331602 0.440616 0.0766204 0.0765985 0.903666
2 0.807376 0.412473 0.0763199 0.0769211 0.903627
0 0.51681 0.0914914 0.0746247 0.0749989 0.903619
0 0.450099 0.0838666 0.0742834 0.0738808 0.903572
2 0.931417 0.976844 0.0747585 0.0463123 0.903564
0 0.307514 0.234075 0.0751229 0.0743482 0.903551
0 0.672974 0.344131 0.0776557 0.0768477 0.903529
0 0.317091 0.221622 0.0741965 0.074662 0.903452
2 0.891561 0.373046 0.0780865 0.0785378 0.903449
0 0.935049 0.599883 0.0761272 0.0760137 0.903428
0 0.0835948 0.932231 0.0746582 0.0745211 0.903421
0 0.228654 0.602838 0.075305 0.0753029 0.903394
0 0.157865 0.19556 0.074118 0.0739738 0.903365
0 0.141548 0.712113 0.0754329 0.0751294 0.903359
0 0.174183 0.659 0.0746048 0.075169 0.903301
2 0.429047 0.456456 0.0750227 0.0747217 0.903289
0 0.934387 0.500488 0.0764381 0.076533 0.903166
0 0.644816 0.0468287 0.0765194 0.0761737 0.903116
0 0.19031 0.87217 0.0747617 0.0756365 0.903031
0 0.018584 0.243568 0.037168 0.0714386 0.90297
2 0.892099 0.968853 0.0753996 0.0622591 0.902852
0 0.702647 0.160393 0.075602 0.0753484 0.90279
0 0.43336 0.906585 0.0749073 0.0744457 0.902742
0 0.422921 0.11234 0.0744364 0.0736742 0.902662
0 0.193416 0.784208 0.0753439 0.0749443 0.902606
0 0.214515 0.235767 0.0736339 0.0729122 0.902407
0 0.139211 0.570575 0.0744614 0.0740082 0.90236
0 0.670018 0.374118 0.0757339 0.0763289 0.902349
2 0.770796 0.559602 0.0769013 0.0774183 0.902334
2 0.255731 0.429852 0.076035 0.0763009 0.902204
0 0.604601 0.335015 0.0760931 0.0753919 0.90217
0 0.314289 0.86152 0.0750433 0.075263 0.902105
2 0.724575 0.843038 0.0772713 0.0764484 0.902052
0 0.167509 0.319131 0.0740328 0.0740331 0.902022
0 0.0731912 0.163956 0.0720441 0.0718656 0.901994
0 0.0712923 0.686592 0.0744105 0.0735416 0.901986
0 0.150776 0.744559 0.0770682 0.0756981 0.901903
0 0.350772 0.825926 0.0738971 0.0740067 0.901902
2 0.472572 0.770888 0.0775871 0.0774485 0.901831
2 0.535489 0.0846458 0.0755896 0.0748869 0.901793
2 0.523684 0.808323 0.0768147 0.0761337 0.901753
0 0.306062 0.607864 0.0757206 0.0757886 0.901649
1 0.343238 0.351919 0.0753863 0.0753361 0.901644
2 0.85603 0.64032 0.0763123 0.0758253 0.901617
0 0.175622 0.753824 0.0740136 0.0741187 0.901593
0 0.352888 0.156879 0.0725217 0.0728912 0.901569
0 0.180093 0.395897 0.0753019 0.0753302 0.901388
2 0.920986 0.0278257 0.0756611 0.0552567 0.901337
0 0.871523 0.143608 0.0761992 0.0760236 0.901305
2 0.771988 0.414028 0.0763407 0.0767606 0.901248
2 0.532124 0.96312 0.0737354 0.0723515 0.901229
0 0.145007 0.2813 0.0743428 0.0738536 0.901206
2 0.65061 0.350429 0.0773711 0.0775188 0.901073
0 0.304763 0.222663 0.0745575 0.0746753 0.900933
0 0.0979298 0.254125 0.0725392 0.0727131 0.900837
0 0.488376 0.128134 0.074497 0.0735186 0.900814
0 0.160986 0.75729 0.0748579 0.0751378 0.900791
2 0.309217 0.933737 0.0758377 0.07542 0.900787
0 0.123463 0.105887 0.073368 0.0734163 0.900737
2 0.841468 0.317525 0.0762547 0.0764116 0.900595
2 0.48137 0.88099 0.0767218 0.0763495 0.900518
2 0.905213 0.602086 0.076441 0.0768612 0.900508
0 0.0999778 0.393132 0.0736205 0.0738935 0.900486
2 0.89901 0.17135 0.0782206 0.0774634 0.900407
0 0.204467 0.107146 0.0729178 0.0735606 0.90026
0 0.453617 0.143435 0.074288 0.0746528 0.900154
0 0.211684 0.206148 0.0752719 0.0747193 0.900137
0 0.237144 0.428415 0.0770024 0.0761347 0.90011
0 0.48763 0.0559447 0.0741791 0.0744331 0.900071
0 0.125516 0.719886 0.074904 0.0746803 0.900041
0 0.10313 0.137228 0.0729151 0.0726227 0.899789
2 0.879379 0.427943 0.0774353 0.0779879 0.899786
0 0.806357 0.385893 0.0758217 0.075753 0.899755
1 0.943856 0.910608 0.0757259 0.0759041 0.899714
0 0.0310747 0.47103 0.0621494 0.0725056 0.899599
0 0.777348 0.245461 0.0751512 0.0754636 0.899471
0 0.382641 0.15337 0.0736796 0.0734768 0.899423
0 0.568585 0.958668 0.0766434 0.0756611 0.899337
2 0.684519 0.488176 0.0749577 0.0746056 0.898949
0 0.366713 0.42452 0.0749424 0.0754299 0.898819
0 0.176881 0.541663 0.0754022 0.0750013 0.898793
2 0.944818 0.967396 0.0746971 0.0652087 0.89875
0 0.167325 0.373167 0.0745579 0.0745838 0.898743
2 0.829599 0.111697 0.0762363 0.0761041 0.898727
0 0.231295 0.033095 0.0742681 0.0658979 0.898696
0 0.0610867 0.750751 0.0727519 0.0742338 0.898685
2 0.857012 0.0354595 0.0760666 0.0709189 0.898677
0 0.0469791 0.934695 0.0751138 0.0750692 0.89865
2 0.858379 0.304846 0.0767683 0.076285 0.898644
0 0.608201 0.363615 0.0758035 0.0756528 0.898637
2 0.426718 0.947587 0.0754286 0.0753361 0.898561
0 0.290422 0.380057 0.0767562 0.0763667 0.898543
0 0.129047 0.52348 0.0740186 0.0737904 0.898469
0 0.159292 0.529935 0.0750999 0.0752985 0.898466
2 0.682539 0.554415 0.0761591 0.0768484 0.898438
0 0.0926045 0.107661 0.0729942 0.0726239 0.898436
2 0.548972 0.142122 0.0752739 0.0752109 0.898411
0 0.0181364 0.23061 0.0362728 0.0723053 0.898313
0 0.0680742 0.784814 0.0747129 0.0744646 0.898078
0 0.0840487 0.792994 0.073747 0.0741451 0.89807
2 0.357562 0.227055 0.0750618 0.0753862 0.898032
2 0.20486 0.948555 0.0749891 0.0746538 0.898015
2 0.607307 0.853865 0.0769104 0.0771862 0.897886
0 0.141193 0.111322 0.0740544 0.0740433 0.897801
0 0.520881 0.185173 0.0749128 0.0748778 0.897676
2 0.503635 0.753925 0.0758466 0.0757683 0.897675
0 0.171496 0.339168 0.0738202 0.0734699 0.897554
0 0.0540279 0.704443 0.0746901 0.0747044 0.89727
2 0.968242 0.525328 0.0635162 0.0769401 0.897186
0 0.219861 0.0871639 0.0741206 0.0734984 0.897049
0 0.48936 0.105406 0.0746376 0.0734587 0.897048
2 0.606173 0.890228 0.0760614 0.0758575 0.896751
2 0.603138 0.744069 0.075602 0.0751846 0.896633
2 0.448857 0.23539 0.0751019 0.0754418 0.896606
2 0.561201 0.0748151 0.0748475 0.0748329 0.896481
0 0.422243 0.186589 0.0747238 0.0745914 0.896479
0 0.544426 0.0470593 0.0744316 0.0751867 0.896401
1 0.293113 0.469355 0.0760693 0.0757284 0.896398
0 0.367905 0.800875 0.0746496 0.0745816 0.89637
2 0.839549 0.367072 0.077206 0.076863 0.896272
0 0.147153 0.0421245 0.0728869 0.0726101 0.896168
2 0.734124 0.870588 0.0769342 0.0768265 0.896153
0 0.1489 0.583032 0.0743498 0.0745014 0.896109
0 0.248747 0.0287076 0.0730323 0.0574152 0.896074
0 0.0840508 0.946623 0.0741163 0.073529 0.895993
0 0.185376 0.458152 0.0763859 0.075574 0.895935
2 0.872427 0.877726 0.0768944 0.0768402 0.895889
0 0.219683 0.61141 0.0742799 0.074346 0.895809
0 0.250165 0.076079 0.0726346 0.0728386 0.89578
0 0.796227 0.619712 0.0787474 0.077997 0.895603
2 0.37015 0.880738 0.0748283 0.0750313 0.89556
0 0.357382 0.722978 0.0750436 0.0747908 0.895501
0 0.687963 0.035588 0.0770184 0.0711761 0.895423
0 0.93659 0.120446 0.077659 0.0768828 0.895364
2 0.594321 0.908953 0.0764312 0.0771202 0.895359
2 0.202739 0.817865 0.0741342 0.0742329 0.89521
0 0.330878 0.0259314 0.0735631 0.0515 0.89518
0 0.115638 0.66362 0.0736403 0.0737128 0.895148
2 0.471847 0.805693 0.0775442 0.0766285 0.895061
0 0.146491 0.148518 0.0730775 0.0730709 0.894964
0 0.529341 0.149964 0.0754284 0.0757306 0.894917
2 0.591428 0.69476 0.0760508 0.0757801 0.894771
0 0.368024 0.0719863 0.0740275 0.0737543 0.89477
1 0.503063 0.309724 0.0759632 0.0757661 0.894746
1 0.656198 0.892559 0.0764732 0.0766325 0.894565
0 0.225945 0.262907 0.0739911 0.0735539 0.894534
0 0.0892354 0.963362 0.0760233 0.0731121 0.89453
0 0.337687 0.0977754 0.0727754 0.0731521 0.894375
2 0.594788 0.274775 0.0756617 0.075697 0.894269
0 0.396548 0.657996 0.0771159 0.0766331 0.894252
2 0.530838 0.610362 0.0764522 0.0765091 0.894167
1 0.0322297 0.86026 0.0644593 0.070536 0.894093
2 0.35538 0.880376 0.0747488 0.0742985 0.894011
2 0.819109 0.0269173 0.0746931 0.0537501 0.893966
2 0.67744 0.856479 0.0776954 0.0769505 0.893767
2 0.515772 0.710984 0.0766074 0.0764963 0.893568
0 0.284066 0.900096 0.074986 0.0758717 0.893568
2 0.0766894 0.22268 0.0723861 0.0722777 0.893537
0 0.231964 0.635619 0.0754361 0.0755339 0.893509
0 0.863065 0.127125 0.075415 0.0760703 0.893482
2 0.374034 0.555833 0.0805362 0.0794835 0.893454
0 0.967712 0.236875 0.0645767 0.0759514 0.893452
0 0.337417 0.300422 0.0768368 0.0758423 0.893327
0 0.142195 0.510338 0.075351 0.0747632 0.893274
0 0.196612 0.932445 0.0753073 0.0751642 0.893249
2 0.821095 0.0857105 0.0756542 0.0757208 0.893223
2 0.4642 0.75168 0.0760431 0.0766474 0.893211
1 0.537637 0.478379 0.0763287 0.0756598 0.893136
2 0.232193 0.906529 0.0762971 0.0758392 0.892979
2 0.659761 0.269126 0.0764887 0.07637 0.892916
2 0.743245 0.17013 0.0754372 0.0753144 0.892797
2 0.452787 0.653947 0.0773432 0.0777494 0.89273
0 0.0722926 0.27065 0.0729223 0.0729855 0.892718
2 0.0514713 0.728727 0.074622 0.0747206 0.8927
0 0.269182 0.204428 0.0747116 0.0740592 0.892576
2 0.768065 0.382017 0.076522 0.0763637 0.892412
0 0.0765101 0.742045 0.0745498 0.0744365 0.89238
2 0.774457 0.179226 0.0745787 0.07513 0.892334
0 0.83568 0.384411 0.0764967 0.0758258 0.892331
1 0.927956 0.672776 0.0772751 0.077689 0.892328
2 0.869352 0.476116 0.0766026 0.0771961 0.892296
2 0.823631 0.60745 0.0780132 0.0772247 0.892258
0 0.637206 0.250491 0.0759444 0.0757066 0.892202
0 0.268458 0.746569 0.0749843 0.0747734 0.892199
2 0.719706 0.133712 0.0760957 0.0760244 0.892133
0 0.825542 0.471279 0.0767988 0.0761032 0.892124
0 0.0934907 0.186145 0.0732696 0.0715363 0.892084
2 0.651604 0.433272 0.076503 0.0761565 0.892025
2 0.620049 0.900289 0.0773186 0.0773066 0.892024
2 0.731227 0.520123 0.0764999 0.0756909 0.891944
0 0.0254204 0.0908846 0.0508408 0.07244 0.891913
0 0.232152 0.37434 0.0757387 0.0755427 0.891847
2 0.571822 0.0341401 0.0747631 0.0682801 0.891737
0 0.268199 0.0447112 0.0731353 0.0730706 0.891717
2 0.793203 0.368051 0.0769834 0.0764698 0.891293
0 0.158957 0.179166 0.0726873 0.0733182 0.89079
2 0.717837 0.328928 0.0770023 0.0765698 0.890662
2 0.934291 0.453697 0.0762054 0.0767496 0.890515
0 0.900913 0.575331 0.0751759 0.0754982 0.890392
0 0.276816 0.143719 0.0730362 0.0726302 0.890318
2 0.816811 0.802337 0.075621 0.0755592 0.890154
2 0.22544 0.435727 0.0767335 0.0757916 0.890008
2 0.448729 0.924215 0.0756188 0.0759825 0.889682
0 0.471633 0.0298757 0.0735193 0.0595143 0.889638
2 0.853991 0.66962 0.0770105 0.0762608 0.88939
2 0.420601 0.866177 0.0753933 0.0748642 0.889295
2 0.464547 0.619132 0.078294 0.077471 0.889239
0 0.874921 0.193195 0.0764547 0.075796 0.889203
2 0.531081 0.950238 0.075316 0.0756126 0.88918
0 0.0278603 0.578954 0.0555604 0.0737463 0.889165
0 0.115185 0.0294171 0.0711523 0.0587845 0.88913
0 0.0511128 0.975799 0.0734842 0.0481049 0.889109
2 0.234975 0.955574 0.0752334 0.0757 0.888055
2 0.761528 0.408162 0.0765459 0.0763101 0.888026
2 0.516127 0.818397 0.0764434 0.075947 0.888019
0 0.0177743 0.748671 0.0355487 0.0749475 0.887988
0 0.955837 0.449909 0.0784557 0.0787691 0.887767
2 0.752853 0.578936 0.0779686 0.0774092 0.887729
0 0.0250656 0.632891 0.0498244 0.0744568 0.887495
0 0.0531291 0.95333 0.0753038 0.0749771 0.88748
0 0.370762 0.121874 0.0747976 0.0739119 0.887405
0 0.0561271 0.885631 0.0739303 0.0735062 0.887226
2 0.872288 0.415581 0.0775181 0.0775812 0.88721
2 0.410683 0.675438 0.0788418 0.0788595 0.887002
2 0.906236 0.286953 0.0756996 0.0766779 0.886994
2 0.872215 0.243201 0.0770437 0.0768528 0.886931
1 0.89711 0.904528 0.0761774 0.0758968 0.886901
0 0.0562032 0.141633 0.0728591 0.0724297 0.886869
2 0.374028 0.703101 0.0771258 0.0770571 0.88647
0 0.127081 0.267387 0.0726978 0.0730312 0.886456
2 0.245627 0.356762 0.0747759 0.0749136 0.886201
2 0.352722 0.675039 0.0765669 0.0766895 0.886179
0 0.424081 0.129422 0.0746456 0.0741782 0.886135
0 0.968451 0.470552 0.0630976 0.0773541 0.886083
0 0.107844 0.899344 0.0756271 0.0754456 0.885937
0 0.081907 0.727642 0.0747048 0.0748992 0.885827
2 0.539912 0.0277973 0.0732591 0.0552386 0.885689
2 0.429562 0.967577 0.0751648 0.0648461 0.885663
0 0.905416 0.638991 0.0754715 0.0753288 0.885242
0 0.156863 0.569353 0.0744637 0.0749042 0.885066
2 0.342592 0.228712 0.0748692 0.0746614 0.885047
2 0.754286 0.42 0.0759113 0.0758412 0.885023
0 0.120231 0.049883 0.0733217 0.0726417 0.884908
0 0.219028 0.673782 0.0746715 0.0744316 0.884766
0 0.391072 0.0399553 0.0741007 0.0742555 0.884675
0 0.16851 0.681994 0.0747571 0.0745653 0.88466
2 0.452752 0.191401 0.0739981 0.0738403 0.884618
0 0.269824 0.904121 0.0754722 0.0745029 0.884574
0 0.505067 0.024337 0.0746038 0.0483785 0.884572
2 0.432628 0.439855 0.0749157 0.0746967 0.884401
0 0.495911 0.76455 0.0753334 0.0753248 0.884364
2 0.764281 0.356284 0.0769123 0.0761863 0.884323
1 0.944454 0.684681 0.0761601 0.076998 0.884134
0 0.0533498 0.404402 0.0748624 0.0744083 0.883987
0 0.937108 0.511886 0.0775663 0.0773972 0.883737
0 0.197579 0.0408678 0.0720943 0.0725926 0.883688
2 0.508158 0.647029 0.0757896 0.076581 0.88359
2 0.693736 0.918493 0.0755737 0.075712 0.883492
2 0.417416 0.835997 0.0752558 0.0749027 0.883385
0 0.208335 0.782531 0.0751685 0.0748176 0.883286
2 0.916514 0.259469 0.0768604 0.076219 0.883198
0 0.279553 0.0220905 0.0721155 0.0441083 0.882671
2 0.644984 0.857429 0.0771255 0.0769403 0.882532
2 0.933116 0.944039 0.0745407 0.0748503 0.882484
1 0.692062 0.901713 0.0765188 0.0772711 0.882432
2 0.901956 0.956936 0.0757931 0.0753223 0.882308
0 0.956118 0.28743 0.0780971 0.0785882 0.882183
0 0.0863785 0.268795 0.0723751 0.0724805 0.882141
0 0.148521 0.535405 0.0739576 0.0739946 0.882042
2 0.634934 0.554558 0.0763735 0.0760354 0.881891
2 0.800089 0.12679 0.0750933 0.0753248 0.881773
2 0.606776 0.615947 0.076646 0.0765162 0.881345
2 0.892364 0.473016 0.0776264 0.0778265 0.881108
0 0.312136 0.209621 0.0742862 0.074626 0.881021
2 0.964484 0.429118 0.0710328 0.0773111 0.880711
0 0.194141 0.307391 0.0744421 0.0740974 0.880682
2 0.95982 0.480529 0.0763433 0.0769246 0.880677
2 0.913628 0.186711 0.0775944 0.0778927 0.880353
2 0.70568 0.393164 0.0771511 0.0766274 0.879758
0 0.677559 0.040738 0.0770717 0.0748509 0.879601
2 0.667375 0.555963 0.0755299 0.076178 0.879364
0 0.96351 0.056901 0.0729807 0.0750676 0.87929
2 0.559475 0.895438 0.0772077 0.0767134 0.879196
2 0.59513 0.940978 0.0756813 0.0751598 0.878865
1 0.630283 0.505337 0.0762008 0.0755495 0.878847
2 0.913802 0.0470196 0.0765358 0.0768334 0.878128
0 0.436493 0.040297 0.0732748 0.0734822 0.877922
0 0.70951 0.969894 0.0765322 0.0602125 0.877736
2 0.942486 0.38048 0.0773804 0.0776602 0.87771
0 0.207095 0.321585 0.0749678 0.0747004 0.877671
0 0.0185974 0.296981 0.0371948 0.0725454 0.877506
2 0.366468 0.301966 0.0765273 0.0768071 0.877504
2 0.966219 0.143247 0.0675614 0.0785916 0.877504
0 0.961981 0.45888 0.0750776 0.0765343 0.876789
2 0.456334 0.973203 0.0755666 0.0535942 0.876544
2 0.968753 0.41191 0.0624941 0.0790682 0.876364
0 0.161793 0.932553 0.0755657 0.0750618 0.876351
0 0.918031 0.407801 0.0764751 0.0760146 0.876083
0 0.27934 0.654205 0.0760234 0.0757993 0.875955
0 0.213405 0.794567 0.0755086 0.0756554 0.875875
1 0.720515 0.671658 0.075812 0.076539 0.875786
1 0.425437 0.644007 0.0781182 0.077188 0.875755
0 0.125502 0.872334 0.0754121 0.0752293 0.875534
2 0.578467 0.659766 0.0768124 0.0764273 0.875398
2 0.678283 0.701012 0.0761275 0.0756978 0.875358
2 0.346858 0.795456 0.0741363 0.0734162 0.875339
2 0.951338 0.0394171 0.0767761 0.0744826 0.875181
0 0.121521 0.182055 0.0734454 0.0735039 0.875065
2 0.325422 0.831279 0.0738654 0.0738157 0.8749
0 0.150121 0.0261768 0.0720744 0.0520447 0.874361
2 0.0642887 0.630495 0.0752294 0.0748247 0.874129
0 0.30908 0.320968 0.0752527 0.0746734 0.873769
1 0.736555 0.941527 0.0773497 0.07668 0.873628
2 0.953424 0.976879 0.0744225 0.0462412 0.873198
2 0.318925 0.600102 0.0767468 0.0772705 0.873004
0 0.183724 0.0203827 0.0737823 0.0404269 0.872818
2 0.671671 0.475276 0.0756079 0.075342 0.872645
1 0.821468 0.721085 0.0755512 0.0750942 0.872601
0 0.659463 0.664164 0.0760754 0.0760141 0.87246
2 0.609878 0.0286248 0.0746279 0.0571075 0.871961
0 0.084456 0.0617972 0.0716141 0.0717656 0.871829
0 0.194254 0.198035 0.0744668 0.0734669 0.871684
2 0.0932632 0.521158 0.0748106 0.0751901 0.871498
2 0.837527 0.0283344 0.0752748 0.0565976 0.871154
0 0.132387 0.0350922 0.0739955 0.0695543 0.871125
0 0.0805793 0.25368 0.0728364 0.0727308 0.870913
2 0.917135 0.503613 0.076857 0.0771674 0.870318
0 0.869439 0.284792 0.0768127 0.0772345 0.870282
0 0.241318 0.0934311 0.0728852 0.0731764 0.870019
2 0.456353 0.459426 0.0754077 0.0752216 0.869607
2 0.295527 0.799814 0.07426 0.0742693 0.869321
2 0.131591 0.806281 0.0750364 0.0751164 0.868998
2 0.792262 0.181294 0.0753555 0.0749657 0.868769
2 0.818157 0.0620839 0.0754017 0.0746145 0.868708
0 0.197938 0.911592 0.0756399 0.0754391 0.868616
0 0.883721 0.134935 0.0764038 0.0761346 0.868531
2 0.145626 0.266379 0.0728951 0.072935 0.868424
2 0.295346 0.623437 0.0753211 0.0751277 0.868375
2 0.407213 0.239205 0.0760295 0.0758822 0.86831
2 0.181722 0.266256 0.0739253 0.0733912 0.867807
2 0.905706 0.160704 0.0782833 0.0778992 0.867685
2 0.606988 0.673543 0.0763894 0.0765024 0.867591
0 0.0894989 0.0727169 0.0727134 0.0729102 0.867428
2 0.943928 0.562496 0.0749973 0.0749275 0.867254
0 0.0345555 0.121695 0.0689084 0.0724666 0.866168
0 0.0344925 0.075067 0.0688097 0.072437 0.865887
0 0.852169 0.495277 0.0777077 0.0769035 0.86558
2 0.881571 0.0735964 0.0754232 0.0765035 0.86537
2 0.969943 0.0826921 0.0601146 0.0759895 0.865285
2 0.762101 0.591023 0.079785 0.0788768 0.865252
1 0.539605 0.439464 0.0752454 0.0754623 0.864729
2 0.171999 0.890264 0.0755797 0.0754463 0.864724
2 0.828485 0.163218 0.074938 0.075065 0.864434
0 0.415859 0.16062 0.0737888 0.0736901 0.864119
0 0.0939761 0.71553 0.0743968 0.0746287 0.864065
2 0.972235 0.574086 0.0555303 0.0749625 0.86397
2 0.609664 0.070626 0.0758984 0.0758189 0.863929
0 0.0276236 0.0631883 0.0551397 0.0723132 0.863861
2 0.479098 0.824275 0.0770529 0.0770479 0.863831
0 0.0311081 0.329777 0.0622152 0.0701161 0.863733
0 0.123766 0.394094 0.0744137 0.074169 0.863526
2 0.971037 0.545779 0.0579255 0.0764084 0.86348
2 0.307448 0.909826 0.0755321 0.0754253 0.861977
2 0.704956 0.358286 0.0759224 0.0761963 0.861805
2 0.552831 0.155951 0.0760498 0.0752989 0.861422
2 0.965958 0.267466 0.0680845 0.0770373 0.860795
0 0.287965 0.133729 0.0728369 0.0732107 0.859083
0 0.024791 0.742411 0.0491499 0.0743938 0.858898
2 0.946141 0.575474 0.0753408 0.0753239 0.858521
2 0.349732 0.12531 0.0738045 0.0724811 0.858382
2 0.261172 0.826628 0.0740967 0.0749062 0.857664
0 0.729613 0.029263 0.0749685 0.0581627 0.857195
2 0.197157 0.66181 0.075524 0.0753426 0.857184
0 0.511452 0.0306016 0.075115 0.0606552 0.857098
1 0.370161 0.343048 0.0767465 0.0762446 0.85679
2 0.918696 0.246463 0.075873 0.0757521 0.856712
2 0.840317 0.267968 0.0765903 0.075519 0.856657
2 0.866118 0.707303 0.0738159 0.074692 0.856291
2 0.959186 0.37296 0.0769829 0.0789502 0.856268
0 0.0296151 0.255007 0.0592303 0.0697369 0.856189
1 0.0290293 0.780312 0.0579175 0.0748468 0.856103
0 0.835065 0.586117 0.0778294 0.0777666 0.855544
0 0.317372 0.259909 0.0749599 0.0756532 0.855524
1 0.79224 0.869242 0.0751778 0.0752468 0.855397
0 0.406696 0.200418 0.073846 0.074223 0.855351
2 0.900779 0.97348 0.0744631 0.0530395 0.854576
2 0.24701 0.445817 0.0770915 0.0767239 0.854332
0 0.0968419 0.92074 0.075737 0.0755455 0.854234
2 0.284705 0.436291 0.0759833 0.075908 0.854064
2 0.973747 0.434493 0.0525065 0.0782636 0.854007
1 0.830878 0.944601 0.0771479 0.0768604 0.853071
2 0.67583 0.687229 0.0764902 0.0762564 0.85275
2 0.793627 0.23118 0.0749934 0.0752171 0.852612
0 0.115388 0.376875 0.0736065 0.0744768 0.852394
0 0.0850371 0.856477 0.0745741 0.0747131 0.851748
2 0.473312 0.867617 0.0767165 0.0758411 0.85166
0 0.340201 0.0333104 0.0725115 0.0664827 0.85148
2 0.666021 0.297321 0.0751913 0.0754217 0.85116
2 0.643999 0.0733506 0.0764891 0.0759539 0.850038
0 0.15138 0.764584 0.0748708 0.0741501 0.849945
2 0.547349 0.784082 0.0758058 0.0755967 0.849721
2 0.43371 0.534744 0.0767437 0.0771275 0.849604
0 0.395865 0.111747 0.0737474 0.0734165 0.848996
2 0.636115 0.29909 0.076169 0.0767979 0.84878
2 0.645168 0.444533 0.0765894 0.0764655 0.84856
0 0.706299 0.433442 0.0750843 0.0749352 0.847586
1 0.667583 0.920617 0.0762791 0.0766033 0.84638
0 0.0215795 0.91059 0.043159 0.073328 0.846335
0 0.459189 0.133063 0.073904 0.07388 0.846113
2 0.426807 0.7887 0.0777664 0.07644 0.846036
2 0.875592 0.035211 0.0763844 0.0696695 0.846002
2 0.484434 0.743518 0.0762295 0.0762944 0.845696
0 0.426813 0.0325167 0.0713856 0.0650334 0.845264
2 0.354965 0.108324 0.0735682 0.0735995 0.84461
0 0.0332618 0.96749 0.0665236 0.0650209 0.844283
2 0.460388 0.0224787 0.0739597 0.0449574 0.84385
2 0.294033 0.93521 0.0754023 0.07575 0.842514
2 0.54417 0.923091 0.0769313 0.0768848 0.84184
0 0.0195176 0.333401 0.0390352 0.0724499 0.841658
2 0.650661 0.472517 0.076016 0.0754116 0.84129
0 0.340538 0.652272 0.0762089 0.076196 0.841249
1 0.762606 0.935927 0.0785366 0.0786041 0.841239
2 0.953779 0.960516 0.0748753 0.075069 0.841089
0 0.10796 0.161764 0.0731006 0.0719735 0.841016
2 0.59654 0.65726 0.0762535 0.0758214 0.840476
2 0.017462 0.687052 0.034924 0.0736828 0.83953
2 0.881274 0.0871568 0.0766251 0.0762004 0.839091
0 0.0175195 0.0281874 0.035039 0.0562446 0.839019
1 0.71531 0.650236 0.0765194 0.0768205 0.838968
1 0.571149 0.810196 0.0762461 0.0767572 0.838886
0 0.321377 0.807112 0.0743854 0.0737366 0.838482
2 0.127894 0.422247 0.0738632 0.0741099 0.836921
1 0.627362 0.478595 0.0762617 0.076263 0.83689
0 0.0211754 0.417147 0.0423508 0.0728758 0.836804
0 0.324203 0.173749 0.0734836 0.0746121 0.836503
1 0.469872 0.315791 0.0771502 0.0769583 0.836292
2 0.934718 0.555697 0.0756933 0.0752262 0.835788
2 0.293271 0.85373 0.0749368 0.074427 0.835312
2 0.840171 0.34734 0.077639 0.0774309 0.835264
2 0.196392 0.526462 0.075494 0.0753004 0.835031
2 0.735128 0.968326 0.0775651 0.0633484 0.834933
1 0.593304 0.473207 0.0754915 0.0764194 0.834499
0 0.35857 0.177109 0.073164 0.0724685 0.834072
2 0.888493 0.861779 0.0760122 0.0762468 0.833959
0 0.670572 0.023975 0.0767419 0.04795 0.833956
2 0.0942974 0.779253 0.0750846 0.0744936 0.833789
2 0.419404 0.467529 0.0744936 0.0743185 0.833535
0 0.856368 0.149479 0.0760223 0.0762643 0.832923
0 0.221073 0.248192 0.0737441 0.0735832 0.832785
2 0.91144 0.0836056 0.0768997 0.0767029 0.831889
2 0.501104 0.978296 0.0735752 0.043409 0.831376
0 0.974477 0.273661 0.0510464 0.0767014 0.831228
2 0.783546 0.132054 0.0754402 0.0752027 0.830964
2 0.634343 0.967239 0.0756918 0.0655222 0.830057
2 0.974413 0.942941 0.0511732 0.0750618 0.82988
0 0.130281 0.828294 0.0749928 0.0748549 0.829547
2 0.941737 0.744729 0.0746046 0.0744007 0.829172
2 0.968477 0.0299552 0.0628717 0.0599103 0.829056
2 0.0365585 0.610468 0.0726459 0.0746611 0.828861
2 0.687858 0.0709994 0.0768486 0.0760484 0.827826
2 0.941873 0.542132 0.0765602 0.0765888 0.827762
0 0.854143 0.256633 0.0764977 0.075881 0.827418
1 0.223811 0.975875 0.0728102 0.048251 0.827183
2 0.672923 0.0901287 0.0766044 0.0756136 0.826933
0 0.105538 0.381824 0.0745158 0.0740501 0.826512
0 0.09104 0.406042 0.0746113 0.0741759 0.826481
2 0.642476 0.0346555 0.0766108 0.0688381 0.826303
2 0.285677 0.310761 0.0750892 0.0746046 0.825032
2 0.526867 0.0353675 0.0737973 0.0698347 0.824664
2 0.917954 0.747397 0.0755718 0.0753572 0.82462
0 0.0184328 0.662444 0.0368656 0.0745989 0.823921
2 0.38125 0.258717 0.0762547 0.0758696 0.823847
2 0.313808 0.844109 0.0734453 0.073695 0.823817
2 0.66442 0.527325 0.0745731 0.0747295 0.823493
0 0.273994 0.396923 0.0747474 0.0748384 0.823133
2 0.68345 0.981222 0.0758396 0.0375565 0.821634
2 0.724882 0.0524172 0.077131 0.0759113 0.820661
0 0.104326 0.705357 0.0738562 0.074167 0.819994
1 0.928918 0.726824 0.0756845 0.0760771 0.818898
2 0.360276 0.488804 0.0779102 0.0784661 0.818808
2 0.658076 0.97363 0.075906 0.052676 0.818736
0 0.549063 0.733117 0.0755987 0.075536 0.818039
2 0.431926 0.810513 0.0760361 0.0759465 0.817723
0 0.521306 0.0263033 0.0728006 0.0522423 0.816596
0 0.0189327 0.728488 0.0377536 0.0753988 0.816496
0 0.0218883 0.0516616 0.0437766 0.0729551 0.816306
2 0.77166 0.855915 0.076338 0.0765518 0.815477
0 0.0178098 0.634955 0.0356193 0.0738883 0.814882
2 0.402762 0.266994 0.0757463 0.0762804 0.814816
0 0.20852 0.0682678 0.0731224 0.0733583 0.814665
0 0.744703 0.265902 0.0744497 0.0748008 0.814109
2 0.262401 0.9711 0.0756505 0.0577998 0.813495
0 0.222821 0.123214 0.0732737 0.0731466 0.810679
0 0.0189299 0.427421 0.0378597 0.0725322 0.809912
0 0.1729 0.0484039 0.071373 0.0719932 0.809692
0 0.364579 0.0184099 0.0712509 0.0368197 0.809372
2 0.884184 0.0202723 0.0755859 0.0405446 0.809293
2 0.0547424 0.157511 0.0727345 0.0725971 0.809292
2 0.768061 0.967257 0.0760455 0.0654867 0.809142
2 0.524044 0.583728 0.0771368 0.0766203 0.808141
0 0.269838 0.115676 0.0738843 0.0735741 0.808051
1 0.353538 0.935552 0.0752082 0.0759302 0.807972
0 0.236649 0.156497 0.0746453 0.0751322 0.80736
0 0.105472 0.462359 0.0730826 0.0732325 0.807291
2 0.682349 0.968102 0.0734462 0.0637965 0.80712
2 0.507815 0.870616 0.0759016 0.0758186 0.806026
2 0.847011 0.616683 0.0761036 0.0759874 0.805628
0 0.0257274 0.219753 0.0514548 0.0719708 0.805074
2 0.560393 0.755413 0.07507 0.0751192 0.804533
2 0.444892 0.739338 0.078192 0.0785767 0.803633
0 0.119412 0.278041 0.073065 0.0725195 0.803632
0 0.211798 0.340072 0.0748742 0.074123 0.802155
0 0.0173057 0.862453 0.0346115 0.0726212 0.801657
2 0.857505 0.889821 0.0760103 0.0764389 0.801573
2 0.218117 0.544233 0.0756835 0.0752012 0.801131
0 0.414166 0.0406981 0.0734016 0.0738165 0.801069
2 0.966983 0.281252 0.0660347 0.0769257 0.799848
2 0.775291 0.10781 0.0762642 0.0754563 0.798766
0 0.39652 0.183902 0.0730704 0.0732942 0.79863
2 0.355324 0.320837 0.0758834 0.0759801 0.797514
2 0.768176 0.257693 0.0754112 0.0749211 0.79695
2 0.111513 0.811404 0.0739405 0.0739128 0.796447
1 0.7032 0.0814436 0.0766282 0.0764848 0.796275
0 0.63205 0.40956 0.0751909 0.0757094 0.795567
0 0.0430377 0.0294648 0.0727832 0.0589296 0.794703
1 0.488003 0.506188 0.0763567 0.0758481 0.794354
2 0.243754 0.33735 0.0756142 0.0760711 0.794082
2 0.585323 0.674274 0.0742885 0.0749489 0.792666
2 0.42482 0.980304 0.0749386 0.0393911 0.792224
2 0.964864 0.967179 0.0702719 0.065263 0.792085
0 0.227971 0.0182472 0.0726367 0.0364661 0.791066
0 0.899246 0.242338 0.0763393 0.0757942 0.790157
0 0.629188 0.025801 0.0735149 0.0514198 0.788684
2 0.525999 0.977985 0.0747674 0.0440294 0.787607
0 0.142475 0.16829 0.0731696 0.07334 0.78736
2 0.971889 0.214171 0.0562227 0.077632 0.787095
2 0.542656 0.797942 0.0758421 0.0765139 0.786342
2 0.142516 0.0747042 0.0740092 0.0735682 0.785376
2 0.239768 0.472065 0.0773173 0.0771274 0.785351
1 0.520496 0.427627 0.0741528 0.0745665 0.78523
2 0.42319 0.500175 0.0756115 0.0756415 0.785095
0 0.0228123 0.380621 0.0456246 0.069414 0.78418
2 0.353172 0.412816 0.0758165 0.0754654 0.783968
2 0.627857 0.952192 0.0777414 0.07686 0.783592
2 0.908874 0.201655 0.0766785 0.0772636 0.780966
0 0.397761 0.0243285 0.0727508 0.048657 0.780905
2 0.965696 0.97868 0.0677002 0.0425121 0.78049
0 0.246552 0.0195791 0.0716123 0.0391583 0.780227
2 0.34822 0.726202 0.0760545 0.0755789 0.779921
0 0.0397499 0.981914 0.0721267 0.0361713 0.774551
2 0.46308 0.714802 0.0780842 0.077882 0.772132
2 0.31492 0.0344837 0.0734449 0.0683929 0.772125
2 0.267302 0.933617 0.0757514 0.0751835 0.771546
2 0.495399 0.899024 0.0765764 0.0770943 0.770995
1 0.969872 0.678077 0.0602564 0.0723141 0.769885
2 0.310729 0.576761 0.0768375 0.0766764 0.768383
2 0.587051 0.723924 0.0740554 0.074868 0.767929
0 0.0199796 0.183126 0.0399592 0.0710385 0.767039
2 0.157113 0.329778 0.0738981 0.0740972 0.766336
2 0.944956 0.980089 0.0743769 0.0398211 0.766078
2 0.910935 0.441732 0.0771557 0.077546 0.765278
2 0.58413 0.0176325 0.0730097 0.0352651 0.764293
2 0.42984 0.375877 0.0754906 0.075104 0.763195
0 0.791322 0.295161 0.0761401 0.0756017 0.762449
2 0.330522 0.853553 0.0738611 0.0741173 0.762357
0 0.0638331 0.245427 0.0708445 0.0724408 0.762114
0 0.0178562 0.90022 0.0356149 0.0731464 0.761175
0 0.857293 0.411458 0.0769245 0.0766449 0.760896
2 0.854299 0.818384 0.0760006 0.0765106 0.759393
0 0.260853 0.0841193 0.0735803 0.0734209 0.758021
2 0.73925 0.137891 0.0762333 0.0750447 0.756951
0 0.297528 0.0913042 0.0730405 0.0726392 0.756212
2 0.212699 0.76704 0.0733068 0.0736906 0.752297
0 0.448293 0.169051 0.0747293 0.0743329 0.751786
1 0.47725 0.547911 0.0758247 0.0760901 0.751747
2 0.73572 0.41363 0.0744317 0.0739538 0.751717
2 0.180649 0.517974 0.0747816 0.0752439 0.751459
0 0.951927 0.15476 0.0777996 0.0774069 0.74875
2 0.627289 0.777758 0.0753552 0.0756283 0.748344
2 0.876996 0.854094 0.0766727 0.0751547 0.746379
0 0.977703 0.049878 0.0445941 0.0724138 0.746296
2 0.172159 0.0484658 0.0717046 0.0721523 0.74488
2 0.321488 0.571914 0.0773546 0.0773488 0.74442
0 0.135053 0.610392 0.0734149 0.0740808 0.744074
1 0.516379 0.234879 0.0743293 0.0746039 0.743969
0 0.847107 0.426356 0.0749069 0.0762488 0.743789
2 0.871306 0.375651 0.0775322 0.0780689 0.743081
0 0.0754206 0.135716 0.072738 0.0723822 0.739751
2 0.199665 0.968649 0.0751799 0.0627012 0.73918
0 0.161666 0.249305 0.0728774 0.0730102 0.733757
0 0.226413 0.299183 0.0753852 0.0750235 0.733436
2 0.334899 0.250696 0.0751575 0.0759663 0.733007
1 0.335777 0.971277 0.0728306 0.0574465 0.732826
2 0.800617 0.339986 0.0756765 0.076415 0.732417
2 0.899628 0.530567 0.0755709 0.0763852 0.731692
2 0.0224413 0.940053 0.0448826 0.0734211 0.730042
2 0.0737694 0.919803 0.0750702 0.0748936 0.728878
2 0.954936 0.192355 0.0766422 0.0767734 0.727264
2 0.955565 0.948748 0.073476 0.0735649 0.724541
2 0.775391 0.144188 0.0747604 0.0747669 0.724166
0 0.0169872 0.171895 0.0338811 0.0706785 0.72416
1 0.718479 0.691762 0.0766809 0.075877 0.72137
2 0.600869 0.923676 0.0766564 0.0764963 0.720469
0 0.235878 0.254807 0.0737732 0.0742024 0.719632
0 0.182422 0.79607 0.074645 0.0750341 0.719573
2 0.808709 0.0338292 0.0746056 0.0672306 0.719173
2 0.725591 0.437684 0.0750854 0.0749203 0.719154
2 0.183654 0.165816 0.0745042 0.0737918 0.717192
2 0.410773 0.429791 0.0746518 0.0743807 0.716852
2 0.980484 0.923121 0.0388924 0.0723888 0.715679
2 0.26401 0.16896 0.0736188 0.0734753 0.714181
1 0.798948 0.91475 0.076998 0.0771929 0.713267
2 0.373033 0.61236 0.0790247 0.0784918 0.710701
2 0.330226 0.642995 0.0752564 0.0756229 0.708555
0 0.12968 0.169762 0.0729619 0.0729531 0.7082
0 0.177657 0.690436 0.0745709 0.0739405 0.706483
0 0.353025 0.0612746 0.0726701 0.0728442 0.704654
2 0.079778 0.033956 0.0731063 0.0672201 0.702013
1 0.494816 0.272409 0.0736065 0.0748063 0.700737
2 0.255126 0.332457 0.0752162 0.0748052 0.700626
2 0.614056 0.921303 0.0777973 0.0767876 0.700009
0 0.15904 0.291344 0.0743514 0.0739892 0.699202
0 0.235848 0.267735 0.0733306 0.0741615 0.698156
0 0.158906 0.498383 0.0737801 0.0744764 0.695497
2 0.39022 0.0706807 0.0731416 0.0741985 0.695253
2 0.895295 0.208738 0.0766197 0.0770532 0.694659
0 0.86024 0.426935 0.0760345 0.0755342 0.694372
2 0.108428 0.304399 0.0725713 0.0730918 0.692488
1 0.643111 0.181548 0.0744452 0.0743823 0.692094
1 0.440202 0.395691 0.0735689 0.0733773 0.692088
2 0.170718 0.0365785 0.0731849 0.0702839 0.69131
1 0.979277 0.733104 0.0414455 0.0759106 0.690737
2 0.0205232 0.482826 0.0410465 0.0694701 0.690506
2 0.92917 0.967007 0.074585 0.0654408 0.689223
2 0.794805 0.0525737 0.0724268 0.074412 0.687897
2 0.048145 0.49181 0.073571 0.0734759 0.686341
1 0.937788 0.633791 0.0770836 0.0764605 0.685863
1 0.953316 0.779961 0.0766167 0.0759956 0.682988
1 0.971588 0.821286 0.0568249 0.0721905 0.682442
0 0.724297 0.377885 0.0758472 0.0753328 0.680577
2 0.696967 0.980794 0.0748764 0.0384129 0.678996
0 0.0280456 0.154616 0.0560834 0.0717827 0.677626
0 0.174011 0.97539 0.0730396 0.04922 0.67433
1 0.365275 0.971497 0.0730239 0.0566242 0.670869
0 0.230959 0.141067 0.0736469 0.073645 0.670574
2 0.604479 0.018448 0.0746508 0.0368961 0.669313
2 0.88916 0.60524 0.0761311 0.0773947 0.664405
0 0.0429854 0.10846 0.0728936 0.0724502 0.663602
2 0.980167 0.136617 0.0396654 0.0775486 0.663567
1 0.0303618 0.533856 0.0607235 0.0741275 0.661841
0 0.971448 0.356071 0.0571032 0.0787148 0.660763
2 0.979562 0.198225 0.0408752 0.0781822 0.659456
2 0.950882 0.0178816 0.0747416 0.0357632 0.657837
0 0.795124 0.0535763 0.0755772 0.0758943 0.655523
2 0.439903 0.0183837 0.0718431 0.0367673 0.655042
0 0.971412 0.509125 0.0571765 0.0779459 0.654794
0 0.393742 0.0187677 0.0722661 0.0375354 0.65248
2 0.830255 0.981505 0.0758875 0.0367542 0.64717
2 0.604283 0.973301 0.0754823 0.0529129 0.6466
2 0.763836 0.613541 0.0769915 0.0768268 0.643679
1 0.71945 0.716322 0.0756061 0.0754448 0.642834
2 0.866926 0.899954 0.0757809 0.0753809 0.641652
0 0.0325259 0.194586 0.0650519 0.0706203 0.638059
0 0.663303 0.0198985 0.0740885 0.039797 0.6377
1 0.949208 0.704871 0.0757458 0.0754066 0.636805
0 0.107688 0.913338 0.0752889 0.0746716 0.633333
1 0.681111 0.253336 0.0746723 0.0750092 0.632945
0 0.118883 0.293513 0.0744154 0.0731266 0.632133
1 0.590948 0.0738993 0.0755367 0.0750846 0.631094
0 0.235949 0.665389 0.0753113 0.0746319 0.627055
1 0.0600653 0.530155 0.0732803 0.074008 0.624129
1 0.361494 0.903589 0.0731183 0.0744883 0.623526
2 0.871076 0.026154 0.0719353 0.0523079 0.623423
2 0.395404 0.142667 0.0733974 0.0738267 0.622364
2 0.942704 0.353476 0.0778481 0.0773928 0.621469
0 0.26817 0.0308206 0.0729164 0.0606682 0.620175
2 0.587259 0.427845 0.0753931 0.0749892 0.617583
2 0.891833 0.0664255 0.0762226 0.0769968 0.617348
2 0.131299 0.981812 0.0751358 0.0358034 0.615892
2 0.982143 0.315067 0.0357147 0.0768752 0.61489
0 0.179344 0.577316 0.0750338 0.0751537 0.614655
0 0.0415394 0.203858 0.0717099 0.0725366 0.612928
1 0.337393 0.93046 0.0735592 0.0751518 0.611415
2 0.548484 0.732796 0.0746104 0.0751493 0.611157
0 0.208069 0.452831 0.0752681 0.0757616 0.607207
2 0.646111 0.729066 0.0755585 0.0765789 0.607158
2 0.210366 0.493644 0.076688 0.0765604 0.604544
1 0.982826 0.601681 0.0342695 0.0758522 0.604268
2 0.481173 0.58756 0.0769768 0.0771272 0.603843
2 0.540535 0.10405 0.072138 0.0724354 0.598476
2 0.637618 0.33351 0.0765375 0.0770704 0.593636
2 0.694983 0.695608 0.0766355 0.0772064 0.586252
2 0.562416 0.142817 0.074604 0.0752346 0.581724
0 0.149129 0.795837 0.0756055 0.0744282 0.581104
0 0.0615421 0.20338 0.0716992 0.0715807 0.57919
0 0.149006 0.962779 0.0729946 0.0714634 0.577687
1 0.617707 0.452342 0.0775468 0.077886 0.577538
2 0.0299862 0.906367 0.059603 0.0743607 0.573452
0 0.0180409 0.924119 0.0360454 0.0742767 0.572981
2 0.0171818 0.967782 0.0343635 0.0615864 0.569882
2 0.0223523 0.457582 0.0447045 0.0688562 0.568848
2 0.571358 0.878193 0.0771521 0.0775015 0.568437
2 0.814481 0.977113 0.075996 0.045586 0.56767
2 0.0169583 0.215351 0.0338843 0.0678753 0.562318
1 0.97122 0.713342 0.0575596 0.0751479 0.561381
2 0.264476 0.710952 0.0753265 0.0750906 0.557926
2 0.981162 0.342818 0.0376759 0.077827 0.555971
0 0.0654618 0.729605 0.0749107 0.0750189 0.555841
0 0.0982265 0.0940622 0.0725408 0.0736396 0.553755
2 0.0684919 0.0217889 0.0717424 0.0434557 0.553144
2 0.977042 0.22482 0.0459167 0.0770504 0.55306
2 0.0207812 0.259285 0.0415413 0.0713598 0.552999
2 0.58418 0.581021 0.0760337 0.0759728 0.549664
0 0.193567 0.56045 0.0762519 0.076505 0.548967
2 0.603242 0.541766 0.0754573 0.0751594 0.546977
2 0.210775 0.903722 0.075294 0.0752514 0.546235
0 0.253598 0.0499221 0.0731967 0.072691 0.544178
2 0.478327 0.641068 0.0775595 0.0765345 0.540549
0 0.869569 0.0265582 0.0766233 0.0531164 0.540138
2 0.0792691 0.982306 0.0762699 0.0353168 0.539752
0 0.752836 0.0348271 0.0754082 0.0696543 0.53956
1 0.979634 0.760822 0.0407324 0.0750015 0.539109
1 0.718656 0.902649 0.0758761 0.0763176 0.537051
0 0.144941 0.555168 0.0745046 0.0737459 0.533642
0 0.227655 0.278085 0.0749639 0.0750289 0.532484
1 0.560152 0.497513 0.0757444 0.0756413 0.531507
2 0.752668 0.0346811 0.0757314 0.0689844 0.523854
0 0.909201 0.201874 0.0775482 0.0779726 0.523444
2 0.951543 0.728707 0.0746368 0.0750048 0.523245
2 0.751257 0.397462 0.0754614 0.0754745 0.519568
2 0.309383 0.76668 0.0745406 0.0745462 0.518886
0 0.154852 0.59455 0.0750169 0.0747049 0.510102
2 0.420141 0.556315 0.077529 0.0778091 0.509431
2 0.396544 0.657336 0.0763305 0.0769529 0.507223
1 0.0871398 0.680083 0.0741361 0.0746567 0.506242
2 0.777992 0.45696 0.0757235 0.0769571 0.504094
2 0.95427 0.502177 0.0750649 0.0769133 0.50409
2 0.790627 0.294597 0.0758765 0.0761883 0.501893
2 0.260919 0.186786 0.0749157 0.0752799 0.501173
1 0.495807 0.292261 0.0759012 0.0757333 0.50114
