0 0.213223 0.70835 0.0729694 0.0727861 0.928232
1 0.167435 0.398888 0.0745206 0.0745289 0.927637
2 0.109098 0.0576726 0.0740355 0.0744425 0.9268
0 0.848054 0.0967125 0.0710285 0.0715572 0.925563
2 0.863425 0.69584 0.0715086 0.0716918 0.923771
0 0.163152 0.685868 0.0748755 0.0745764 0.92305
2 0.309278 0.750976 0.0717132 0.071545 0.922597
0 0.124112 0.0624655 0.0750563 0.0742243 0.922383
0 0.26921 0.643321 0.0726275 0.072014 0.92091
2 0.82098 0.711356 0.0720762 0.0714632 0.92036
2 0.966279 0.552355 0.0674418 0.0716793 0.91998
0 0.198842 0.506488 0.0724119 0.0727513 0.919925
0 0.556565 0.868199 0.0722636 0.0720581 0.919554
0 0.249275 0.670574 0.0712688 0.0720818 0.919252
0 0.886532 0.685217 0.0702274 0.0710565 0.91877
0 0.113506 0.19832 0.0745913 0.0742054 0.918648
0 0.878536 0.86367 0.0712444 0.0706043 0.91832
2 0.943456 0.423137 0.0727447 0.072409 0.917714
0 0.438034 0.911332 0.0731752 0.0723732 0.916997
2 0.728014 0.0540049 0.0717217 0.0717299 0.916925
0 0.150705 0.295166 0.0737915 0.074302 0.91691
0 0.451222 0.821707 0.071997 0.0720732 0.916903
2 0.785633 0.621148 0.0721554 0.0726732 0.916729
0 0.153704 0.0424467 0.0734022 0.0738033 0.916647
0 0.931194 0.519461 0.0707291 0.0708662 0.916614
1 0.442985 0.676327 0.071861 0.0710579 0.915692
2 0.783417 0.744398 0.0709499 0.0708135 0.915635
0 0.361092 0.775013 0.0712301 0.0711528 0.915508
0 0.858936 0.814851 0.0707668 0.0700144 0.915448
0 0.126313 0.441505 0.0744655 0.0745626 0.914716
1 0.0718902 0.407478 0.0744537 0.0742675 0.914687
0 0.902328 0.316569 0.0722008 0.0719912 0.914678
0 0.151167 0.0564628 0.0724262 0.0734929 0.914636
0 0.895007 0.738445 0.0709091 0.0693811 0.914622
0 0.0287081 0.44219 0.0572894 0.0732689 0.91447
0 0.190794 0.683471 0.0737996 0.0738852 0.914446
2 0.935344 0.563031 0.07071 0.0704506 0.914079
0 0.564243 0.123224 0.0700537 0.0710909 0.913805
0 0.169965 0.554897 0.0744351 0.0747463 0.913767
0 0.788243 0.811902 0.0718231 0.0717749 0.913669
0 0.866257 0.234464 0.0714449 0.0708568 0.913668
2 0.115577 0.132545 0.0754578 0.0751889 0.913621
0 0.911127 0.808142 0.0704983 0.0709007 0.913615
0 0.902184 0.749589 0.0715038 0.0713371 0.913298
2 0.175674 0.124976 0.0747745 0.0743308 0.913242
0 0.217911 0.76892 0.0732497 0.0724451 0.913237
0 0.930517 0.769544 0.0719662 0.0718422 0.912944
0 0.0979362 0.10304 0.0748576 0.0744991 0.912742
0 0.806893 0.33351 0.0710854 0.0709601 0.912657
2 0.119455 0.487888 0.0757453 0.0759125 0.912453
2 0.828992 0.105578 0.0717457 0.0719399 0.912332
0 0.255427 0.0214963 0.0707333 0.0423259 0.912116
2 0.918978 0.216329 0.0712547 0.0707428 0.911933
2 0.502155 0.097346 0.0710268 0.0706335 0.911816
0 0.0871758 0.877949 0.0770951 0.0768112 0.911647
0 0.0252333 0.488072 0.0504666 0.0746593 0.911613
0 0.719821 0.860623 0.0720173 0.071376 0.911415
2 0.908314 0.899684 0.0705856 0.0695694 0.911385
2 0.77331 0.792489 0.0704075 0.0712692 0.911271
0 0.961606 0.641672 0.0694714 0.0705303 0.911266
0 0.365811 0.722106 0.0720567 0.0712231 0.911077
0 0.528098 0.929742 0.0719404 0.0717293 0.911074
0 0.842529 0.694048 0.072188 0.0718487 0.91071
2 0.82261 0.771916 0.0704544 0.0715797 0.91047
0 0.10311 0.488069 0.0764932 0.0765836 0.910441
0 0.0604989 0.753348 0.0751124 0.0757227 0.910429
0 0.529524 0.820487 0.0726322 0.0720186 0.910312
1 0.230484 0.567311 0.0732186 0.0730331 0.909959
2 0.760045 0.836963 0.0718008 0.0711056 0.90983
0 0.818871 0.516989 0.0718594 0.0717787 0.9098
2 0.164003 0.419345 0.0740605 0.074042 0.90979
0 0.894588 0.814331 0.0701797 0.0703075 0.909691
2 0.851947 0.0801284 0.0706081 0.0716394 0.909516
0 0.231363 0.741567 0.0731895 0.0724915 0.909469
2 0.194772 0.373803 0.0737205 0.0736759 0.909431
2 0.755304 0.057612 0.0726592 0.0724057 0.909312
0 0.914847 0.655618 0.0707575 0.0712552 0.909211
2 0.192189 0.107819 0.0727457 0.0733262 0.908682
2 0.46024 0.694997 0.0705824 0.0713679 0.90868
2 0.190583 0.0929816 0.0745585 0.0741381 0.908624
0 0.0674101 0.47067 0.0744615 0.074723 0.908576
0 0.784335 0.327613 0.070666 0.0707851 0.908568
2 0.909909 0.603445 0.0707155 0.0712811 0.908421
2 0.0295809 0.335611 0.0591619 0.0747295 0.908376
0 0.688291 0.751205 0.0712455 0.0709074 0.908366
0 0.324544 0.161424 0.0729367 0.073034 0.908252
2 0.935795 0.2994 0.0707867 0.0709172 0.908244
0 0.352268 0.740883 0.0713618 0.070749 0.907773
2 0.624557 0.842862 0.0715385 0.0719723 0.907399
2 0.594452 0.908547 0.0715656 0.0712784 0.90737
2 0.848633 0.584453 0.0716826 0.0713222 0.907333
2 0.836085 0.649632 0.0715874 0.0710452 0.907135
0 0.863613 0.786276 0.0703522 0.0706718 0.907099
0 0.437192 0.628771 0.0704658 0.070894 0.907084
2 0.175072 0.376496 0.0739895 0.0733302 0.907035
0 0.959523 0.585067 0.0714273 0.0713439 0.907003
1 0.92314 0.870819 0.0693661 0.0702301 0.906969
2 0.700976 0.0302618 0.0703215 0.0605237 0.906883
2 0.085772 0.208466 0.074259 0.0743125 0.90682
0 0.15554 0.641262 0.0755097 0.0743881 0.906721
2 0.804321 0.0804412 0.0715914 0.0711397 0.906692
0 0.39884 0.0743528 0.071317 0.0713904 0.906445
0 0.795765 0.345537 0.0709846 0.0713207 0.906372
0 0.0255707 0.46652 0.0511414 0.0735931 0.90629
0 0.195652 0.653153 0.0732667 0.0730639 0.906147
0 0.286347 0.0370575 0.0717251 0.0708394 0.906087
2 0.66779 0.897125 0.0707414 0.0709419 0.90603
0 0.13162 0.635233 0.0765762 0.0768587 0.906
0 0.121581 0.508463 0.0739615 0.0739208 0.905763
2 0.0985491 0.580726 0.0750425 0.0746061 0.905529
2 0.440231 0.71496 0.071964 0.0715672 0.90544
2 0.334705 0.700886 0.0721683 0.0717262 0.905423
0 0.332964 0.768375 0.0724553 0.0723394 0.905324
0 0.244368 0.241791 0.0741322 0.0737853 0.904886
2 0.195728 0.1541 0.0747543 0.0746147 0.904852
0 0.17576 0.71137 0.0748605 0.0743273 0.904691
0 0.191416 0.709976 0.0733982 0.0736797 0.904601
2 0.560036 0.935102 0.0711798 0.0710907 0.904569
2 0.181249 0.525922 0.0743467 0.0740049 0.904516
0 0.3331 0.733998 0.071486 0.0711996 0.904431
0 0.923881 0.372631 0.0729416 0.0731727 0.904419
2 0.719106 0.0281912 0.0709269 0.0559109 0.904364
0 0.176532 0.0792084 0.0731827 0.0739341 0.904356
0 0.457772 0.920548 0.0727467 0.0725681 0.904148
0 0.126715 0.587901 0.0754896 0.0758102 0.903936
2 0.219725 0.656717 0.0731877 0.0731562 0.903906
0 0.144446 0.660776 0.075394 0.0752709 0.903898
1 0.146239 0.130358 0.0746445 0.0739126 0.903817
0 0.208967 0.633808 0.0731697 0.073728 0.903727
2 0.929235 0.597554 0.070602 0.0709576 0.903668
2 0.0962767 0.558818 0.0759676 0.0757578 0.903533
0 0.194943 0.537094 0.0732083 0.0728131 0.903502
2 0.844002 0.120838 0.0722374 0.0722033 0.903494
0 0.910871 0.699336 0.0706181 0.0697416 0.903419
2 0.420742 0.724015 0.0719277 0.0709305 0.903394
0 0.71211 0.895972 0.0714357 0.071587 0.903354
2 0.708044 0.791661 0.0725878 0.0721725 0.903333
2 0.48007 0.718929 0.0715068 0.0710432 0.903208
2 0.941334 0.540121 0.0707579 0.0709908 0.903197
0 0.19148 0.620494 0.0733338 0.0732275 0.903113
0 0.224618 0.800064 0.0728289 0.072409 0.9031
2 0.0329394 0.348103 0.0658788 0.076094 0.903068
2 0.579319 0.769547 0.0728819 0.0725956 0.902916
0 0.247788 0.785969 0.0724326 0.0719427 0.902851
2 0.281657 0.793465 0.0731964 0.0728967 0.902589
0 0.926347 0.890716 0.0693035 0.0698612 0.902523
0 0.128979 0.462292 0.0744807 0.0736036 0.902305
0 0.422161 0.112396 0.0709158 0.0705039 0.90194
2 0.281878 0.728058 0.0720201 0.0717325 0.901798
0 0.23782 0.656055 0.0720064 0.0728697 0.901781
2 0.224135 0.0331996 0.0724431 0.0663992 0.901586
0 0.194257 0.591218 0.0733446 0.0731352 0.901316
0 0.164355 0.619511 0.0746005 0.0741085 0.901209
0 0.767229 0.69351 0.0732502 0.0732026 0.901155
1 0.0546108 0.106012 0.0742739 0.0744852 0.900985
2 0.036688 0.407395 0.0731669 0.0742834 0.900947
0 0.0380506 0.332239 0.0742203 0.0751084 0.900939
0 0.167405 0.103932 0.0745262 0.073922 0.900846
2 0.953228 0.527005 0.0727446 0.0723709 0.900777
2 0.73895 0.0469936 0.0706198 0.0711869 0.900558
0 0.113266 0.149643 0.0747335 0.0742752 0.900407
0 0.412648 0.700925 0.0713228 0.0711606 0.900401
1 0.0577061 0.181807 0.0752806 0.0751055 0.900346
2 0.492976 0.965198 0.0714718 0.0688381 0.900275
0 0.516035 0.837492 0.0722586 0.0715166 0.900218
0 0.0786957 0.300016 0.0752905 0.0752834 0.900178
2 0.534568 0.85579 0.0718641 0.0727795 0.900118
2 0.750523 0.765244 0.071171 0.0709805 0.900114
0 0.847147 0.785195 0.0718269 0.0716416 0.900108
2 0.606478 0.909504 0.0704804 0.0704269 0.900061
0 0.874264 0.758866 0.0702827 0.0708161 0.899983
2 0.570671 0.850839 0.0725555 0.0719141 0.899963
0 0.216519 0.679567 0.0728714 0.0730551 0.89996
2 0.0670457 0.535185 0.0767397 0.0769638 0.899909
1 0.733842 0.836876 0.0708839 0.0708691 0.899874
2 0.833385 0.0854113 0.0720766 0.0710534 0.899857
2 0.689008 0.802856 0.0716532 0.0725561 0.899804
0 0.249302 0.81121 0.073191 0.0724216 0.899732
0 0.81965 0.736188 0.0705235 0.0704195 0.899441
2 0.794899 0.530497 0.0712785 0.0717657 0.899389
2 0.757249 0.718243 0.0722736 0.0724176 0.899274
0 0.315417 0.0544605 0.0717798 0.0717224 0.89926
1 0.396426 0.318752 0.0714463 0.0721266 0.89923
2 0.230249 0.721664 0.0727841 0.0732295 0.899037
0 0.577482 0.642982 0.0706682 0.0710518 0.899025
2 0.393349 0.735169 0.0715907 0.0713434 0.89895
0 0.889155 0.723066 0.0701683 0.0703064 0.898883
0 0.940212 0.71412 0.0716019 0.0708893 0.898673
2 0.518359 0.161445 0.0733213 0.0721439 0.898652
2 0.552952 0.833314 0.071814 0.0727058 0.898567
1 0.96323 0.874373 0.0693018 0.0686977 0.898566
0 0.126985 0.0993843 0.0745634 0.0741296 0.89839
1 0.28258 0.592882 0.0720839 0.0716121 0.898259
0 0.616225 0.971415 0.070269 0.0569023 0.898249
0 0.935062 0.738951 0.069865 0.0698002 0.898163
1 0.265128 0.57188 0.0722925 0.0723682 0.898072
0 0.524868 0.0880732 0.070173 0.0692753 0.89805
0 0.954577 0.628883 0.0711353 0.0705873 0.898041
0 0.499196 0.711174 0.0711409 0.0707531 0.897709
1 0.258745 0.0482529 0.0717277 0.0721449 0.897622
0 0.0324879 0.625103 0.0649758 0.073738 0.89751
1 0.50979 0.635286 0.0709535 0.0709833 0.897421
2 0.898293 0.330117 0.0715199 0.0719484 0.897406
2 0.154663 0.0277 0.0733838 0.0550182 0.897373
2 0.348514 0.762753 0.0709123 0.0700487 0.897361
2 0.560012 0.886682 0.0723345 0.0723711 0.897021
1 0.721071 0.375812 0.0702344 0.0696938 0.896942
2 0.971597 0.107798 0.0567129 0.0717654 0.896877
0 0.550648 0.660407 0.0704863 0.0709621 0.89677
0 0.951538 0.799782 0.0700594 0.0704046 0.896579
0 0.971458 0.660745 0.0570848 0.0700161 0.896558
2 0.774681 0.0725581 0.0713028 0.0718807 0.896003
2 0.441113 0.731223 0.0717024 0.0718626 0.895883
0 0.436856 0.841388 0.0726679 0.0728458 0.895666
1 0.357099 0.0644784 0.0700358 0.0702807 0.895548
1 0.903588 0.967207 0.0686565 0.0646099 0.89546
2 0.144609 0.528116 0.0734593 0.0736864 0.895392
2 0.0669175 0.602903 0.0762014 0.0765894 0.895283
2 0.468694 0.706606 0.0722757 0.0717423 0.895196
0 0.186104 0.0237695 0.0720749 0.047481 0.894895
2 0.168203 0.589643 0.0727732 0.0728159 0.894647
0 0.121275 0.695346 0.0765114 0.0760242 0.894519
1 0.695598 0.669016 0.0722935 0.0722197 0.894518
0 0.871145 0.801177 0.071706 0.0704762 0.894308
2 0.553272 0.118915 0.0716509 0.0718612 0.893995
2 0.217189 0.0508475 0.0729191 0.0727169 0.893993
1 0.897807 0.550123 0.0726597 0.0727764 0.893934
2 0.572178 0.683555 0.0716178 0.0717067 0.893666
2 0.337959 0.817913 0.0718183 0.0727535 0.89364
0 0.310592 0.696574 0.0712522 0.0719898 0.893592
1 0.542637 0.605635 0.0716892 0.0712639 0.893481
1 0.0354927 0.275094 0.0709854 0.075536 0.893339
0 0.101503 0.965844 0.0767379 0.0681469 0.893286
1 0.204574 0.427455 0.0738763 0.0733123 0.893205
2 0.423941 0.616353 0.0710312 0.0717014 0.893169
2 0.633436 0.861358 0.0704855 0.0704346 0.892996
0 0.952325 0.669442 0.0704971 0.071089 0.892972
2 0.783914 0.490054 0.072016 0.0714886 0.892963
1 0.342251 0.559495 0.07316 0.0730586 0.892877
2 0.94456 0.379464 0.0728695 0.0730582 0.892834
2 0.491848 0.933873 0.0730452 0.0723257 0.89276
1 0.210194 0.22564 0.074216 0.0737145 0.892532
2 0.673152 0.796091 0.0713642 0.0713148 0.892335
2 0.49273 0.843311 0.0725594 0.0717194 0.89222
1 0.875139 0.525726 0.0731144 0.0733868 0.892145
1 0.599125 0.73166 0.0710172 0.0717175 0.892124
0 0.510122 0.122759 0.0706209 0.0699357 0.892013
0 0.353808 0.799517 0.0723599 0.0716373 0.891889
0 0.300568 0.769885 0.0714645 0.0725381 0.891662
1 0.720981 0.264424 0.0718107 0.0707568 0.891513
0 0.213458 0.310505 0.0729712 0.0727375 0.891505
1 0.637994 0.645027 0.0710789 0.0719233 0.891261
0 0.943334 0.610583 0.0706703 0.0700934 0.891187
2 0.891626 0.847245 0.07202 0.0717522 0.891118
1 0.762341 0.941565 0.0702354 0.0696556 0.890798
0 0.308928 0.72081 0.0710381 0.0713557 0.890796
1 0.365125 0.553887 0.0729055 0.0729301 0.890477
2 0.782219 0.0535203 0.0725714 0.0720231 0.89019
1 0.606433 0.667529 0.0721741 0.0716059 0.890122
1 0.0577705 0.365792 0.0758895 0.0756987 0.889983
2 0.804219 0.577851 0.0714149 0.0709316 0.889962
2 0.803049 0.0995127 0.0711748 0.0712693 0.889856
1 0.711313 0.282791 0.0703149 0.0713244 0.889722
1 0.312117 0.508065 0.0733922 0.0739685 0.889703
1 0.667593 0.632068 0.0711445 0.0711638 0.889691
0 0.22542 0.731843 0.072503 0.072757 0.889612
2 0.219362 0.595113 0.0720421 0.0720392 0.889571
2 0.827707 0.80712 0.0709134 0.0706554 0.889247
2 0.749885 0.036579 0.0704784 0.071059 0.889019
2 0.906689 0.935229 0.0703812 0.0698498 0.888895
0 0.814976 0.644605 0.0711887 0.0718492 0.888878
1 0.715436 0.250485 0.0717961 0.0710834 0.88869
2 0.079761 0.57953 0.0766111 0.0760532 0.888587
2 0.918121 0.674796 0.0712131 0.0700642 0.888582
0 0.177527 0.665616 0.0746993 0.0749836 0.888273
2 0.571058 0.604513 0.0720192 0.071216 0.88825
0 0.0449626 0.612574 0.0755821 0.0755812 0.887943
1 0.498124 0.577117 0.0700365 0.0705847 0.887624
2 0.274379 0.238716 0.0744362 0.0754993 0.887555
0 0.0725814 0.558189 0.0771154 0.0768917 0.887282
1 0.966302 0.354794 0.0673958 0.0728897 0.887259
2 0.366752 0.83756 0.0728941 0.0725031 0.886951
1 0.122415 0.250312 0.0754197 0.0754771 0.886934
0 0.79682 0.825311 0.0718914 0.0708633 0.886933
2 0.405435 0.616019 0.0717143 0.071376 0.886921
0 0.0252738 0.733142 0.0505476 0.0751193 0.886416
1 0.34405 0.315522 0.0725117 0.0721241 0.886344
1 0.686768 0.0608898 0.0702539 0.0701264 0.886307
1 0.384877 0.176248 0.0738352 0.0735747 0.88622
1 0.934495 0.048638 0.0703667 0.0695872 0.886154
1 0.914195 0.048474 0.0692833 0.0699931 0.886127
1 0.373475 0.293039 0.0715068 0.0721098 0.88599
1 0.619762 0.349098 0.0705826 0.0697515 0.88592
2 0.829679 0.0712831 0.0713064 0.0702348 0.885852
2 0.68494 0.0316464 0.0706044 0.0628149 0.885801
0 0.382436 0.819485 0.0727068 0.0724804 0.885463
2 0.659863 0.764769 0.0712688 0.071402 0.885438
1 0.0389543 0.384602 0.0751215 0.0752904 0.885304
2 0.487171 0.829872 0.0714931 0.0727179 0.885122
0 0.955732 0.747925 0.0716732 0.0711145 0.885109
0 0.879756 0.902809 0.0710491 0.070134 0.884896
0 0.37979 0.808457 0.0723375 0.0726696 0.884526
1 0.419249 0.155908 0.0734312 0.0731355 0.884441
1 0.0323657 0.0600148 0.0647313 0.0746227 0.88425
2 0.460957 0.736664 0.071013 0.0703136 0.884229
0 0.810504 0.631712 0.0710108 0.0721037 0.884197
1 0.458444 0.112909 0.0719825 0.0715117 0.884133
2 0.876035 0.10381 0.0709023 0.0712348 0.884058
0 0.485296 0.573189 0.0699547 0.0704683 0.884012
0 0.167287 0.050022 0.0736212 0.073714 0.883929
0 0.591847 0.804312 0.0713988 0.0719267 0.883871
2 0.0316808 0.500973 0.0633615 0.072477 0.883845
2 0.211746 0.0258484 0.0707913 0.0516969 0.883456
2 0.447292 0.702187 0.0709982 0.0710701 0.883433
1 0.78572 0.671288 0.0723054 0.0721724 0.883351
2 0.353417 0.837992 0.0736596 0.0730354 0.883152
2 0.947188 0.938607 0.0681866 0.0681564 0.883093
0 0.353379 0.699402 0.0716702 0.0714602 0.882836
2 0.235473 0.830989 0.073982 0.074721 0.88255
1 0.689425 0.350624 0.0694374 0.0691737 0.882545
1 0.367673 0.653838 0.0717467 0.0716641 0.882522
0 0.534733 0.770575 0.0698337 0.0711849 0.8825
1 0.617013 0.717173 0.0720152 0.0720783 0.882426
2 0.175256 0.310047 0.073136 0.0732694 0.88228
2 0.302229 0.0264233 0.0713109 0.0528465 0.882231
0 0.960675 0.695384 0.072393 0.0716269 0.882146
1 0.86266 0.549068 0.071534 0.071743 0.882055
0 0.94759 0.652524 0.0700823 0.0701962 0.882033
1 0.351097 0.52155 0.0722818 0.0728582 0.881931
0 0.0225218 0.378081 0.0450435 0.0748136 0.88191
0 0.027496 0.633146 0.0549921 0.073979 0.881901
1 0.804078 0.46788 0.0718471 0.0709644 0.881787
0 0.972346 0.0775084 0.0550901 0.0707758 0.881707
2 0.184956 0.298506 0.0723025 0.0728239 0.881652
2 0.901415 0.185395 0.0712975 0.0715191 0.881578
1 0.898801 0.127112 0.0711185 0.0713353 0.881495
2 0.970277 0.745757 0.0594459 0.0705612 0.88148
1 0.807997 0.255405 0.0718447 0.0717506 0.881082
0 0.660505 0.786993 0.0711744 0.0710774 0.880931
2 0.300099 0.802912 0.0719738 0.0722195 0.880863
2 0.482698 0.947216 0.0739964 0.0725924 0.880617
2 0.180339 0.363429 0.0728238 0.0725923 0.880595
2 0.5925 0.965672 0.0724514 0.0674673 0.880361
1 0.310823 0.24576 0.0728277 0.0740068 0.880173
1 0.685322 0.413061 0.0707346 0.07065 0.879982
2 0.941141 0.442789 0.0734205 0.0734801 0.879936
1 0.72039 0.630677 0.072465 0.0722834 0.879579
2 0.413287 0.740032 0.0707845 0.0714631 0.879552
2 0.551112 0.751065 0.0711094 0.0715361 0.879183
2 0.528653 0.966131 0.0713147 0.0673748 0.878859
0 0.0300617 0.477384 0.0601234 0.0741169 0.878794
2 0.0528719 0.502501 0.0765343 0.0759108 0.87856
2 0.38232 0.0978583 0.073062 0.0720509 0.878525
0 0.830345 0.974834 0.0707252 0.0503324 0.878395
2 0.325575 0.78739 0.0722181 0.0715462 0.878248
1 0.592959 0.421573 0.0714148 0.0705508 0.878029
1 0.349229 0.120888 0.0722965 0.0718028 0.877973
1 0.172305 0.469579 0.0741255 0.0741594 0.877769
1 0.258764 0.518033 0.0720489 0.0721437 0.877628
1 0.594071 0.405544 0.0709768 0.0710264 0.877588
1 0.311383 0.095903 0.0713548 0.0717725 0.877553
1 0.648383 0.269091 0.0708788 0.0715991 0.877547
2 0.388822 0.642217 0.0716129 0.0721151 0.877376
2 0.564363 0.9785 0.0720446 0.0429993 0.87717
1 0.265273 0.419865 0.0734493 0.0729821 0.877024
1 0.199421 0.207934 0.0750556 0.0752179 0.876828
0 0.268969 0.745312 0.072584 0.0722389 0.876719
0 0.28869 0.771343 0.0719995 0.0722785 0.876662
1 0.795838 0.856674 0.0705533 0.0715334 0.876503
2 0.916926 0.27831 0.0709583 0.0705877 0.876155
1 0.420013 0.274889 0.0736526 0.0729246 0.876019
1 0.758156 0.965879 0.0689198 0.0669769 0.875965
1 0.36288 0.0335817 0.0714114 0.0669795 0.875945
0 0.468715 0.881999 0.0709889 0.0716265 0.875874
2 0.259601 0.256818 0.0737138 0.0739765 0.875476
2 0.96025 0.11669 0.0715633 0.0716249 0.875195
1 0.139167 0.355773 0.0742773 0.0740125 0.875025
2 0.242053 0.717847 0.0726765 0.0728752 0.874954
1 0.291028 0.492261 0.073448 0.0734661 0.874694
0 0.208861 0.619988 0.0724122 0.0724836 0.874622
2 0.552846 0.967989 0.0711381 0.0640217 0.874336
1 0.734195 0.424801 0.070495 0.0711169 0.873875
1 0.457775 0.751351 0.0714302 0.0706993 0.873726
1 0.422894 0.255285 0.0730201 0.0729008 0.873528
1 0.49358 0.456877 0.0721491 0.0720051 0.873475
2 0.387424 0.720953 0.0708444 0.0714558 0.873274
1 0.713257 0.307596 0.0704435 0.0713851 0.873185
1 0.280595 0.364722 0.0730853 0.0727618 0.873041
2 0.0965337 0.822534 0.0787388 0.0788594 0.872663
1 0.519897 0.750762 0.072023 0.0708818 0.872383
1 0.814087 0.883268 0.0706383 0.0709007 0.872295
1 0.903693 0.246118 0.0711607 0.0709049 0.872292
0 0.265931 0.761357 0.0725847 0.0718464 0.872281
1 0.903934 0.0937244 0.0702637 0.0701114 0.872158
1 0.0287128 0.147028 0.056973 0.0751054 0.871941
1 0.729455 0.229326 0.0712412 0.0720219 0.871581
1 0.220665 0.394993 0.0728277 0.0727612 0.871196
2 0.771786 0.104306 0.0708556 0.0715806 0.870978
1 0.332087 0.029647 0.07303 0.0589849 0.870973
2 0.867589 0.83057 0.0714527 0.0708745 0.870807
2 0.0180396 0.499969 0.0360791 0.0746448 0.870533
1 0.702821 0.652737 0.0720093 0.0719208 0.869804
1 0.397776 0.039275 0.0706417 0.0706055 0.869315
0 0.820341 0.0556268 0.0713336 0.0716312 0.869265
1 0.436093 0.199973 0.0729533 0.0734217 0.869207
1 0.770258 0.59367 0.0714968 0.0711276 0.868548
2 0.203636 0.33327 0.0729369 0.0730681 0.86842
1 0.425067 0.0331379 0.0693196 0.0658085 0.868401
0 0.0509596 0.789718 0.0763975 0.0764818 0.868036
2 0.837717 0.135752 0.0707024 0.0704663 0.867965
1 0.0303675 0.259546 0.0607349 0.0745324 0.86793
2 0.398715 0.819762 0.0718179 0.0729925 0.867511
0 0.585808 0.924762 0.070896 0.0710056 0.86747
1 0.660086 0.251356 0.0707478 0.0711638 0.867372
2 0.873638 0.279075 0.0711597 0.070865 0.867327
2 0.807213 0.291704 0.0717299 0.0712128 0.867202
1 0.412557 0.3082 0.071513 0.0718959 0.867045
1 0.402905 0.234662 0.0730974 0.0731248 0.866796
1 0.736122 0.246338 0.0716644 0.0718336 0.866135
1 0.457398 0.225353 0.0740744 0.0747261 0.865876
0 0.0888492 0.837651 0.0770858 0.0766033 0.865823
1 0.293498 0.457437 0.0738148 0.0744448 0.86571
2 0.577068 0.69436 0.0715115 0.0717812 0.865335
2 0.777045 0.357611 0.0707567 0.0713445 0.865228
2 0.0627401 0.271665 0.0743501 0.0751628 0.86489
0 0.975568 0.619384 0.0488646 0.0709844 0.864292
2 0.932472 0.822528 0.0717377 0.0706755 0.864249
1 0.0708727 0.391726 0.0748804 0.0750253 0.864119
1 0.655805 0.286467 0.0720806 0.0702337 0.864019
1 0.973173 0.858025 0.0536543 0.0699188 0.863232
1 0.877971 0.97196 0.0690304 0.0560802 0.863044
0 0.633465 0.951692 0.0701431 0.0686615 0.862879
2 0.755943 0.077623 0.0716244 0.0710709 0.862353
2 0.380833 0.754214 0.0716822 0.0707972 0.862289
1 0.377482 0.525375 0.0729665 0.0725339 0.862287
2 0.90106 0.64428 0.0702889 0.0717672 0.861838
1 0.670409 0.0551461 0.0712692 0.0712685 0.860967
1 0.632212 0.305318 0.0693355 0.0697731 0.860884
0 0.253406 0.733815 0.0727016 0.0723886 0.860691
2 0.190756 0.030826 0.0718266 0.0613536 0.860606
1 0.669189 0.295396 0.0710689 0.0709911 0.860202
1 0.49359 0.0279718 0.0697815 0.0556449 0.860197
0 0.975461 0.14199 0.0490026 0.0726123 0.8599
2 0.170166 0.0271225 0.0722802 0.0539545 0.859717
2 0.230305 0.549906 0.0731871 0.0725122 0.859332
2 0.896748 0.0609785 0.0692009 0.0692127 0.858024
1 0.819494 0.179351 0.0726822 0.07221 0.857665
2 0.168631 0.573811 0.0740806 0.0733624 0.857541
0 0.0816001 0.461597 0.0755889 0.0757618 0.857421
1 0.332938 0.611449 0.0728887 0.0717076 0.857386
2 0.874461 0.319171 0.0710438 0.0705733 0.85717
1 0.650226 0.728658 0.0706491 0.0717722 0.85686
1 0.613325 0.289629 0.069813 0.0703273 0.856326
1 0.853624 0.976351 0.0689175 0.0472979 0.856074
0 0.25199 0.449917 0.0725725 0.0727413 0.85559
1 0.142035 0.414058 0.0748909 0.074536 0.855358
2 0.91816 0.61407 0.0710251 0.0694657 0.855334
2 0.152572 0.153634 0.0741172 0.0745492 0.855222
2 0.472622 0.726628 0.0708316 0.0709225 0.855056
1 0.169063 0.257202 0.0742132 0.0734779 0.85485
1 0.906357 0.977872 0.0678448 0.0442565 0.854725
2 0.580313 0.970654 0.0702175 0.0586912 0.854395
1 0.415835 0.528564 0.0711994 0.0709038 0.853601
2 0.969138 0.293005 0.061724 0.0706347 0.853142
1 0.341769 0.253323 0.0731759 0.0729785 0.852492
0 0.298614 0.973872 0.0728018 0.0522263 0.85249
0 0.611002 0.982136 0.0698732 0.0357271 0.852481
0 0.124795 0.0495165 0.0729297 0.072903 0.852333
2 0.736968 0.0226527 0.0685707 0.0453054 0.852212
1 0.687349 0.618631 0.0710452 0.0719087 0.85206
1 0.909518 0.108026 0.0707302 0.0714622 0.851994
1 0.711135 0.23679 0.0709455 0.0712092 0.851941
2 0.870608 0.884012 0.0712761 0.071039 0.85187
1 0.248246 0.400639 0.073099 0.0733211 0.851746
0 0.868713 0.924342 0.071187 0.0702932 0.851662
2 0.0364536 0.474016 0.0722742 0.0744501 0.851583
2 0.571541 0.966575 0.0723667 0.0661158 0.850652
1 0.975208 0.335075 0.0495836 0.0684505 0.850488
2 0.782151 0.468193 0.0725775 0.072784 0.850319
1 0.869535 0.586934 0.0721674 0.0712482 0.850261
2 0.574202 0.0525791 0.0701254 0.0702917 0.849887
1 0.468077 0.482864 0.0701324 0.0703923 0.84988
0 0.469541 0.0988293 0.0708045 0.0702015 0.848764
2 0.478449 0.973861 0.0739223 0.0522778 0.848404
1 0.336631 0.291869 0.0712362 0.0710429 0.847627
2 0.121664 0.568466 0.0755395 0.075017 0.847568
1 0.458199 0.574106 0.0716044 0.0703032 0.847312
0 0.141363 0.0738701 0.0748062 0.0750279 0.847077
1 0.350413 0.277662 0.0710907 0.071347 0.846898
1 0.810539 0.948324 0.0704943 0.0707703 0.846713
0 0.637911 0.831416 0.0714521 0.0721989 0.8458
2 0.150322 0.44022 0.0742568 0.0740399 0.84515
1 0.735451 0.913538 0.0708188 0.070882 0.84468
1 0.262134 0.611032 0.0717171 0.0710003 0.844384
2 0.213256 0.75439 0.0725353 0.0728602 0.843538
0 0.120357 0.960188 0.0759131 0.075285 0.842567
0 0.977398 0.541752 0.0452032 0.0717906 0.842285
2 0.420901 0.651353 0.0718584 0.071996 0.841599
1 0.495576 0.397992 0.0720015 0.071217 0.841165
1 0.887384 0.0250253 0.0679546 0.0497827 0.841157
2 0.803472 0.113522 0.0720408 0.0713977 0.841026
1 0.797069 0.447306 0.0714352 0.0717741 0.840628
1 0.383683 0.0244931 0.0710403 0.0487833 0.839991
1 0.445842 0.0304884 0.0705478 0.0608012 0.839758
1 0.371609 0.24671 0.0721397 0.0723515 0.839583
2 0.721928 0.658335 0.0717967 0.0725313 0.839445
2 0.756834 0.900843 0.0722632 0.0703175 0.839071
2 0.726825 0.881561 0.0713375 0.0718956 0.838083
1 0.882708 0.075006 0.0716656 0.0695919 0.837701
2 0.760339 0.646065 0.0713474 0.0712315 0.83751
1 0.12911 0.0273155 0.0733166 0.0546311 0.836882
0 0.456357 0.905321 0.0726309 0.0727776 0.83602
1 0.359369 0.263643 0.0718619 0.0711736 0.835779
1 0.430426 0.54953 0.0708813 0.0712013 0.835115
1 0.290241 0.26955 0.0728427 0.0731121 0.834367
1 0.317567 0.552524 0.0722826 0.0725743 0.834159
1 0.648164 0.856206 0.0715318 0.0721287 0.833207
1 0.346835 0.0829501 0.0720715 0.0720073 0.833061
1 0.472144 0.4249 0.0718411 0.0716229 0.832257
2 0.61495 0.111017 0.0720345 0.0719839 0.831817
1 0.860411 0.364763 0.0712788 0.0713447 0.831587
2 0.050389 0.71724 0.0764885 0.0759897 0.831051
1 0.286804 0.616613 0.0717477 0.0716124 0.82856
0 0.114296 0.467326 0.0745062 0.0746227 0.82826
1 0.300734 0.606807 0.0721083 0.072864 0.827392
1 0.755529 0.217963 0.0725923 0.0719096 0.826067
2 0.170269 0.511044 0.072776 0.0727663 0.825874
1 0.83606 0.355594 0.0705067 0.0705218 0.825698
1 0.0239309 0.110333 0.0478619 0.0745461 0.825254
0 0.253928 0.0922113 0.0723125 0.0717865 0.825034
1 0.594967 0.612699 0.0719737 0.0709661 0.824859
2 0.846067 0.14478 0.0711914 0.072299 0.82346
0 0.231062 0.479127 0.0726836 0.0725932 0.823285
1 0.689047 0.303846 0.0707614 0.0706481 0.823273
2 0.0665295 0.0485623 0.0755593 0.0745821 0.823057
1 0.927206 0.0796385 0.0694969 0.0691356 0.822948
2 0.608042 0.838925 0.0721356 0.071837 0.822146
2 0.477777 0.958368 0.0740463 0.0735767 0.821605
2 0.454956 0.139884 0.0729755 0.071919 0.820878
2 0.977897 0.818801 0.0442053 0.0703239 0.81863
1 0.433843 0.0949203 0.0704416 0.0704632 0.81846
0 0.0496857 0.441341 0.0732311 0.0731794 0.818146
1 0.976711 0.298128 0.0465778 0.0704939 0.817407
0 0.0201757 0.666364 0.0403513 0.0736599 0.81734
1 0.637765 0.62688 0.0710829 0.0714346 0.816912
0 0.0904977 0.97192 0.0755084 0.0561598 0.816815
1 0.391864 0.146546 0.072506 0.0726043 0.816705
0 0.290555 0.980679 0.073515 0.0386423 0.814609
0 0.559698 0.90687 0.0715203 0.0717705 0.814292
1 0.483787 0.377499 0.0713287 0.0718963 0.81422
1 0.377716 0.0713061 0.0706706 0.0709265 0.813282
2 0.300893 0.553187 0.0731307 0.073245 0.812529
1 0.459956 0.0217186 0.0681177 0.043431 0.811808
2 0.90968 0.776024 0.0711678 0.0710011 0.811144
1 0.028671 0.126978 0.0573419 0.0752652 0.811083
1 0.538448 0.450415 0.0696157 0.0696117 0.810459
1 0.732907 0.330501 0.0700182 0.0701605 0.809092
1 0.32054 0.0749625 0.0716436 0.0723993 0.808633
2 0.49315 0.155989 0.0730925 0.0729834 0.807564
1 0.525528 0.457916 0.070032 0.0711666 0.806773
1 0.308239 0.267553 0.0729057 0.0722226 0.806414
0 0.854751 0.801278 0.0725336 0.0721058 0.805433
2 0.0308713 0.429727 0.0617426 0.0742163 0.80497
1 0.983377 0.869055 0.0332458 0.0688087 0.804686
1 0.301256 0.47875 0.0745316 0.0739894 0.804118
1 0.40545 0.192188 0.073649 0.074328 0.80351
2 0.232601 0.122422 0.0742147 0.0733577 0.802342
0 0.970911 0.978445 0.0572779 0.0431102 0.802021
0 0.173461 0.608721 0.0737933 0.0730444 0.800528
1 0.396691 0.578913 0.0709106 0.0713726 0.799523
0 0.103306 0.472288 0.0755774 0.0746634 0.799263
1 0.5174 0.0213688 0.0690876 0.0427377 0.798976
1 0.568925 0.709179 0.0725828 0.0718304 0.798316
1 0.666602 0.316613 0.0704651 0.0701169 0.798134
1 0.481348 0.332868 0.0720448 0.0724487 0.797243
1 0.96702 0.905389 0.0655588 0.0692047 0.79589
2 0.903966 0.0315008 0.0666809 0.0622032 0.79527
1 0.646848 0.607548 0.0724562 0.0726383 0.793974
2 0.459133 0.162275 0.0716925 0.0716824 0.793809
1 0.792846 0.930051 0.0717636 0.0717632 0.793317
1 0.762827 0.541709 0.0718535 0.0729664 0.793306
0 0.82275 0.654199 0.0717943 0.0721332 0.792822
0 0.520672 0.975633 0.0726713 0.0487333 0.792119
1 0.838124 0.247581 0.0704458 0.0706434 0.791887
2 0.784987 0.575189 0.0710136 0.0715554 0.791518
1 0.978914 0.18523 0.0415251 0.0679467 0.791335
2 0.669343 0.845614 0.0707029 0.0712126 0.789115
1 0.633789 0.288054 0.0714872 0.0708507 0.788168
0 0.220861 0.609396 0.071833 0.0718296 0.787971
1 0.40614 0.213799 0.073477 0.0730484 0.787888
1 0.929581 0.116851 0.0708771 0.0712444 0.787734
1 0.777779 0.981027 0.069107 0.0379452 0.787718
0 0.285064 0.20948 0.0724544 0.0723852 0.786907
2 0.508365 0.549941 0.0712057 0.0701416 0.786128
0 0.310477 0.66479 0.0712118 0.0717873 0.785355
1 0.624958 0.935285 0.0703406 0.0708355 0.784483
2 0.958321 0.297687 0.0714878 0.0712002 0.784443
1 0.040857 0.0554882 0.0738913 0.0745432 0.782136
1 0.343505 0.476999 0.0747184 0.0752546 0.780695
2 0.609097 0.550516 0.0711166 0.0702385 0.780406
2 0.754284 0.360329 0.0704518 0.07041 0.779759
0 0.905044 0.763158 0.0703594 0.0702357 0.779543
1 0.42001 0.218098 0.0724401 0.0725171 0.779417
2 0.228897 0.641773 0.072612 0.0726667 0.77867
2 0.960318 0.409128 0.0724865 0.0721377 0.778322
2 0.797739 0.0277176 0.0707289 0.0551042 0.777141
1 0.766039 0.136517 0.070383 0.0705227 0.776692
1 0.424649 0.0205379 0.0678528 0.0410759 0.776267
1 0.445834 0.0415508 0.0692823 0.0687958 0.776164
0 0.664564 0.982349 0.0688309 0.0353016 0.775987
2 0.319339 0.637813 0.0717896 0.0711367 0.775524
0 0.629558 0.91177 0.0711267 0.0701765 0.773992
1 0.70095 0.588068 0.0702473 0.0704291 0.773542
2 0.0352287 0.366553 0.0699232 0.0720027 0.771222
1 0.382926 0.218516 0.0721068 0.0719888 0.769028
1 0.75147 0.978864 0.0693107 0.042272 0.768192
1 0.838782 0.203561 0.0710972 0.0713586 0.764565
1 0.128151 0.0172058 0.0728818 0.0344116 0.762924
0 0.896904 0.788153 0.0705818 0.0702492 0.761061
2 0.661107 0.935361 0.0689587 0.0690437 0.760863
1 0.134881 0.28668 0.0748249 0.0749523 0.760788
1 0.750594 0.138571 0.071287 0.0709119 0.760774
2 0.092889 0.201798 0.0742047 0.0744056 0.760443
1 0.427877 0.489407 0.071467 0.0714467 0.758304
2 0.802809 0.386862 0.0719868 0.0714122 0.757831
2 0.918013 0.0321147 0.0693302 0.0640757 0.757805
2 0.901201 0.914602 0.0710306 0.069836 0.756318
1 0.533419 0.0298304 0.0700927 0.0596609 0.755815
2 0.886645 0.208064 0.0713682 0.0713791 0.755302
1 0.472427 0.410792 0.0715523 0.0709762 0.755279
2 0.715849 0.0185668 0.0696948 0.0371337 0.754871
2 0.0247316 0.405614 0.0494632 0.0741301 0.7546
1 0.407071 0.0468702 0.0704309 0.0703723 0.754029
1 0.0945782 0.0197842 0.0745046 0.0395685 0.753192
0 0.928296 0.650223 0.070158 0.0703176 0.752527
1 0.451866 0.263982 0.072564 0.0723391 0.751244
2 0.294133 0.786365 0.0731017 0.0719797 0.748811
1 0.650738 0.0933135 0.070727 0.0718541 0.744358
2 0.561646 0.165548 0.0717768 0.0717341 0.742549
1 0.886481 0.983529 0.0709053 0.032941 0.740807
0 0.409652 0.915891 0.0756556 0.0743435 0.740767
2 0.381951 0.868499 0.0725705 0.0731113 0.739812
1 0.1346 0.190875 0.0739456 0.0745009 0.739758
0 0.839869 0.757665 0.0714336 0.0716373 0.739301
2 0.864276 0.637765 0.0698944 0.0685738 0.738221
0 0.019993 0.639491 0.039986 0.0735348 0.737551
0 0.0306706 0.0291894 0.0604367 0.0569668 0.735152
1 0.510383 0.408333 0.0699966 0.0714552 0.73328
1 0.850371 0.738323 0.0702095 0.0707739 0.731717
1 0.92351 0.983524 0.0684898 0.0328087 0.730625
2 0.957659 0.382902 0.073061 0.0725822 0.728632
2 0.946586 0.221682 0.0705811 0.070657 0.728585
1 0.549603 0.398664 0.0704326 0.0702542 0.722537
1 0.409516 0.520604 0.0714865 0.0713156 0.720407
0 0.0608479 0.0252429 0.0759959 0.0503891 0.719172
1 0.749426 0.740893 0.0711877 0.0718883 0.718323
2 0.299896 0.965196 0.0733752 0.0681713 0.718147
1 0.480274 0.248241 0.0711965 0.0713775 0.718069
2 0.91241 0.442068 0.0728851 0.0718988 0.713597
2 0.524521 0.862942 0.0711509 0.0724197 0.713309
1 0.658544 0.105274 0.0729465 0.0727585 0.712743
1 0.81428 0.922683 0.0704746 0.0707466 0.712581
1 0.634943 0.760958 0.0715721 0.0713831 0.71252
2 0.498136 0.727977 0.0719116 0.0710117 0.711121
1 0.306739 0.165435 0.0717622 0.0712645 0.710997
1 0.296888 0.331863 0.0725455 0.0725504 0.71063
1 0.271489 0.313185 0.0719728 0.0717663 0.710557
0 0.948052 0.697793 0.0705786 0.0697567 0.71044
2 0.165661 0.184704 0.0748334 0.0738843 0.709859
1 0.73957 0.286105 0.0706854 0.0707967 0.70975
1 0.745656 0.383981 0.0710874 0.0707592 0.709063
2 0.552281 0.785332 0.0716911 0.0715633 0.70586
2 0.953157 0.399719 0.0728195 0.0733954 0.704912
1 0.113899 0.276737 0.0750504 0.0757277 0.704896
1 0.445475 0.435723 0.0713984 0.0711561 0.704296
1 0.236402 0.303643 0.0721894 0.0722398 0.704251
1 0.0190619 0.29482 0.0379307 0.0739034 0.703843
1 0.699689 0.154011 0.0715536 0.07269 0.703457
2 0.580538 0.121821 0.0721402 0.0710192 0.702842
0 0.532036 0.979715 0.0723598 0.0405702 0.702743
1 0.711997 0.511453 0.0728352 0.0733284 0.701875
2 0.0342556 0.726002 0.0685113 0.0749565 0.70155
1 0.721679 0.980947 0.069219 0.0381069 0.701473
1 0.114648 0.421286 0.0750403 0.074486 0.700966
1 0.828914 0.0176725 0.0701353 0.035345 0.70067
2 0.208956 0.586245 0.0728093 0.0722252 0.698409
1 0.30717 0.43535 0.0739129 0.073513 0.69825
1 0.0359774 0.166463 0.0705561 0.0756673 0.696824
1 0.293846 0.31357 0.0735404 0.0730738 0.696435
1 0.457139 0.544419 0.0710192 0.0705751 0.696252
0 0.198218 0.746849 0.0723611 0.072868 0.696224
0 0.264816 0.727747 0.0727049 0.0728029 0.695843
1 0.767124 0.285424 0.0720714 0.0708565 0.694262
1 0.655659 0.440352 0.0703361 0.0703751 0.694158
1 0.260447 0.14102 0.0731818 0.0734516 0.691535
2 0.0241127 0.350262 0.0482255 0.0738509 0.688934
1 0.19392 0.495972 0.0732134 0.073222 0.688718
1 0.0216931 0.0951396 0.0433862 0.0724153 0.688071
2 0.198513 0.067752 0.0731513 0.0736597 0.68778
2 0.979729 0.499311 0.040543 0.0730679 0.687055
1 0.293238 0.122906 0.0722655 0.0721795 0.684487
0 0.274565 0.029143 0.0695057 0.058286 0.674612
0 0.686618 0.87149 0.0715192 0.0719395 0.674478
1 0.720322 0.341108 0.0699177 0.0698949 0.673891
0 0.23522 0.61698 0.0722804 0.0722269 0.671675
1 0.231837 0.531377 0.07362 0.0734747 0.671523
0 0.930548 0.676613 0.0697834 0.0698564 0.670961
1 0.678447 0.968545 0.0688524 0.0628742 0.669853
1 0.601555 0.155344 0.0717154 0.0723566 0.668765
1 0.894759 0.453515 0.0716827 0.0715151 0.668441
0 0.434352 0.763559 0.0705255 0.069747 0.668227
0 0.494357 0.98183 0.0727398 0.036339 0.668222
1 0.350384 0.219593 0.0735532 0.0735783 0.667975
1 0.632741 0.60347 0.0709683 0.07169 0.666012
0 0.419159 0.668695 0.0718504 0.069647 0.654625
2 0.85123 0.954943 0.070446 0.0711159 0.653755
1 0.464784 0.523203 0.0711676 0.0710982 0.653289
2 0.603986 0.929903 0.0708691 0.0710413 0.653213
0 0.983288 0.264774 0.0333187 0.0689756 0.651359
0 0.972773 0.75614 0.0544548 0.0705912 0.650026
0 0.781864 0.0264871 0.0681639 0.0529742 0.649293
1 0.246488 0.289123 0.0732218 0.0733932 0.647325
1 0.57432 0.546293 0.0692692 0.069272 0.646782
1 0.711967 0.576491 0.0706678 0.0712784 0.645354
1 0.963444 0.0170972 0.0678812 0.0341808 0.644883
1 0.19878 0.0675984 0.0730101 0.0735533 0.643547
1 0.979818 0.435804 0.0401525 0.071011 0.642632
1 0.371718 0.332153 0.0706826 0.0707898 0.642311
1 0.31975 0.220605 0.0730568 0.0732903 0.642153
1 0.226339 0.344898 0.0715098 0.0728091 0.639754
2 0.193243 0.758486 0.0728892 0.0728144 0.639384
2 0.966422 0.801094 0.0661856 0.0699703 0.639019
2 0.867032 0.312463 0.0720367 0.0717984 0.635029
1 0.706934 0.965789 0.071491 0.0669958 0.634063
0 0.843851 0.514134 0.0725687 0.0714493 0.631522
2 0.0528938 0.76738 0.0766347 0.0758919 0.629769
1 0.631608 0.359963 0.07058 0.0701497 0.629531
1 0.98362 0.912522 0.0327609 0.0681278 0.629258
1 0.441674 0.337905 0.0718264 0.0714393 0.628857
1 0.623606 0.314279 0.0700752 0.0693341 0.625125
1 0.632894 0.0138719 0.0689894 0.0277438 0.623087
1 0.311766 0.362307 0.0739649 0.0732818 0.622408
1 0.557524 0.0348253 0.0710587 0.0669482 0.621313
1 0.807665 0.361203 0.0712416 0.0708789 0.620181
1 0.226432 0.410996 0.0722092 0.0718988 0.617343
2 0.812236 0.0941558 0.0710865 0.0716967 0.616016
2 0.913099 0.342653 0.0716343 0.0715569 0.615921
2 0.722338 0.0718796 0.0722443 0.0721638 0.614773
1 0.218471 0.195391 0.0738117 0.0743802 0.613065
1 0.612812 0.953299 0.0691551 0.0705597 0.611366
2 0.779649 0.45594 0.0716484 0.0720857 0.611051
1 0.662741 0.592449 0.0703054 0.0712087 0.607714
0 0.872629 0.780626 0.0714451 0.0718801 0.606544
2 0.274553 0.0288338 0.0702226 0.0575292 0.604379
1 0.846115 0.387558 0.0712944 0.0713528 0.604151
2 0.586178 0.981546 0.0708364 0.036908 0.603616
1 0.463405 0.0325881 0.0689116 0.0640085 0.603107
1 0.608901 0.373289 0.0691553 0.0693477 0.599885
2 0.869051 0.137389 0.0714966 0.0712536 0.597838
1 0.433886 0.221328 0.0739238 0.074056 0.593192
2 0.979631 0.110211 0.0407372 0.0720584 0.589647
0 0.869225 0.266804 0.07146 0.0714453 0.5894
2 0.489732 0.175047 0.0713479 0.0723362 0.589262
2 0.0987507 0.452331 0.0736767 0.0742547 0.58785
0 0.949139 0.270195 0.0684402 0.068891 0.587764
1 0.931819 0.49077 0.0723587 0.0714737 0.586291
2 0.204686 0.685488 0.073394 0.0730492 0.581281
1 0.505259 0.738599 0.0709654 0.0706863 0.581078
2 0.887083 0.767831 0.0700657 0.070313 0.577514
2 0.197988 0.744679 0.0734388 0.0743336 0.575081
0 0.324275 0.175069 0.0722591 0.0718018 0.573394
1 0.378172 0.567362 0.0708383 0.070468 0.572121
2 0.955617 0.434093 0.0708866 0.0721379 0.569709
1 0.273319 0.279358 0.0704716 0.0722506 0.567139
1 0.861643 0.461585 0.0693071 0.0683409 0.566474
2 0.291217 0.224258 0.0740183 0.0728195 0.565732
2 0.321191 0.70227 0.0716989 0.0720013 0.564898
1 0.433289 0.37795 0.0717985 0.0717878 0.562491
1 0.617739 0.0964705 0.0715436 0.0708321 0.561073
1 0.817556 0.26882 0.0706184 0.0708204 0.556259
1 0.682014 0.596609 0.0716453 0.0712522 0.555847
1 0.4738 0.453871 0.0699492 0.071464 0.555646
2 0.0180613 0.968938 0.0361225 0.0621241 0.555037
2 0.149635 0.60414 0.0755306 0.0751251 0.550328
0 0.342469 0.866567 0.0730361 0.0731665 0.545808
2 0.887416 0.0406331 0.0692802 0.0701672 0.543894
2 0.781761 0.759283 0.070445 0.0704665 0.543836
1 0.984266 0.37089 0.0314508 0.0725463 0.53905
1 0.515762 0.515275 0.0691638 0.0699976 0.538391
1 0.75142 0.307492 0.0691877 0.0703127 0.537784
1 0.516283 0.0652697 0.0683744 0.0687249 0.537069
2 0.0655245 0.2385 0.0750773 0.0749335 0.528514
1 0.523506 0.611154 0.0688514 0.0701048 0.524712
2 0.959757 0.964557 0.0689812 0.0674969 0.523102
2 0.971349 0.414909 0.0567978 0.0717498 0.516447
1 0.364115 0.59253 0.0725706 0.0731981 0.515699
1 0.812885 0.229117 0.0704739 0.0699755 0.513242
2 0.98189 0.648591 0.0361633 0.070549 0.512768
2 0.0708317 0.984081 0.0767952 0.0315031 0.505832
1 0.832596 0.892447 0.0703044 0.0706814 0.503319
