0 0.560581 0.773397 0.0720499 0.0724743 0.926106
0 0.0744287 0.305847 0.0734832 0.0737719 0.92582
0 0.668429 0.742937 0.0747859 0.0746216 0.925465
2 0.934563 0.155782 0.0739319 0.0742432 0.925176
2 0.942279 0.169694 0.0748371 0.0743419 0.924087
0 0.237041 0.60984 0.0712852 0.0714801 0.922991
0 0.882674 0.555254 0.0743177 0.0740169 0.922783
2 0.894251 0.129181 0.0729328 0.072044 0.922339
0 0.128054 0.328063 0.074011 0.0739647 0.922159
2 0.918865 0.150121 0.072822 0.0735098 0.921801
2 0.563255 0.280462 0.0704762 0.0715938 0.921416
0 0.0874711 0.583202 0.0725682 0.0727245 0.920726
2 0.241578 0.591791 0.071579 0.0722589 0.920688
0 0.382738 0.207372 0.0716153 0.0714749 0.920604
2 0.163044 0.490693 0.072657 0.0719147 0.920044
0 0.048073 0.911858 0.0734955 0.0736362 0.919772
0 0.0311512 0.449276 0.0623024 0.0723852 0.919272
0 0.0755029 0.517916 0.0715055 0.0719136 0.918948
2 0.913215 0.126 0.0732548 0.0730662 0.918637
0 0.119871 0.60387 0.0731305 0.0729465 0.918613
0 0.0315808 0.809666 0.0631183 0.0749035 0.918537
2 0.0870467 0.538521 0.0718702 0.0715639 0.918477
1 0.815588 0.108853 0.0715282 0.0722313 0.91846
2 0.842775 0.116505 0.0719196 0.0718043 0.918211
2 0.54186 0.0692534 0.0697806 0.0699947 0.917766
0 0.240352 0.624278 0.0720905 0.0705772 0.917629
0 0.0319087 0.775604 0.0638175 0.0741549 0.917359
2 0.920353 0.178877 0.0745981 0.0746524 0.916672
0 0.372871 0.899358 0.0745575 0.0748781 0.916465
0 0.383678 0.409133 0.0722902 0.0718512 0.916131
0 0.70499 0.823046 0.0731622 0.073123 0.916084
1 0.169518 0.893184 0.0737578 0.0741097 0.916072
2 0.0786783 0.287858 0.0738255 0.0734804 0.916005
2 0.868851 0.590808 0.0743881 0.0736681 0.915884
2 0.332563 0.171541 0.0718092 0.0717612 0.915809
2 0.496852 0.827324 0.0717992 0.0717742 0.915515
0 0.251257 0.423729 0.0737776 0.0733725 0.915432
2 0.731156 0.904617 0.0739693 0.0735268 0.914953
0 0.109179 0.428993 0.072253 0.072481 0.914945
1 0.609335 0.186947 0.0714417 0.0713224 0.914854
0 0.0586449 0.622457 0.0735816 0.0739322 0.914234
0 0.0867181 0.807924 0.0740567 0.0745281 0.914204
2 0.691654 0.858842 0.0747785 0.074165 0.91404
0 0.172574 0.283524 0.0732742 0.0734315 0.913789
1 0.367666 0.202895 0.0713415 0.0705374 0.913724
0 0.175025 0.709072 0.0717651 0.0722476 0.913363
0 0.150497 0.413669 0.0732332 0.0723945 0.913228
2 0.910011 0.158441 0.0733845 0.0738257 0.913144
2 0.558767 0.0542186 0.0699075 0.0698703 0.91308
2 0.930135 0.579432 0.075082 0.0744255 0.912973
0 0.165406 0.471827 0.0725238 0.0718101 0.912791
2 0.677844 0.843697 0.0738705 0.0739433 0.912624
2 0.625805 0.629534 0.0748787 0.0739676 0.912176
2 0.852443 0.104682 0.0712978 0.0719207 0.912163
2 0.665465 0.821302 0.0734727 0.0733513 0.912019
2 0.679244 0.760601 0.0741791 0.0730387 0.911884
0 0.186494 0.599206 0.0721044 0.0720141 0.911867
2 0.763038 0.656212 0.0740831 0.0741485 0.91185
0 0.146022 0.717576 0.0723677 0.0726991 0.91178
2 0.413286 0.102165 0.0683026 0.0685921 0.911625
0 0.178441 0.512469 0.071757 0.0713479 0.911515
0 0.0735321 0.0995755 0.0741779 0.0743476 0.911398
0 0.217722 0.510103 0.0724995 0.0719562 0.910858
2 0.301507 0.0598445 0.0701267 0.0699288 0.910833
2 0.528588 0.0668752 0.069245 0.0694016 0.910741
0 0.110832 0.100124 0.0739162 0.0739001 0.910682
0 0.114486 0.0486238 0.0721733 0.072747 0.910501
2 0.879906 0.516445 0.0735243 0.0734138 0.910319
2 0.848593 0.142049 0.0720963 0.0718718 0.910036
2 0.547553 0.555975 0.0739336 0.0741137 0.910031
2 0.513307 0.0729508 0.0689214 0.0692745 0.909995
0 0.514224 0.468708 0.071143 0.071801 0.90989
2 0.583182 0.806465 0.0733246 0.0734354 0.90985
0 0.186249 0.671374 0.0718376 0.0723042 0.90982
2 0.344493 0.112676 0.0710286 0.0701631 0.909438
2 0.149935 0.479764 0.0724959 0.0728205 0.908974
0 0.157511 0.759343 0.0731708 0.0729897 0.908932
2 0.232407 0.678041 0.0720449 0.0724352 0.908705
2 0.484005 0.168189 0.0708429 0.0710829 0.908637
2 0.170569 0.918083 0.0729231 0.0733463 0.908496
2 0.535019 0.0777942 0.0692429 0.0695349 0.9084
0 0.0507212 0.327144 0.0737363 0.0730149 0.908146
0 0.0393729 0.870716 0.0728945 0.0734131 0.908009
2 0.902351 0.570112 0.0748196 0.0750669 0.907999
2 0.704088 0.563245 0.0736738 0.0732795 0.907899
1 0.867733 0.842473 0.0751848 0.0751392 0.90743
2 0.0586236 0.640885 0.0718491 0.0720304 0.90733
0 0.714361 0.534953 0.0738676 0.0733961 0.907313
0 0.0291591 0.587744 0.0582393 0.0728411 0.906809
2 0.422264 0.114735 0.0701544 0.0696183 0.906741
1 0.814692 0.630023 0.0733778 0.0738975 0.906721
2 0.863435 0.205057 0.0725895 0.0727651 0.906685
0 0.255677 0.692066 0.0728176 0.0724754 0.906596
2 0.753202 0.167325 0.0721736 0.0725347 0.906587
0 0.218349 0.555207 0.0721818 0.0716313 0.906378
2 0.763766 0.55737 0.0738152 0.0743767 0.906222
2 0.349716 0.760565 0.0729371 0.0731113 0.906187
0 0.142162 0.573201 0.0731741 0.0732551 0.906111
2 0.726226 0.889421 0.0732174 0.0733002 0.906063
0 0.183819 0.755662 0.073492 0.0733366 0.905935
0 0.168934 0.451099 0.0727668 0.0722682 0.905931
0 0.0811269 0.427959 0.0728299 0.0721545 0.905735
2 0.369119 0.921865 0.0745395 0.0742435 0.905715
2 0.558826 0.108695 0.0703321 0.070291 0.905709
2 0.857126 0.702588 0.0752132 0.075397 0.905571
2 0.81808 0.963251 0.0729503 0.0710421 0.905553
0 0.288396 0.772521 0.072964 0.0728615 0.905021
2 0.118069 0.376522 0.0736007 0.0728345 0.90493
0 0.183756 0.581193 0.0724957 0.0722515 0.904848
2 0.480559 0.438674 0.071108 0.0700788 0.90474
2 0.954644 0.137624 0.075576 0.0748549 0.904695
1 0.899682 0.820136 0.0752399 0.0750244 0.904646
1 0.583951 0.218192 0.0708944 0.0709383 0.904435
2 0.0855835 0.0795405 0.0745246 0.0736274 0.904419
2 0.658646 0.807995 0.0723229 0.0724343 0.904122
1 0.592051 0.419396 0.0727201 0.0725183 0.903975
1 0.924127 0.283726 0.0751904 0.0746394 0.903922
1 0.919834 0.880267 0.075312 0.0758209 0.903906
0 0.952318 0.541021 0.0744516 0.0743853 0.903809
1 0.962566 0.255309 0.0739756 0.0764819 0.903746
2 0.419933 0.460951 0.0699356 0.0692055 0.903572
0 0.7011 0.761745 0.0740051 0.0729575 0.903564
2 0.705244 0.734154 0.0751701 0.0750724 0.903561
2 0.663739 0.5708 0.0746412 0.0747116 0.903477
2 0.284419 0.733895 0.073679 0.0734743 0.903098
2 0.681536 0.601748 0.0739599 0.0737541 0.903086
2 0.411166 0.935573 0.072086 0.0722572 0.903054
0 0.665586 0.664242 0.0743097 0.0746235 0.90301
0 0.0949039 0.672271 0.0736219 0.0735161 0.902996
1 0.925782 0.823672 0.0750557 0.0752619 0.902974
0 0.0749988 0.255478 0.0748809 0.0744616 0.902961
0 0.751432 0.512155 0.0738167 0.0742279 0.902721
2 0.682368 0.147518 0.0721828 0.0719237 0.902663
2 0.261935 0.609226 0.0712006 0.0715982 0.902533
2 0.625682 0.161485 0.0718042 0.0722906 0.902452
2 0.821778 0.939119 0.0729647 0.0733955 0.902406
2 0.461964 0.893217 0.0705406 0.0707718 0.902343
2 0.113052 0.762903 0.0731094 0.0728567 0.902216
2 0.0448559 0.444514 0.0731238 0.0726484 0.902025
1 0.268861 0.231994 0.0747688 0.0741812 0.9019
0 0.212511 0.336564 0.0725902 0.0723735 0.901863
2 0.548659 0.082126 0.0700064 0.0712685 0.901796
0 0.103403 0.522791 0.07291 0.0721319 0.901636
2 0.730541 0.56704 0.0744466 0.0741304 0.901528
1 0.845805 0.85301 0.0746517 0.074794 0.901519
2 0.685555 0.820531 0.0729648 0.0730846 0.901408
0 0.032961 0.472965 0.0659219 0.0722559 0.901198
0 0.0224477 0.636551 0.0448953 0.0733736 0.901192
2 0.49281 0.209642 0.0719693 0.0708561 0.901033
0 0.771554 0.244758 0.0787451 0.0773278 0.900868
2 0.912581 0.113266 0.0724182 0.0728404 0.900851
1 0.720284 0.211137 0.0734101 0.0728946 0.900837
2 0.435994 0.925181 0.071805 0.0714006 0.900708
2 0.180325 0.65966 0.0729434 0.0721807 0.900544
0 0.0885253 0.405473 0.0717915 0.0731245 0.900539
2 0.067097 0.883178 0.0739308 0.0734856 0.900433
2 0.767561 0.929805 0.0731436 0.0734278 0.900376
2 0.540149 0.775791 0.0724674 0.0720768 0.900366
2 0.457842 0.805648 0.0715601 0.0716171 0.90016
2 0.864831 0.485117 0.0752272 0.0750378 0.900076
0 0.101936 0.216973 0.0739955 0.0743638 0.899771
1 0.894086 0.626049 0.0742077 0.0736874 0.899761
1 0.583488 0.103023 0.0702365 0.0696355 0.899741
2 0.27325 0.590957 0.0714272 0.0718021 0.89971
2 0.419052 0.913312 0.0736254 0.0724365 0.899649
2 0.0990997 0.0664698 0.0729059 0.0723221 0.899645
0 0.0328381 0.377476 0.0656762 0.0714925 0.899481
0 0.197728 0.667434 0.0722012 0.0723917 0.899433
2 0.451728 0.507771 0.0694925 0.0694806 0.899407
2 0.254485 0.526882 0.0710895 0.0709459 0.899181
0 0.21253 0.725788 0.0723564 0.0721232 0.898958
2 0.143189 0.498301 0.0715618 0.0717208 0.898941
2 0.377134 0.759667 0.0740398 0.0735069 0.89894
2 0.952035 0.153183 0.0746204 0.0733352 0.89886
2 0.537446 0.185055 0.0703909 0.0705554 0.898782
2 0.779776 0.721114 0.0733816 0.0729832 0.89868
2 0.712895 0.894574 0.0729275 0.0739155 0.898524
0 0.169116 0.692629 0.0729059 0.0729918 0.898436
1 0.816575 0.541358 0.0741751 0.0737549 0.898301
2 0.841035 0.173118 0.0720831 0.0713162 0.898183
2 0.0291846 0.327624 0.0583692 0.0730582 0.898162
0 0.0292895 0.0979776 0.0585789 0.0731706 0.898161
1 0.263618 0.197244 0.07362 0.0736413 0.898116
0 0.0981971 0.495405 0.0714787 0.0717649 0.897969
2 0.307117 0.161823 0.0718122 0.071384 0.897882
2 0.954183 0.59532 0.0744858 0.0739778 0.897825
2 0.544355 0.445973 0.072238 0.0724054 0.897787
0 0.0360456 0.547268 0.0713196 0.0715977 0.897782
2 0.813371 0.970881 0.0712175 0.0582142 0.897732
2 0.488825 0.0828572 0.0693274 0.0696715 0.897715
2 0.2229 0.416823 0.0728531 0.0730696 0.897548
1 0.471775 0.762231 0.0710067 0.0706192 0.897501
1 0.918044 0.782696 0.0748692 0.0743327 0.897331
2 0.504873 0.781684 0.0726472 0.0722731 0.897144
2 0.32607 0.10988 0.069799 0.0701414 0.896941
2 0.527603 0.235052 0.0706567 0.0703457 0.896868
1 0.183983 0.103003 0.0725516 0.0726001 0.896688
2 0.787919 0.755872 0.0750086 0.0747253 0.89667
0 0.473517 0.826706 0.0711769 0.0711271 0.896521
2 0.943809 0.121765 0.07386 0.0739069 0.896359
1 0.409025 0.588094 0.0696896 0.0697845 0.896016
0 0.221356 0.603225 0.0725035 0.0722866 0.895886
1 0.911772 0.904188 0.0765673 0.075959 0.895811
2 0.474304 0.0618484 0.0681918 0.0683478 0.895787
1 0.396679 0.733854 0.0739811 0.0743211 0.895776
0 0.263653 0.55302 0.0719131 0.0716867 0.895457
2 0.071472 0.903802 0.0728791 0.0732983 0.895249
1 0.395599 0.296241 0.0726254 0.0728357 0.895238
2 0.760155 0.577561 0.0732433 0.073224 0.895229
2 0.0994666 0.735412 0.0728647 0.0725498 0.895
1 0.893299 0.428114 0.0756407 0.0750473 0.894858
0 0.116712 0.636661 0.0740344 0.0734425 0.89471
2 0.249556 0.481196 0.0718819 0.0717126 0.89457
2 0.486411 0.230225 0.0706554 0.0716819 0.89439
1 0.61761 0.374343 0.0728029 0.0719763 0.894363
0 0.069891 0.48149 0.0723989 0.0723616 0.894328
0 0.0726436 0.405311 0.0727912 0.0728891 0.894247
1 0.855217 0.808672 0.0753376 0.075025 0.894091
0 0.112363 0.739407 0.0736033 0.0739324 0.894038
0 0.0167395 0.328797 0.033479 0.0724596 0.893935
1 0.799873 0.647751 0.0730816 0.0730241 0.893788
0 0.277746 0.696593 0.0724896 0.0720747 0.893594
2 0.125927 0.125878 0.0730856 0.0733981 0.893467
2 0.69678 0.882336 0.0729532 0.0735287 0.893235
1 0.894924 0.764834 0.0745731 0.0752583 0.892944
1 0.608609 0.241017 0.0725739 0.0726742 0.892675
1 0.810573 0.371186 0.0751204 0.0752776 0.892629
0 0.540937 0.834157 0.0732311 0.0727602 0.892581
2 0.615197 0.595756 0.0747852 0.0742997 0.892397
2 0.536837 0.154643 0.0705709 0.0713357 0.892237
1 0.670027 0.106024 0.0712494 0.0713237 0.891831
1 0.664838 0.0313644 0.0710445 0.062404 0.891829
2 0.830869 0.0851924 0.073259 0.0729704 0.891746
0 0.970619 0.549831 0.0587414 0.0739984 0.891715
2 0.891108 0.197388 0.0723267 0.0723908 0.891302
2 0.941431 0.0560895 0.0726345 0.072674 0.891174
2 0.208992 0.766675 0.0723959 0.0722993 0.8911
2 0.569268 0.581354 0.073333 0.0736438 0.891079
2 0.223105 0.589307 0.0719175 0.0723261 0.891068
0 0.0715528 0.529632 0.0717465 0.0718612 0.891063
2 0.881073 0.106405 0.0728432 0.0724021 0.891047
1 0.402665 0.708704 0.074986 0.0743612 0.890863
0 0.034249 0.356235 0.068498 0.0728455 0.89084
1 0.669147 0.284655 0.0735469 0.0727837 0.89083
2 0.770232 0.6876 0.0733467 0.0731207 0.890674
1 0.807399 0.604162 0.0738235 0.0741716 0.890644
1 0.832885 0.394716 0.0756504 0.0756432 0.890632
2 0.0937825 0.559144 0.0731455 0.0727592 0.89043
2 0.399715 0.534314 0.0688189 0.0697557 0.890409
1 0.381222 0.708905 0.0731799 0.0743084 0.890312
2 0.0764745 0.497694 0.0710654 0.0711773 0.890139
2 0.840592 0.914748 0.0738501 0.0736753 0.890018
2 0.243157 0.88458 0.0732189 0.0721962 0.889905
1 0.891166 0.960001 0.0752274 0.0741957 0.889898
0 0.244117 0.741598 0.0737057 0.0728559 0.889884
0 0.0174063 0.443313 0.0348125 0.0717976 0.889831
2 0.923087 0.209034 0.0743443 0.074909 0.889683
1 0.969077 0.618103 0.0618459 0.0734908 0.889499
2 0.510509 0.218896 0.0702797 0.0711477 0.889478
2 0.470043 0.209691 0.0713966 0.0702737 0.889408
2 0.870825 0.57803 0.0739624 0.0739015 0.889368
2 0.288743 0.0330713 0.0704855 0.0660766 0.88921
0 0.0728732 0.747421 0.073653 0.072711 0.889136
2 0.487168 0.182736 0.0704149 0.071054 0.889078
1 0.437153 0.599188 0.0715109 0.0717831 0.889046
1 0.206819 0.164297 0.072232 0.0721927 0.888967
1 0.783909 0.147671 0.0716671 0.0713553 0.888934
1 0.611731 0.0325626 0.0693846 0.0651252 0.888909
1 0.427924 0.65204 0.0724354 0.0724262 0.888873
2 0.729513 0.648111 0.0739641 0.0737196 0.888834
1 0.0308024 0.201021 0.0616048 0.0710713 0.888828
2 0.222003 0.621722 0.0718502 0.0718105 0.88878
2 0.143178 0.0308503 0.0718364 0.061191 0.888657
2 0.515308 0.0545706 0.0692818 0.0695944 0.888594
1 0.238683 0.173489 0.0736534 0.0734179 0.888593
0 0.270228 0.677529 0.0727189 0.0724152 0.888435
1 0.444555 0.641372 0.0722431 0.0722849 0.888296
2 0.0845705 0.901232 0.0740544 0.0733416 0.888226
2 0.54828 0.17104 0.0706156 0.0706556 0.888222
2 0.643114 0.612536 0.0752241 0.0744656 0.88821
0 0.12747 0.402471 0.0730263 0.0727828 0.887663
2 0.172136 0.172989 0.0733037 0.0733592 0.887527
1 0.616702 0.330452 0.0716743 0.0715542 0.887523
1 0.425061 0.616396 0.0714364 0.0722064 0.887512
2 0.154051 0.916355 0.0734087 0.0734585 0.887411
1 0.670042 0.0697902 0.0721355 0.0720589 0.887096
2 0.922819 0.702983 0.0737509 0.0741486 0.886934
2 0.882788 0.120499 0.0728363 0.0727918 0.886691
2 0.0400291 0.272062 0.0742506 0.0736387 0.886679
1 0.79951 0.299475 0.0741813 0.0743935 0.88656
1 0.360893 0.639303 0.0720129 0.0725691 0.88654
2 0.291123 0.15674 0.0713296 0.0720797 0.886523
2 0.648643 0.57768 0.0747833 0.0747862 0.886514
2 0.610908 0.149877 0.0711691 0.0708557 0.886507
2 0.22006 0.680991 0.0728755 0.0724712 0.88637
2 0.263537 0.578512 0.0708913 0.0712067 0.886227
2 0.367026 0.96998 0.0741039 0.06004 0.886073
1 0.699691 0.270718 0.073167 0.0736466 0.8859
1 0.635586 0.0874652 0.0713758 0.0709128 0.885604
0 0.11674 0.663778 0.0728551 0.0724272 0.885497
2 0.971203 0.658053 0.0569061 0.0743424 0.885414
1 0.478977 0.259305 0.0717337 0.0714508 0.885309
2 0.214819 0.785256 0.0733503 0.0729748 0.884679
0 0.192545 0.551795 0.0726655 0.0718288 0.884245
2 0.51182 0.558436 0.0728014 0.072768 0.88418
2 0.727901 0.97041 0.0727599 0.0591791 0.883998
2 0.293661 0.138734 0.0727201 0.07124 0.883879
1 0.284083 0.479109 0.071871 0.0712156 0.88372
2 0.488849 0.803271 0.0710617 0.0710526 0.88368
2 0.973714 0.675457 0.0516323 0.0745926 0.883631
2 0.549403 0.232341 0.0713034 0.0710445 0.883514
2 0.30132 0.376205 0.0715269 0.0710181 0.883267
0 0.419146 0.528886 0.070209 0.0699354 0.883185
0 0.893005 0.531948 0.0737574 0.0729345 0.883174
0 0.0244899 0.617955 0.0489798 0.0739342 0.88304
0 0.336555 0.320463 0.0706221 0.07179 0.882755
2 0.456445 0.449825 0.0708703 0.0698347 0.882673
2 0.560573 0.73052 0.0736336 0.0733458 0.882512
1 0.853889 0.0653308 0.072216 0.0725905 0.882195
2 0.711622 0.650527 0.0736597 0.0737803 0.8821
2 0.323491 0.716148 0.0732862 0.0737334 0.881469
0 0.390009 0.77104 0.0739559 0.0743275 0.881459
1 0.571656 0.173689 0.0718932 0.0714923 0.881348
1 0.596156 0.876129 0.0727808 0.0725342 0.881232
1 0.442504 0.66694 0.0729931 0.0727936 0.881209
2 0.835361 0.704319 0.0745934 0.0749641 0.880683
2 0.0332611 0.833761 0.0665222 0.0746262 0.880452
1 0.592692 0.038016 0.0704088 0.0707379 0.880244
0 0.243228 0.57351 0.0716839 0.0710093 0.880146
1 0.356655 0.697744 0.0748276 0.0749651 0.879878
2 0.747355 0.917653 0.0727243 0.0731932 0.879803
2 0.597448 0.396311 0.071953 0.0723055 0.879562
1 0.369917 0.28457 0.0732313 0.0725748 0.879541
1 0.427154 0.69869 0.0726883 0.0728642 0.87945
1 0.179613 0.131785 0.0731866 0.0735935 0.879364
2 0.851271 0.524714 0.0749317 0.0742336 0.879268
2 0.554602 0.508293 0.0758614 0.0759602 0.879048
1 0.614161 0.884133 0.0739249 0.0735805 0.878714
2 0.873221 0.0975006 0.0718727 0.0716315 0.878481
2 0.403471 0.192264 0.0702095 0.0696419 0.87823
0 0.92146 0.501517 0.0749702 0.0743754 0.877899
1 0.940326 0.294472 0.0765881 0.0759847 0.87763
1 0.351862 0.224242 0.0715742 0.0717209 0.877558
1 0.244051 0.808606 0.0730591 0.0720049 0.876988
2 0.108599 0.354754 0.0730342 0.0733842 0.876677
0 0.056079 0.314234 0.0738999 0.0735602 0.876557
1 0.569751 0.334729 0.0725592 0.0715498 0.876383
2 0.514703 0.831157 0.0718421 0.0727169 0.87634
1 0.824428 0.819524 0.0745916 0.0749817 0.876181
2 0.953856 0.481243 0.0760914 0.0756641 0.876123
1 0.870066 0.958275 0.0750484 0.074859 0.875998
0 0.171885 0.561731 0.0726279 0.0724427 0.875717
2 0.855736 0.189533 0.072937 0.0717641 0.875686
0 0.144535 0.591657 0.0733312 0.0731236 0.875114
2 0.697323 0.684117 0.0743799 0.0748777 0.875005
2 0.488239 0.6702 0.0721378 0.072966 0.874811
2 0.424042 0.473497 0.0685678 0.068372 0.874799
1 0.544951 0.969215 0.0731228 0.0615692 0.874724
0 0.0975297 0.638882 0.0732673 0.0731314 0.874562
1 0.841302 0.966237 0.073317 0.0675268 0.874425
1 0.34562 0.264687 0.0727164 0.0720105 0.874422
2 0.397026 0.162359 0.0702715 0.0695475 0.873985
2 0.722595 0.862953 0.0749493 0.0758698 0.873562
1 0.643368 0.277054 0.073564 0.0725774 0.873439
2 0.899454 0.12042 0.0716227 0.072963 0.873336
2 0.402486 0.820406 0.0720169 0.071719 0.873192
2 0.582803 0.772697 0.0732826 0.0730665 0.873126
2 0.466163 0.0663836 0.0679571 0.0680416 0.873031
1 0.345949 0.675117 0.0735131 0.0729258 0.871935
2 0.257602 0.96799 0.0747871 0.06402 0.871855
1 0.324544 0.239344 0.0722575 0.0715375 0.871461
2 0.136695 0.843242 0.0747927 0.0747263 0.871441
1 0.642534 0.356117 0.0725198 0.0725926 0.871215
2 0.740196 0.544051 0.0737301 0.0737642 0.871079
0 0.0307582 0.38908 0.0615164 0.068738 0.87055
2 0.957802 0.443506 0.0767839 0.0766667 0.869965
1 0.312885 0.972467 0.0733621 0.0545483 0.869934
2 0.524591 0.450675 0.0718832 0.0717447 0.869933
2 0.769992 0.737808 0.0747784 0.0744808 0.869667
0 0.254644 0.751947 0.0739641 0.0727205 0.869328
0 0.0564995 0.864319 0.0738348 0.0733883 0.869005
2 0.421352 0.0949938 0.0689729 0.0690093 0.868141
2 0.534933 0.458688 0.0729902 0.0729399 0.866841
0 0.0311509 0.402504 0.0623018 0.0725326 0.866689
1 0.668976 0.124701 0.071569 0.0705285 0.866641
1 0.192272 0.900949 0.073556 0.0736855 0.86655
1 0.921469 0.968877 0.0749203 0.0620127 0.866509
1 0.650269 0.0370363 0.0715626 0.0706697 0.866092
2 0.289992 0.605787 0.0712103 0.0724059 0.866054
0 0.0550371 0.778641 0.0749884 0.0749782 0.865944
2 0.904913 0.0818651 0.072757 0.0722688 0.865739
1 0.163359 0.868729 0.073796 0.0739912 0.865457
2 0.325865 0.839945 0.0735265 0.0736732 0.865333
2 0.806988 0.718163 0.0739733 0.0737001 0.865318
0 0.197397 0.533749 0.0727873 0.0721092 0.865231
1 0.63255 0.041395 0.0711166 0.0701888 0.865054
2 0.0675817 0.717584 0.0739267 0.0736952 0.864429
2 0.466098 0.0403302 0.0684231 0.0678355 0.864156
2 0.505316 0.512862 0.0710038 0.0708109 0.863631
2 0.967451 0.470371 0.0650981 0.0761532 0.8627
2 0.516579 0.184824 0.0709494 0.0705976 0.862611
2 0.611307 0.117694 0.0703792 0.0703877 0.862514
1 0.794231 0.0267683 0.0738006 0.0530032 0.8625
1 0.459154 0.688334 0.0716572 0.0714945 0.86205
2 0.752107 0.931135 0.0722602 0.0726929 0.861985
1 0.51686 0.745192 0.0721106 0.0722506 0.861576
2 0.536561 0.632193 0.07323 0.0732739 0.861151
0 0.0637655 0.0217627 0.0729315 0.0425279 0.861052
0 0.0210935 0.515724 0.0421869 0.0718584 0.860774
2 0.869639 0.931484 0.0741035 0.073768 0.860753
1 0.800985 0.402958 0.07418 0.0746355 0.860672
1 0.586838 0.465905 0.0740554 0.0739717 0.860109
2 0.682055 0.663609 0.0743216 0.0746163 0.859992
2 0.268805 0.623137 0.072007 0.0712533 0.859456
1 0.297956 0.861589 0.0730689 0.0724068 0.859368
1 0.62212 0.422962 0.0718071 0.0716577 0.859025
1 0.324096 0.500345 0.0707316 0.0707066 0.859023
2 0.749864 0.622632 0.0729851 0.073308 0.858876
0 0.0230896 0.261906 0.0459374 0.0723322 0.858818
1 0.792467 0.0505352 0.0734245 0.0731009 0.858604
2 0.157978 0.555814 0.072577 0.0725882 0.858155
2 0.735761 0.670028 0.074369 0.0745384 0.858076
0 0.0503626 0.386109 0.0717092 0.0710796 0.856763
1 0.154823 0.970222 0.0730503 0.0593468 0.85653
2 0.524586 0.111879 0.0687806 0.0689447 0.85646
2 0.551697 0.464033 0.0728655 0.0726508 0.856318
2 0.310919 0.299019 0.0725095 0.0721917 0.855744
0 0.240601 0.365272 0.0724486 0.0718274 0.855246
2 0.28684 0.0461795 0.0706512 0.0711806 0.854546
2 0.556628 0.140642 0.0704518 0.0703434 0.853998
0 0.0719553 0.46292 0.0715652 0.0714519 0.853775
1 0.424419 0.633575 0.0706968 0.071921 0.85369
1 0.899115 0.851862 0.0743208 0.0742842 0.853518
0 0.0372082 0.0249065 0.072969 0.049813 0.853306
2 0.919605 0.663621 0.0738747 0.0732798 0.853301
2 0.804641 0.225737 0.0733545 0.0730858 0.85308
1 0.329603 0.21271 0.0723609 0.0717029 0.852502
2 0.832929 0.1053 0.072411 0.0724769 0.852012
2 0.528354 0.606294 0.0739401 0.0736573 0.851881
2 0.0181317 0.66345 0.0362634 0.0747324 0.851658
1 0.356447 0.657247 0.0731736 0.0727699 0.851655
1 0.116625 0.928869 0.073442 0.0736711 0.851347
0 0.257345 0.638121 0.0719974 0.0713856 0.85115
2 0.231616 0.475196 0.0726185 0.0715359 0.850387
0 0.0166658 0.363861 0.0332574 0.0717894 0.850328
2 0.965487 0.812864 0.0690264 0.0744328 0.850017
1 0.171899 0.968726 0.0725142 0.062549 0.849852
2 0.486194 0.65047 0.0724321 0.0727099 0.849777
1 0.561744 0.358071 0.0712353 0.0712048 0.849588
2 0.729862 0.956248 0.07402 0.0730816 0.849088
1 0.825981 0.427051 0.076124 0.0758049 0.848922
1 0.817173 0.244938 0.0734808 0.0736557 0.848812
2 0.964751 0.108835 0.0698395 0.0731105 0.848775
0 0.0566093 0.680029 0.0744723 0.0742243 0.848084
1 0.914128 0.303713 0.0743141 0.0739723 0.8477
1 0.40968 0.39239 0.0722108 0.0725109 0.846656
2 0.75538 0.567038 0.073955 0.0739569 0.846653
1 0.797075 0.326629 0.0743134 0.0747014 0.846454
2 0.387866 0.629795 0.0723517 0.0725969 0.846258
1 0.822169 0.79631 0.0747973 0.0748173 0.84622
2 0.707546 0.659965 0.0730425 0.073077 0.846111
2 0.176487 0.14669 0.0738997 0.0734636 0.84539
2 0.45664 0.0515701 0.0685366 0.0676068 0.844924
2 0.476091 0.423509 0.0706169 0.0715739 0.844643
0 0.0368532 0.559378 0.0704401 0.0715661 0.844582
1 0.231858 0.146268 0.0737286 0.0732158 0.843892
2 0.608657 0.69278 0.0739975 0.0739807 0.843753
1 0.969162 0.0648295 0.0616751 0.0682621 0.843157
1 0.222974 0.0544679 0.0708885 0.0712984 0.842832
2 0.798755 0.482153 0.0743567 0.0746927 0.841907
2 0.705757 0.61566 0.0745594 0.0736069 0.840502
1 0.862599 0.968035 0.0724609 0.0639304 0.837881
2 0.407401 0.050604 0.0708792 0.0698675 0.837798
2 0.292738 0.980457 0.0749611 0.0390207 0.837508
1 0.350648 0.523584 0.0701138 0.0701657 0.83732
2 0.644597 0.141877 0.0710962 0.0704827 0.837163
1 0.240906 0.0667264 0.0713461 0.0708259 0.837077
2 0.208163 0.579954 0.0719843 0.0725264 0.836894
1 0.71757 0.33269 0.0732765 0.0731922 0.836283
1 0.941322 0.873064 0.0753313 0.0753342 0.836228
2 0.965045 0.483315 0.0699106 0.0760115 0.835627
1 0.882018 0.046917 0.0730171 0.0717256 0.835526
2 0.269565 0.980863 0.0730561 0.0382736 0.834953
2 0.204436 0.801359 0.073368 0.0720982 0.834787
2 0.336037 0.101632 0.0697764 0.0695719 0.834739
2 0.686443 0.650492 0.0724353 0.0721762 0.834059
0 0.144966 0.760346 0.0739297 0.073262 0.833777
0 0.0449837 0.9404 0.0720181 0.0718708 0.833134
2 0.279675 0.294175 0.0744915 0.074503 0.832769
0 0.0589501 0.828533 0.0727052 0.0734051 0.832546
2 0.137421 0.908801 0.0734767 0.0733982 0.832322
1 0.944194 0.974243 0.0758991 0.0513708 0.832205
0 0.0899725 0.860894 0.0757922 0.0751062 0.831501
1 0.646729 0.017767 0.0693846 0.0355339 0.830764
2 0.124111 0.738136 0.0734454 0.0737265 0.830538
2 0.549728 0.480622 0.0736198 0.0733934 0.829713
2 0.760752 0.972985 0.0711102 0.0540308 0.829457
1 0.622987 0.28954 0.0706457 0.0708543 0.82937
0 0.351327 0.463031 0.0684958 0.0678807 0.82927
2 0.251624 0.719217 0.0721861 0.0719369 0.829071
1 0.632867 0.0281623 0.0704212 0.0561663 0.828445
1 0.351536 0.408082 0.0706576 0.0707845 0.828404
2 0.899689 0.499182 0.0740646 0.0742764 0.827706
2 0.865915 0.155958 0.0716454 0.072437 0.827275
0 0.02242 0.795946 0.0447598 0.0747236 0.827035
2 0.48726 0.531718 0.0707458 0.071825 0.8258
2 0.836251 0.606083 0.0738377 0.0743354 0.824081
2 0.0497446 0.928175 0.0732457 0.0731453 0.823789
2 0.40733 0.865262 0.0714691 0.0714027 0.822967
2 0.662112 0.160682 0.0724773 0.0722685 0.821902
0 0.736631 0.514589 0.0728313 0.0738901 0.82046
2 0.482043 0.512981 0.0714245 0.0709742 0.820286
2 0.171224 0.500173 0.0719406 0.0714621 0.819996
2 0.956162 0.21009 0.0732149 0.0730721 0.818528
2 0.207006 0.635586 0.073347 0.0711643 0.818494
2 0.500939 0.235992 0.0708089 0.0700705 0.818208
0 0.127973 0.344873 0.0727293 0.072369 0.817579
0 0.0498293 0.56516 0.0714234 0.0710731 0.817553
2 0.975144 0.896039 0.0492599 0.0716713 0.817318
1 0.336592 0.640977 0.0709981 0.0705568 0.816923
2 0.930217 0.0814983 0.0733551 0.073203 0.816919
2 0.844182 0.156726 0.0725094 0.0716297 0.816669
2 0.529651 0.172618 0.0712791 0.0708128 0.816502
1 0.499794 0.0313023 0.0685035 0.0625068 0.816381
2 0.51024 0.119507 0.0687773 0.0690278 0.816237
1 0.44017 0.527707 0.0695873 0.0702014 0.816014
2 0.231534 0.528114 0.0719711 0.0717671 0.815611
1 0.89252 0.28548 0.0742298 0.0742984 0.814168
2 0.771308 0.764079 0.0745688 0.0743093 0.813539
2 0.577429 0.524121 0.074085 0.0738681 0.812221
1 0.627915 0.787218 0.0729228 0.07256 0.811718
2 0.0420161 0.980369 0.0732205 0.0392624 0.810679
2 0.825895 0.905225 0.0741573 0.074353 0.810394
2 0.133325 0.675807 0.0736341 0.0722662 0.808917
2 0.467001 0.441868 0.0709749 0.0703416 0.808917
1 0.969195 0.233021 0.0612343 0.0758277 0.808696
2 0.103308 0.465097 0.0726194 0.072348 0.80834
1 0.630709 0.934615 0.0743951 0.0742149 0.807008
2 0.949002 0.191222 0.0757828 0.0755006 0.806069
2 0.073052 0.851054 0.0748045 0.0741104 0.80546
2 0.591888 0.380196 0.0722628 0.0724995 0.805
1 0.864942 0.885565 0.0742691 0.0746727 0.804588
2 0.61937 0.973736 0.0752114 0.0525282 0.804216
2 0.260156 0.0324164 0.0697751 0.0641582 0.80413
2 0.0814082 0.792154 0.0741782 0.074634 0.803917
1 0.138423 0.954307 0.0727316 0.0720776 0.803859
2 0.957537 0.0558448 0.0728302 0.0728358 0.803753
0 0.118035 0.624819 0.073677 0.07213 0.803721
2 0.231373 0.541931 0.0722299 0.0715918 0.803577
1 0.587906 0.237625 0.0715059 0.071592 0.80314
2 0.389317 0.615869 0.0719992 0.071277 0.80291
2 0.707514 0.118488 0.0710293 0.0717252 0.799845
0 0.191129 0.612178 0.0723916 0.0718287 0.799517
2 0.855775 0.126863 0.0729841 0.071519 0.798915
2 0.362971 0.0224027 0.0695607 0.0448053 0.798817
2 0.224565 0.721131 0.0711559 0.0720724 0.798213
2 0.937206 0.445727 0.0773964 0.0765551 0.798036
2 0.112279 0.556647 0.0728203 0.0726948 0.797833
1 0.612315 0.083412 0.0699688 0.0712047 0.79672
2 0.0982034 0.705059 0.0726624 0.0734972 0.796407
2 0.528991 0.214266 0.0714005 0.0708982 0.796389
2 0.766322 0.775146 0.0747229 0.0748014 0.796071
1 0.167738 0.312268 0.073145 0.0724538 0.79567
0 0.286607 0.62318 0.0719869 0.0726089 0.793349
1 0.818054 0.444847 0.074469 0.0743176 0.792905
1 0.970586 0.971591 0.0578865 0.0568172 0.791881
2 0.899087 0.0984767 0.0715446 0.0716961 0.791761
2 0.0173514 0.115093 0.0347028 0.0717744 0.791539
2 0.442673 0.237334 0.0720037 0.0717731 0.791382
2 0.0169437 0.763486 0.0338874 0.0688751 0.790875
1 0.284691 0.820466 0.0717563 0.0730838 0.788557
2 0.909056 0.410862 0.0751896 0.0751816 0.786569
2 0.269441 0.769363 0.0719842 0.072306 0.785035
1 0.976995 0.957718 0.0460099 0.0746378 0.784404
2 0.53395 0.277854 0.0707166 0.07049 0.784186
0 0.0235942 0.382326 0.0471885 0.0718233 0.783432
0 0.12863 0.19841 0.0740417 0.0740864 0.78207
2 0.0291291 0.0174197 0.0566214 0.0348394 0.781702
1 0.422471 0.367726 0.0710183 0.0717841 0.781663
1 0.596151 0.928601 0.0730864 0.072909 0.780359
1 0.415132 0.721186 0.0709879 0.0731659 0.77876
2 0.344397 0.298691 0.0723452 0.071559 0.778258
1 0.593867 0.441872 0.0737623 0.0729567 0.778113
2 0.430264 0.758169 0.072804 0.0725414 0.77768
2 0.872224 0.542416 0.0728485 0.0738922 0.777499
2 0.823752 0.180327 0.070825 0.0720769 0.776435
1 0.126537 0.0169851 0.0693764 0.0339701 0.77627
2 0.449126 0.0415569 0.0686058 0.067391 0.775898
2 0.369054 0.486802 0.0675706 0.0668104 0.77525
2 0.361974 0.945851 0.0738939 0.0736883 0.774055
0 0.211803 0.450502 0.0724386 0.071927 0.773061
2 0.186264 0.259234 0.0742098 0.0744902 0.77157
0 0.230961 0.690211 0.0715513 0.0711786 0.770969
1 0.395518 0.2416 0.0710353 0.0710717 0.770558
0 0.0267647 0.341524 0.0535293 0.0714662 0.770154
2 0.0273141 0.89833 0.0546282 0.072584 0.769465
2 0.119614 0.44263 0.0725705 0.0718584 0.769113
0 0.0306325 0.875037 0.0612649 0.0716398 0.769101
2 0.444998 0.0305353 0.0692656 0.0609122 0.767447
1 0.948943 0.0208419 0.071925 0.0416838 0.767263
2 0.440993 0.122247 0.0690928 0.0695359 0.766583
0 0.0323577 0.681286 0.0647155 0.0744681 0.766256
2 0.711692 0.945259 0.072125 0.07202 0.765068
1 0.824392 0.0586978 0.072006 0.0723583 0.76478
2 0.126964 0.696805 0.0723604 0.0730791 0.763377
2 0.90686 0.235423 0.0737 0.0732106 0.762842
0 0.046453 0.397426 0.0730337 0.0722283 0.762789
2 0.865149 0.728855 0.0743401 0.0747379 0.762775
2 0.121189 0.83079 0.0753039 0.0753172 0.762435
2 0.749723 0.85745 0.0750923 0.0747524 0.761613
2 0.54513 0.119363 0.0713845 0.0707908 0.761336
2 0.42318 0.969875 0.0704672 0.0602509 0.761037
2 0.172047 0.615994 0.0731275 0.0729553 0.760432
0 0.158164 0.53723 0.0727265 0.0728514 0.759026
2 0.0202079 0.969787 0.0403871 0.0604261 0.758544
2 0.0865951 0.970285 0.0716331 0.059223 0.758289
1 0.979954 0.232428 0.039745 0.0777539 0.757572
2 0.305761 0.693226 0.0729472 0.0732049 0.757377
2 0.0214464 0.529986 0.0428928 0.070673 0.756058
2 0.720508 0.548342 0.0738697 0.0731709 0.755931
1 0.55547 0.854738 0.0736628 0.0729542 0.755887
1 0.975392 0.728767 0.0491549 0.0701684 0.755586
2 0.202521 0.594603 0.0725097 0.0732918 0.755221
2 0.422178 0.847556 0.0720417 0.0717903 0.754821
0 0.243443 0.653057 0.0724805 0.072268 0.754129
1 0.982218 0.13117 0.0355645 0.0737166 0.753573
2 0.245867 0.285622 0.075048 0.0751446 0.752972
1 0.96882 0.790347 0.0620003 0.0741229 0.752554
2 0.856558 0.283953 0.0734533 0.0734469 0.751388
2 0.244512 0.270048 0.0746434 0.0742798 0.751331
2 0.579065 0.0359324 0.0702658 0.0690364 0.750739
2 0.93872 0.659555 0.0722507 0.0728312 0.7506
2 0.215811 0.192117 0.0726219 0.0728087 0.749987
2 0.376675 0.433299 0.0702642 0.0704631 0.749547
1 0.435449 0.403956 0.0718396 0.0715624 0.748832
1 0.889364 0.723804 0.0728748 0.0736186 0.747873
2 0.117978 0.0349292 0.0727902 0.068705 0.747564
2 0.833552 0.320432 0.0747128 0.0744157 0.746427
0 0.143116 0.82165 0.0751083 0.0742874 0.746317
2 0.978674 0.887074 0.0426529 0.0763557 0.744676
0 0.035822 0.42217 0.0700718 0.0721172 0.744049
1 0.828947 0.871052 0.0750614 0.0744347 0.743514
2 0.483227 0.698721 0.0722865 0.0724519 0.741229
1 0.0399944 0.153026 0.0735086 0.0732655 0.740648
2 0.746192 0.118529 0.071891 0.0720789 0.740192
1 0.758518 0.0315004 0.0735968 0.0629793 0.739162
1 0.50018 0.268388 0.0708958 0.0701076 0.738641
1 0.469957 0.292152 0.0716427 0.0706043 0.73818
2 0.821978 0.330233 0.0744099 0.0745292 0.737448
2 0.284834 0.337738 0.0730331 0.073061 0.73739
2 0.0172029 0.860135 0.0344057 0.0728241 0.737074
2 0.71691 0.907916 0.0729986 0.0727478 0.735796
1 0.611669 0.0959255 0.0691648 0.0703323 0.734042
2 0.593982 0.365915 0.0723211 0.0720399 0.7329
2 0.636801 0.173652 0.0709433 0.0720317 0.73247
0 0.141703 0.545113 0.0721844 0.0722715 0.730678
2 0.761671 0.700337 0.0744837 0.0756363 0.73039
2 0.797655 0.200075 0.0721823 0.0720415 0.729176
2 0.941524 0.672134 0.0733191 0.0729994 0.729077
1 0.364989 0.395717 0.0704476 0.0707389 0.728409
2 0.545177 0.0971445 0.0708399 0.0707231 0.724725
2 0.149336 0.0553588 0.0719669 0.0722474 0.722535
2 0.570934 0.670145 0.0735697 0.0750668 0.722304
1 0.493866 0.304206 0.0719839 0.0718584 0.721249
2 0.980035 0.193624 0.0395266 0.0710007 0.712251
0 0.0577206 0.201402 0.0738441 0.0735607 0.711664
2 0.923551 0.409037 0.0748642 0.0748787 0.71142
1 0.286244 0.0887518 0.0705151 0.0703674 0.710861
2 0.464101 0.849223 0.0693085 0.0695278 0.710151
1 0.725296 0.453485 0.073098 0.0729972 0.709647
2 0.48264 0.546145 0.0699614 0.0699409 0.709293
1 0.0332535 0.188773 0.066507 0.0730947 0.709214
1 0.58935 0.498702 0.0744558 0.0741947 0.705665
2 0.0238632 0.0442465 0.0476741 0.0723829 0.705308
2 0.14392 0.388797 0.0726099 0.0713119 0.704217
1 0.794155 0.610945 0.0728842 0.0733311 0.703305
2 0.934411 0.546987 0.0746941 0.0745346 0.702026
2 0.770576 0.18509 0.0716202 0.0709026 0.70014
2 0.165174 0.0793048 0.071842 0.0726527 0.700123
2 0.91026 0.193682 0.0726166 0.0734521 0.69889
1 0.900989 0.982293 0.073518 0.0353897 0.698185
2 0.738571 0.228029 0.0762953 0.0755651 0.697972
0 0.92409 0.485597 0.0755978 0.0753923 0.697904
2 0.51182 0.370963 0.0700983 0.0705799 0.697728
2 0.408126 0.838519 0.0713803 0.0711384 0.697415
2 0.577771 0.140527 0.0699219 0.0695594 0.697125
2 0.6064 0.960557 0.075448 0.0742178 0.693066
1 0.789736 0.1829 0.0709205 0.0716236 0.692153
0 0.0598649 0.572138 0.0714699 0.0714037 0.692046
2 0.31506 0.138305 0.0696503 0.0694939 0.690628
2 0.155407 0.118079 0.0720566 0.0718588 0.690161
2 0.930867 0.748465 0.0730999 0.0713659 0.690102
2 0.340281 0.953521 0.0733476 0.0735367 0.689873
0 0.0641812 0.379378 0.0728405 0.0731118 0.689674
1 0.779325 0.0164637 0.0733683 0.0329274 0.68959
2 0.0840964 0.209436 0.073713 0.0740911 0.689056
2 0.883212 0.249363 0.0734606 0.0730009 0.688813
1 0.977911 0.0533385 0.0441783 0.0683317 0.686629
1 0.470718 0.970735 0.0716202 0.0582329 0.685866
2 0.370644 0.4136 0.0706068 0.0709177 0.68546
2 0.0982774 0.141989 0.0737178 0.0742049 0.684236
2 0.625535 0.541873 0.0747592 0.0746885 0.683927
2 0.588819 0.615961 0.0752382 0.0748871 0.682445
1 0.51077 0.894856 0.071548 0.0716988 0.681952
1 0.653866 0.306323 0.0723214 0.0720257 0.680867
2 0.853479 0.743929 0.0732399 0.0731302 0.680359
1 0.764722 0.436214 0.0729924 0.0727961 0.680191
1 0.852328 0.978027 0.072455 0.0439457 0.679444
1 0.40124 0.41307 0.0703936 0.0708514 0.677299
2 0.45862 0.418233 0.0723181 0.0718735 0.676897
0 0.0314629 0.753637 0.0629258 0.0745346 0.672242
1 0.704 0.240129 0.0733653 0.0738979 0.672044
1 0.138386 0.978365 0.0709321 0.0432694 0.670813
1 0.878551 0.706237 0.0741642 0.0748511 0.669761
1 0.337686 0.663707 0.0728915 0.0726339 0.668786
2 0.0239067 0.724337 0.0476274 0.0741019 0.66872
2 0.110109 0.697074 0.072147 0.072399 0.668428
2 0.3344 0.761777 0.0723171 0.0725493 0.666207
2 0.682266 0.0276335 0.0721197 0.055267 0.664951
2 0.406775 0.518985 0.0680754 0.0679355 0.664392
2 0.559508 0.585224 0.0727781 0.0737157 0.663981
2 0.710831 0.144461 0.0711954 0.0721124 0.663695
1 0.740406 0.789634 0.0737521 0.0738872 0.662121
0 0.175551 0.802086 0.0732239 0.0730598 0.659786
1 0.621009 0.859872 0.0726623 0.0720213 0.659294
1 0.969587 0.0303137 0.0606724 0.0606273 0.659063
2 0.551725 0.90356 0.0709068 0.0720936 0.657251
2 0.446394 0.473509 0.0690559 0.0689981 0.656575
1 0.446758 0.731803 0.0723944 0.0718792 0.656549
1 0.398202 0.972178 0.072153 0.0555717 0.655371
1 0.738281 0.0179227 0.072902 0.0358454 0.655362
1 0.64641 0.966117 0.0725831 0.0674572 0.648534
1 0.727389 0.114732 0.0714581 0.0714308 0.64839
1 0.76032 0.805468 0.0760099 0.0755474 0.647517
1 0.64637 0.208228 0.0708122 0.071384 0.646959
1 0.481267 0.737505 0.0721843 0.070969 0.645904
2 0.0272021 0.925434 0.0544043 0.0715609 0.641727
0 0.284415 0.663033 0.073291 0.071872 0.637744
1 0.854426 0.782603 0.0731922 0.0733156 0.637715
0 0.089911 0.602651 0.0735023 0.0730179 0.637625
2 0.0613661 0.594302 0.0721583 0.0735723 0.633044
2 0.743326 0.364923 0.0725812 0.0717002 0.631019
2 0.677652 0.674016 0.0737368 0.0734744 0.630672
1 0.0246944 0.654737 0.0491983 0.0735893 0.629849
2 0.175548 0.027606 0.0706286 0.0550899 0.628814
2 0.355626 0.107167 0.0695916 0.0693044 0.62726
2 0.686126 0.137864 0.0708204 0.0704756 0.625655
2 0.212495 0.0243636 0.070547 0.0487273 0.624685
1 0.983503 0.610331 0.0329935 0.0733138 0.622059
2 0.155693 0.839392 0.0734398 0.072353 0.621599
2 0.56799 0.870538 0.0731579 0.072506 0.62023
1 0.408527 0.672414 0.0707297 0.0724318 0.619477
0 0.0209819 0.212997 0.0419637 0.0680434 0.618978
1 0.608593 0.228668 0.0715942 0.0717546 0.617768
1 0.614705 0.916857 0.0735095 0.0738426 0.617464
2 0.38611 0.851671 0.072563 0.0722862 0.616774
1 0.494356 0.899952 0.0712542 0.0712151 0.616308
1 0.983927 0.0327017 0.0319126 0.0628838 0.61591
1 0.561748 0.389818 0.071346 0.0709557 0.614452
2 0.745628 0.898413 0.0731858 0.0730629 0.613166
1 0.713993 0.0756837 0.0710424 0.0711452 0.612292
2 0.230792 0.69083 0.0726461 0.072061 0.610699
2 0.348961 0.444609 0.069962 0.0695909 0.609322
2 0.127566 0.773181 0.0745008 0.0742237 0.604902
1 0.436296 0.0524747 0.0679976 0.0678986 0.604613
2 0.837178 0.187093 0.0718937 0.0722493 0.604016
1 0.685079 0.251321 0.0731124 0.0731928 0.599551
2 0.158097 0.0357943 0.0713546 0.0689087 0.59654
2 0.303445 0.334576 0.0714968 0.0712804 0.595448
1 0.390282 0.916286 0.0738276 0.0738377 0.592599
1 0.897295 0.252358 0.0732922 0.0737828 0.592246
2 0.678679 0.585996 0.0741076 0.0734684 0.590701
2 0.303417 0.670567 0.0722611 0.0723207 0.588542
0 0.140608 0.532432 0.0725252 0.0733481 0.587407
2 0.431854 0.272373 0.0724172 0.0719528 0.582952
1 0.801058 0.676541 0.0727081 0.0721783 0.578298
1 0.473185 0.593942 0.0705309 0.0710913 0.577497
2 0.136161 0.102315 0.0731614 0.0733065 0.576495
2 0.108977 0.608986 0.0738582 0.0739503 0.575613
1 0.556026 0.944184 0.0740665 0.0738258 0.573913
0 0.783716 0.241976 0.0746912 0.0741055 0.572417
2 0.762086 0.728074 0.0725351 0.0729702 0.570314
2 0.620782 0.809504 0.0731714 0.0724361 0.569823
2 0.485758 0.457528 0.0704636 0.0708088 0.568556
2 0.803318 0.982701 0.073048 0.0342808 0.568314
1 0.812007 0.909144 0.0721197 0.0732307 0.566329
1 0.555351 0.373021 0.0721458 0.071493 0.563078
1 0.406669 0.451401 0.0696436 0.068996 0.562733
0 0.0827996 0.790928 0.0736456 0.0745077 0.562215
1 0.334077 0.760793 0.0734308 0.073233 0.560833
2 0.484857 0.199845 0.071652 0.0705483 0.560349
2 0.100098 0.172536 0.0759421 0.0749783 0.560288
2 0.738612 0.636176 0.0731966 0.0733671 0.555817
1 0.655292 0.717721 0.0736156 0.0737339 0.55527
2 0.551627 0.613921 0.0730707 0.0725955 0.553258
1 0.526122 0.0317914 0.0685758 0.0627358 0.55086
1 0.422332 0.14218 0.0703053 0.0706258 0.548764
1 0.300716 0.742853 0.0738863 0.0744375 0.547682
1 0.52576 0.509604 0.0733764 0.0742628 0.546848
2 0.269297 0.325443 0.0737566 0.0726848 0.540948
2 0.284546 0.662902 0.0719108 0.0721096 0.540657
0 0.0190249 0.539738 0.0380498 0.067008 0.530508
1 0.3707 0.71436 0.0732917 0.0743102 0.529931
0 0.167045 0.312457 0.0732772 0.0729534 0.525765
2 0.881783 0.769195 0.0730686 0.072786 0.52509
2 0.920305 0.238071 0.0747849 0.0747589 0.524205
2 0.201397 0.0202423 0.0689559 0.0404846 0.523483
2 0.656329 0.790867 0.0741213 0.0741097 0.521991
1 0.6817 0.270419 0.0736029 0.0727767 0.520759
1 0.842592 0.218965 0.0727942 0.0721853 0.52023
2 0.964159 0.30582 0.0716812 0.0749995 0.520139
2 0.0581851 0.82881 0.0744754 0.0748062 0.520064
2 0.763605 0.161403 0.0716417 0.0704674 0.518594
1 0.920895 0.0151051 0.0714678 0.0302102 0.518301
1 0.318059 0.525581 0.071809 0.0709813 0.517989
2 0.254719 0.444268 0.0733083 0.0732927 0.517894
2 0.761925 0.313392 0.0732321 0.0728948 0.517403
1 0.355896 0.341729 0.0710359 0.0709807 0.516581
2 0.866814 0.603894 0.0718483 0.0725964 0.51629
2 0.164424 0.208108 0.0804958 0.07939 0.515658
0 0.321565 0.79796 0.0723147 0.0725929 0.511272
2 0.341813 0.419989 0.0700171 0.0704572 0.509991
1 0.4721 0.665738 0.0723152 0.0748339 0.509477
1 0.950965 0.792014 0.0738247 0.0752394 0.508383
2 0.818854 0.728411 0.0732365 0.0714739 0.506744
1 0.814907 0.160185 0.0717194 0.0725767 0.50674
1 0.644302 0.894245 0.0740155 0.0739132 0.506538
2 0.377456 0.380349 0.0700057 0.0709477 0.506188
2 0.568586 0.595807 0.0739838 0.0737532 0.504125
0 0.0594523 0.592087 0.0717941 0.0732773 0.503922
2 0.975076 0.559179 0.0498487 0.0733597 0.503904
2 0.981989 0.332834 0.0359432 0.0765949 0.503786
1 0.516107 0.935877 0.0707469 0.0700123 0.502027
0 0.560581 0.773397 0.0720499 0.0724743 0.926106
0 0.0744287 0.305847 0.0734832 0.0737719 0.92582
0 0.668429 0.742937 0.0747859 0.0746216 0.925465
2 0.934563 0.155782 0.0739319 0.0742432 0.925176
2 0.942279 0.169694 0.0748371 0.0743419 0.924087
0 0.237041 0.60984 0.0712852 0.0714801 0.922991
0 0.882674 0.555254 0.0743177 0.0740169 0.922783
2 0.894251 0.129181 0.0729328 0.072044 0.922339
0 0.128054 0.328063 0.074011 0.0739647 0.922159
2 0.918865 0.150121 0.072822 0.0735098 0.921801
2 0.563255 0.280462 0.0704762 0.0715938 0.921416
0 0.0874711 0.583202 0.0725682 0.0727245 0.920726
2 0.241578 0.591791 0.071579 0.0722589 0.920688
0 0.382738 0.207372 0.0716153 0.0714749 0.920604
2 0.163044 0.490693 0.072657 0.0719147 0.920044
0 0.048073 0.911858 0.0734955 0.0736362 0.919772
0 0.0311512 0.449276 0.0623024 0.0723852 0.919272
0 0.0755029 0.517916 0.0715055 0.0719136 0.918948
2 0.913215 0.126 0.0732548 0.0730662 0.918637
0 0.119871 0.60387 0.0731305 0.0729465 0.918613
0 0.0315808 0.809666 0.0631183 0.0749035 0.918537
2 0.0870467 0.538521 0.0718702 0.0715639 0.918477
1 0.815588 0.108853 0.0715282 0.0722313 0.91846
2 0.842775 0.116505 0.0719196 0.0718043 0.918211
2 0.54186 0.0692534 0.0697806 0.0699947 0.917766
0 0.240352 0.624278 0.0720905 0.0705772 0.917629
0 0.0319087 0.775604 0.0638175 0.0741549 0.917359
2 0.920353 0.178877 0.0745981 0.0746524 0.916672
0 0.372871 0.899358 0.0745575 0.0748781 0.916465
0 0.383678 0.409133 0.0722902 0.0718512 0.916131
0 0.70499 0.823046 0.0731622 0.073123 0.916084
1 0.169518 0.893184 0.0737578 0.0741097 0.916072
2 0.0786783 0.287858 0.0738255 0.0734804 0.916005
2 0.868851 0.590808 0.0743881 0.0736681 0.915884
2 0.332563 0.171541 0.0718092 0.0717612 0.915809
2 0.496852 0.827324 0.0717992 0.0717742 0.915515
0 0.251257 0.423729 0.0737776 0.0733725 0.915432
2 0.731156 0.904617 0.0739693 0.0735268 0.914953
0 0.109179 0.428993 0.072253 0.072481 0.914945
1 0.609335 0.186947 0.0714417 0.0713224 0.914854
0 0.0586449 0.622457 0.0735816 0.0739322 0.914234
0 0.0867181 0.807924 0.0740567 0.0745281 0.914204
2 0.691654 0.858842 0.0747785 0.074165 0.91404
0 0.172574 0.283524 0.0732742 0.0734315 0.913789
1 0.367666 0.202895 0.0713415 0.0705374 0.913724
0 0.175025 0.709072 0.0717651 0.0722476 0.913363
0 0.150497 0.413669 0.0732332 0.0723945 0.913228
2 0.910011 0.158441 0.0733845 0.0738257 0.913144
2 0.558767 0.0542186 0.0699075 0.0698703 0.91308
2 0.930135 0.579432 0.075082 0.0744255 0.912973
0 0.165406 0.471827 0.0725238 0.0718101 0.912791
2 0.677844 0.843697 0.0738705 0.0739433 0.912624
2 0.625805 0.629534 0.0748787 0.0739676 0.912176
2 0.852443 0.104682 0.0712978 0.0719207 0.912163
2 0.665465 0.821302 0.0734727 0.0733513 0.912019
2 0.679244 0.760601 0.0741791 0.0730387 0.911884
0 0.186494 0.599206 0.0721044 0.0720141 0.911867
2 0.763038 0.656212 0.0740831 0.0741485 0.91185
0 0.146022 0.717576 0.0723677 0.0726991 0.91178
2 0.413286 0.102165 0.0683026 0.0685921 0.911625
0 0.178441 0.512469 0.071757 0.0713479 0.911515
0 0.0735321 0.0995755 0.0741779 0.0743476 0.911398
0 0.217722 0.510103 0.0724995 0.0719562 0.910858
2 0.301507 0.0598445 0.0701267 0.0699288 0.910833
2 0.528588 0.0668752 0.069245 0.0694016 0.910741
0 0.110832 0.100124 0.0739162 0.0739001 0.910682
0 0.114486 0.0486238 0.0721733 0.072747 0.910501
2 0.879906 0.516445 0.0735243 0.0734138 0.910319
2 0.848593 0.142049 0.0720963 0.0718718 0.910036
2 0.547553 0.555975 0.0739336 0.0741137 0.910031
2 0.513307 0.0729508 0.0689214 0.0692745 0.909995
0 0.514224 0.468708 0.071143 0.071801 0.90989
2 0.583182 0.806465 0.0733246 0.0734354 0.90985
0 0.186249 0.671374 0.0718376 0.0723042 0.90982
2 0.344493 0.112676 0.0710286 0.0701631 0.909438
2 0.149935 0.479764 0.0724959 0.0728205 0.908974
0 0.157511 0.759343 0.0731708 0.0729897 0.908932
2 0.232407 0.678041 0.0720449 0.0724352 0.908705
2 0.484005 0.168189 0.0708429 0.0710829 0.908637
2 0.170569 0.918083 0.0729231 0.0733463 0.908496
2 0.535019 0.0777942 0.0692429 0.0695349 0.9084
0 0.0507212 0.327144 0.0737363 0.0730149 0.908146
0 0.0393729 0.870716 0.0728945 0.0734131 0.908009
2 0.902351 0.570112 0.0748196 0.0750669 0.907999
2 0.704088 0.563245 0.0736738 0.0732795 0.907899
1 0.867733 0.842473 0.0751848 0.0751392 0.90743
2 0.0586236 0.640885 0.0718491 0.0720304 0.90733
0 0.714361 0.534953 0.0738676 0.0733961 0.907313
0 0.0291591 0.587744 0.0582393 0.0728411 0.906809
2 0.422264 0.114735 0.0701544 0.0696183 0.906741
1 0.814692 0.630023 0.0733778 0.0738975 0.906721
2 0.863435 0.205057 0.0725895 0.0727651 0.906685
0 0.255677 0.692066 0.0728176 0.0724754 0.906596
2 0.753202 0.167325 0.0721736 0.0725347 0.906587
0 0.218349 0.555207 0.0721818 0.0716313 0.906378
2 0.763766 0.55737 0.0738152 0.0743767 0.906222
2 0.349716 0.760565 0.0729371 0.0731113 0.906187
0 0.142162 0.573201 0.0731741 0.0732551 0.906111
2 0.726226 0.889421 0.0732174 0.0733002 0.906063
0 0.183819 0.755662 0.073492 0.0733366 0.905935
0 0.168934 0.451099 0.0727668 0.0722682 0.905931
0 0.0811269 0.427959 0.0728299 0.0721545 0.905735
2 0.369119 0.921865 0.0745395 0.0742435 0.905715
2 0.558826 0.108695 0.0703321 0.070291 0.905709
2 0.857126 0.702588 0.0752132 0.075397 0.905571
2 0.81808 0.963251 0.0729503 0.0710421 0.905553
0 0.288396 0.772521 0.072964 0.0728615 0.905021
2 0.118069 0.376522 0.0736007 0.0728345 0.90493
0 0.183756 0.581193 0.0724957 0.0722515 0.904848
2 0.480559 0.438674 0.071108 0.0700788 0.90474
2 0.954644 0.137624 0.075576 0.0748549 0.904695
1 0.899682 0.820136 0.0752399 0.0750244 0.904646
1 0.583951 0.218192 0.0708944 0.0709383 0.904435
2 0.0855835 0.0795405 0.0745246 0.0736274 0.904419
2 0.658646 0.807995 0.0723229 0.0724343 0.904122
1 0.592051 0.419396 0.0727201 0.0725183 0.903975
1 0.924127 0.283726 0.0751904 0.0746394 0.903922
1 0.919834 0.880267 0.075312 0.0758209 0.903906
0 0.952318 0.541021 0.0744516 0.0743853 0.903809
1 0.962566 0.255309 0.0739756 0.0764819 0.903746
2 0.419933 0.460951 0.0699356 0.0692055 0.903572
0 0.7011 0.761745 0.0740051 0.0729575 0.903564
2 0.705244 0.734154 0.0751701 0.0750724 0.903561
2 0.663739 0.5708 0.0746412 0.0747116 0.903477
2 0.284419 0.733895 0.073679 0.0734743 0.903098
2 0.681536 0.601748 0.0739599 0.0737541 0.903086
2 0.411166 0.935573 0.072086 0.0722572 0.903054
0 0.665586 0.664242 0.0743097 0.0746235 0.90301
0 0.0949039 0.672271 0.0736219 0.0735161 0.902996
1 0.925782 0.823672 0.0750557 0.0752619 0.902974
0 0.0749988 0.255478 0.0748809 0.0744616 0.902961
0 0.751432 0.512155 0.0738167 0.0742279 0.902721
2 0.682368 0.147518 0.0721828 0.0719237 0.902663
2 0.261935 0.609226 0.0712006 0.0715982 0.902533
2 0.625682 0.161485 0.0718042 0.0722906 0.902452
2 0.821778 0.939119 0.0729647 0.0733955 0.902406
2 0.461964 0.893217 0.0705406 0.0707718 0.902343
2 0.113052 0.762903 0.0731094 0.0728567 0.902216
2 0.0448559 0.444514 0.0731238 0.0726484 0.902025
1 0.268861 0.231994 0.0747688 0.0741812 0.9019
0 0.212511 0.336564 0.0725902 0.0723735 0.901863
2 0.548659 0.082126 0.0700064 0.0712685 0.901796
0 0.103403 0.522791 0.07291 0.0721319 0.901636
2 0.730541 0.56704 0.0744466 0.0741304 0.901528
1 0.845805 0.85301 0.0746517 0.074794 0.901519
2 0.685555 0.820531 0.0729648 0.0730846 0.901408
0 0.032961 0.472965 0.0659219 0.0722559 0.901198
0 0.0224477 0.636551 0.0448953 0.0733736 0.901192
2 0.49281 0.209642 0.0719693 0.0708561 0.901033
0 0.771554 0.244758 0.0787451 0.0773278 0.900868
2 0.912581 0.113266 0.0724182 0.0728404 0.900851
1 0.720284 0.211137 0.0734101 0.0728946 0.900837
2 0.435994 0.925181 0.071805 0.0714006 0.900708
2 0.180325 0.65966 0.0729434 0.0721807 0.900544
0 0.0885253 0.405473 0.0717915 0.0731245 0.900539
2 0.067097 0.883178 0.0739308 0.0734856 0.900433
2 0.767561 0.929805 0.0731436 0.0734278 0.900376
2 0.540149 0.775791 0.0724674 0.0720768 0.900366
2 0.457842 0.805648 0.0715601 0.0716171 0.90016
2 0.864831 0.485117 0.0752272 0.0750378 0.900076
0 0.101936 0.216973 0.0739955 0.0743638 0.899771
1 0.894086 0.626049 0.0742077 0.0736874 0.899761
1 0.583488 0.103023 0.0702365 0.0696355 0.899741
2 0.27325 0.590957 0.0714272 0.0718021 0.89971
2 0.419052 0.913312 0.0736254 0.0724365 0.899649
2 0.0990997 0.0664698 0.0729059 0.0723221 0.899645
0 0.0328381 0.377476 0.0656762 0.0714925 0.899481
0 0.197728 0.667434 0.0722012 0.0723917 0.899433
2 0.451728 0.507771 0.0694925 0.0694806 0.899407
2 0.254485 0.526882 0.0710895 0.0709459 0.899181
0 0.21253 0.725788 0.0723564 0.0721232 0.898958
2 0.143189 0.498301 0.0715618 0.0717208 0.898941
2 0.377134 0.759667 0.0740398 0.0735069 0.89894
2 0.952035 0.153183 0.0746204 0.0733352 0.89886
2 0.537446 0.185055 0.0703909 0.0705554 0.898782
2 0.779776 0.721114 0.0733816 0.0729832 0.89868
2 0.712895 0.894574 0.0729275 0.0739155 0.898524
0 0.169116 0.692629 0.0729059 0.0729918 0.898436
1 0.816575 0.541358 0.0741751 0.0737549 0.898301
2 0.841035 0.173118 0.0720831 0.0713162 0.898183
2 0.0291846 0.327624 0.0583692 0.0730582 0.898162
0 0.0292895 0.0979776 0.0585789 0.0731706 0.898161
1 0.263618 0.197244 0.07362 0.0736413 0.898116
0 0.0981971 0.495405 0.0714787 0.0717649 0.897969
2 0.307117 0.161823 0.0718122 0.071384 0.897882
2 0.954183 0.59532 0.0744858 0.0739778 0.897825
2 0.544355 0.445973 0.072238 0.0724054 0.897787
0 0.0360456 0.547268 0.0713196 0.0715977 0.897782
2 0.813371 0.970881 0.0712175 0.0582142 0.897732
2 0.488825 0.0828572 0.0693274 0.0696715 0.897715
2 0.2229 0.416823 0.0728531 0.0730696 0.897548
1 0.471775 0.762231 0.0710067 0.0706192 0.897501
1 0.918044 0.782696 0.0748692 0.0743327 0.897331
2 0.504873 0.781684 0.0726472 0.0722731 0.897144
2 0.32607 0.10988 0.069799 0.0701414 0.896941
2 0.527603 0.235052 0.0706567 0.0703457 0.896868
1 0.183983 0.103003 0.0725516 0.0726001 0.896688
2 0.787919 0.755872 0.0750086 0.0747253 0.89667
0 0.473517 0.826706 0.0711769 0.0711271 0.896521
2 0.943809 0.121765 0.07386 0.0739069 0.896359
1 0.409025 0.588094 0.0696896 0.0697845 0.896016
0 0.221356 0.603225 0.0725035 0.0722866 0.895886
1 0.911772 0.904188 0.0765673 0.075959 0.895811
2 0.474304 0.0618484 0.0681918 0.0683478 0.895787
1 0.396679 0.733854 0.0739811 0.0743211 0.895776
0 0.263653 0.55302 0.0719131 0.0716867 0.895457
2 0.071472 0.903802 0.0728791 0.0732983 0.895249
1 0.395599 0.296241 0.0726254 0.0728357 0.895238
2 0.760155 0.577561 0.0732433 0.073224 0.895229
2 0.0994666 0.735412 0.0728647 0.0725498 0.895
1 0.893299 0.428114 0.0756407 0.0750473 0.894858
0 0.116712 0.636661 0.0740344 0.0734425 0.89471
2 0.249556 0.481196 0.0718819 0.0717126 0.89457
2 0.486411 0.230225 0.0706554 0.0716819 0.89439
1 0.61761 0.374343 0.0728029 0.0719763 0.894363
0 0.069891 0.48149 0.0723989 0.0723616 0.894328
0 0.0726436 0.405311 0.0727912 0.0728891 0.894247
1 0.855217 0.808672 0.0753376 0.075025 0.894091
0 0.112363 0.739407 0.0736033 0.0739324 0.894038
0 0.0167395 0.328797 0.033479 0.0724596 0.893935
1 0.799873 0.647751 0.0730816 0.0730241 0.893788
0 0.277746 0.696593 0.0724896 0.0720747 0.893594
2 0.125927 0.125878 0.0730856 0.0733981 0.893467
2 0.69678 0.882336 0.0729532 0.0735287 0.893235
1 0.894924 0.764834 0.0745731 0.0752583 0.892944
1 0.608609 0.241017 0.0725739 0.0726742 0.892675
1 0.810573 0.371186 0.0751204 0.0752776 0.892629
0 0.540937 0.834157 0.0732311 0.0727602 0.892581
2 0.615197 0.595756 0.0747852 0.0742997 0.892397
2 0.536837 0.154643 0.0705709 0.0713357 0.892237
1 0.670027 0.106024 0.0712494 0.0713237 0.891831
1 0.664838 0.0313644 0.0710445 0.062404 0.891829
2 0.830869 0.0851924 0.073259 0.0729704 0.891746
0 0.970619 0.549831 0.0587414 0.0739984 0.891715
2 0.891108 0.197388 0.0723267 0.0723908 0.891302
2 0.941431 0.0560895 0.0726345 0.072674 0.891174
2 0.208992 0.766675 0.0723959 0.0722993 0.8911
2 0.569268 0.581354 0.073333 0.0736438 0.891079
2 0.223105 0.589307 0.0719175 0.0723261 0.891068
0 0.0715528 0.529632 0.0717465 0.0718612 0.891063
2 0.881073 0.106405 0.0728432 0.0724021 0.891047
1 0.402665 0.708704 0.074986 0.0743612 0.890863
0 0.034249 0.356235 0.068498 0.0728455 0.89084
1 0.669147 0.284655 0.0735469 0.0727837 0.89083
2 0.770232 0.6876 0.0733467 0.0731207 0.890674
1 0.807399 0.604162 0.0738235 0.0741716 0.890644
1 0.832885 0.394716 0.0756504 0.0756432 0.890632
2 0.0937825 0.559144 0.0731455 0.0727592 0.89043
2 0.399715 0.534314 0.0688189 0.0697557 0.890409
1 0.381222 0.708905 0.0731799 0.0743084 0.890312
2 0.0764745 0.497694 0.0710654 0.0711773 0.890139
2 0.840592 0.914748 0.0738501 0.0736753 0.890018
2 0.243157 0.88458 0.0732189 0.0721962 0.889905
1 0.891166 0.960001 0.0752274 0.0741957 0.889898
0 0.244117 0.741598 0.0737057 0.0728559 0.889884
0 0.0174063 0.443313 0.0348125 0.0717976 0.889831
2 0.923087 0.209034 0.0743443 0.074909 0.889683
1 0.969077 0.618103 0.0618459 0.0734908 0.889499
2 0.510509 0.218896 0.0702797 0.0711477 0.889478
2 0.470043 0.209691 0.0713966 0.0702737 0.889408
2 0.870825 0.57803 0.0739624 0.0739015 0.889368
2 0.288743 0.0330713 0.0704855 0.0660766 0.88921
0 0.0728732 0.747421 0.073653 0.072711 0.889136
2 0.487168 0.182736 0.0704149 0.071054 0.889078
1 0.437153 0.599188 0.0715109 0.0717831 0.889046
1 0.206819 0.164297 0.072232 0.0721927 0.888967
1 0.783909 0.147671 0.0716671 0.0713553 0.888934
1 0.611731 0.0325626 0.0693846 0.0651252 0.888909
1 0.427924 0.65204 0.0724354 0.0724262 0.888873
2 0.729513 0.648111 0.0739641 0.0737196 0.888834
1 0.0308024 0.201021 0.0616048 0.0710713 0.888828
2 0.222003 0.621722 0.0718502 0.0718105 0.88878
2 0.143178 0.0308503 0.0718364 0.061191 0.888657
2 0.515308 0.0545706 0.0692818 0.0695944 0.888594
1 0.238683 0.173489 0.0736534 0.0734179 0.888593
0 0.270228 0.677529 0.0727189 0.0724152 0.888435
1 0.444555 0.641372 0.0722431 0.0722849 0.888296
2 0.0845705 0.901232 0.0740544 0.0733416 0.888226
2 0.54828 0.17104 0.0706156 0.0706556 0.888222
2 0.643114 0.612536 0.0752241 0.0744656 0.88821
0 0.12747 0.402471 0.0730263 0.0727828 0.887663
2 0.172136 0.172989 0.0733037 0.0733592 0.887527
1 0.616702 0.330452 0.0716743 0.0715542 0.887523
1 0.425061 0.616396 0.0714364 0.0722064 0.887512
2 0.154051 0.916355 0.0734087 0.0734585 0.887411
1 0.670042 0.0697902 0.0721355 0.0720589 0.887096
2 0.922819 0.702983 0.0737509 0.0741486 0.886934
2 0.882788 0.120499 0.0728363 0.0727918 0.886691
2 0.0400291 0.272062 0.0742506 0.0736387 0.886679
1 0.79951 0.299475 0.0741813 0.0743935 0.88656
1 0.360893 0.639303 0.0720129 0.0725691 0.88654
2 0.291123 0.15674 0.0713296 0.0720797 0.886523
2 0.648643 0.57768 0.0747833 0.0747862 0.886514
2 0.610908 0.149877 0.0711691 0.0708557 0.886507
2 0.22006 0.680991 0.0728755 0.0724712 0.88637
2 0.263537 0.578512 0.0708913 0.0712067 0.886227
2 0.367026 0.96998 0.0741039 0.06004 0.886073
1 0.699691 0.270718 0.073167 0.0736466 0.8859
1 0.635586 0.0874652 0.0713758 0.0709128 0.885604
0 0.11674 0.663778 0.0728551 0.0724272 0.885497
2 0.971203 0.658053 0.0569061 0.0743424 0.885414
1 0.478977 0.259305 0.0717337 0.0714508 0.885309
2 0.214819 0.785256 0.0733503 0.0729748 0.884679
0 0.192545 0.551795 0.0726655 0.0718288 0.884245
2 0.51182 0.558436 0.0728014 0.072768 0.88418
2 0.727901 0.97041 0.0727599 0.0591791 0.883998
2 0.293661 0.138734 0.0727201 0.07124 0.883879
1 0.284083 0.479109 0.071871 0.0712156 0.88372
2 0.488849 0.803271 0.0710617 0.0710526 0.88368
2 0.973714 0.675457 0.0516323 0.0745926 0.883631
2 0.549403 0.232341 0.0713034 0.0710445 0.883514
2 0.30132 0.376205 0.0715269 0.0710181 0.883267
0 0.419146 0.528886 0.070209 0.0699354 0.883185
0 0.893005 0.531948 0.0737574 0.0729345 0.883174
0 0.0244899 0.617955 0.0489798 0.0739342 0.88304
0 0.336555 0.320463 0.0706221 0.07179 0.882755
2 0.456445 0.449825 0.0708703 0.0698347 0.882673
2 0.560573 0.73052 0.0736336 0.0733458 0.882512
1 0.853889 0.0653308 0.072216 0.0725905 0.882195
2 0.711622 0.650527 0.0736597 0.0737803 0.8821
2 0.323491 0.716148 0.0732862 0.0737334 0.881469
0 0.390009 0.77104 0.0739559 0.0743275 0.881459
1 0.571656 0.173689 0.0718932 0.0714923 0.881348
1 0.596156 0.876129 0.0727808 0.0725342 0.881232
1 0.442504 0.66694 0.0729931 0.0727936 0.881209
2 0.835361 0.704319 0.0745934 0.0749641 0.880683
2 0.0332611 0.833761 0.0665222 0.0746262 0.880452
1 0.592692 0.038016 0.0704088 0.0707379 0.880244
0 0.243228 0.57351 0.0716839 0.0710093 0.880146
1 0.356655 0.697744 0.0748276 0.0749651 0.879878
2 0.747355 0.917653 0.0727243 0.0731932 0.879803
2 0.597448 0.396311 0.071953 0.0723055 0.879562
1 0.369917 0.28457 0.0732313 0.0725748 0.879541
1 0.427154 0.69869 0.0726883 0.0728642 0.87945
1 0.179613 0.131785 0.0731866 0.0735935 0.879364
2 0.851271 0.524714 0.0749317 0.0742336 0.879268
2 0.554602 0.508293 0.0758614 0.0759602 0.879048
1 0.614161 0.884133 0.0739249 0.0735805 0.878714
2 0.873221 0.0975006 0.0718727 0.0716315 0.878481
2 0.403471 0.192264 0.0702095 0.0696419 0.87823
0 0.92146 0.501517 0.0749702 0.0743754 0.877899
1 0.940326 0.294472 0.0765881 0.0759847 0.87763
1 0.351862 0.224242 0.0715742 0.0717209 0.877558
1 0.244051 0.808606 0.0730591 0.0720049 0.876988
2 0.108599 0.354754 0.0730342 0.0733842 0.876677
0 0.056079 0.314234 0.0738999 0.0735602 0.876557
1 0.569751 0.334729 0.0725592 0.0715498 0.876383
2 0.514703 0.831157 0.0718421 0.0727169 0.87634
1 0.824428 0.819524 0.0745916 0.0749817 0.876181
2 0.953856 0.481243 0.0760914 0.0756641 0.876123
1 0.870066 0.958275 0.0750484 0.074859 0.875998
0 0.171885 0.561731 0.0726279 0.0724427 0.875717
2 0.855736 0.189533 0.072937 0.0717641 0.875686
0 0.144535 0.591657 0.0733312 0.0731236 0.875114
2 0.697323 0.684117 0.0743799 0.0748777 0.875005
2 0.488239 0.6702 0.0721378 0.072966 0.874811
2 0.424042 0.473497 0.0685678 0.068372 0.874799
1 0.544951 0.969215 0.0731228 0.0615692 0.874724
0 0.0975297 0.638882 0.0732673 0.0731314 0.874562
1 0.841302 0.966237 0.073317 0.0675268 0.874425
1 0.34562 0.264687 0.0727164 0.0720105 0.874422
2 0.397026 0.162359 0.0702715 0.0695475 0.873985
2 0.722595 0.862953 0.0749493 0.0758698 0.873562
1 0.643368 0.277054 0.073564 0.0725774 0.873439
2 0.899454 0.12042 0.0716227 0.072963 0.873336
2 0.402486 0.820406 0.0720169 0.071719 0.873192
2 0.582803 0.772697 0.0732826 0.0730665 0.873126
2 0.466163 0.0663836 0.0679571 0.0680416 0.873031
1 0.345949 0.675117 0.0735131 0.0729258 0.871935
2 0.257602 0.96799 0.0747871 0.06402 0.871855
1 0.324544 0.239344 0.0722575 0.0715375 0.871461
2 0.136695 0.843242 0.0747927 0.0747263 0.871441
1 0.642534 0.356117 0.0725198 0.0725926 0.871215
2 0.740196 0.544051 0.0737301 0.0737642 0.871079
0 0.0307582 0.38908 0.0615164 0.068738 0.87055
2 0.957802 0.443506 0.0767839 0.0766667 0.869965
1 0.312885 0.972467 0.0733621 0.0545483 0.869934
2 0.524591 0.450675 0.0718832 0.0717447 0.869933
2 0.769992 0.737808 0.0747784 0.0744808 0.869667
0 0.254644 0.751947 0.0739641 0.0727205 0.869328
0 0.0564995 0.864319 0.0738348 0.0733883 0.869005
2 0.421352 0.0949938 0.0689729 0.0690093 0.868141
2 0.534933 0.458688 0.0729902 0.0729399 0.866841
0 0.0311509 0.402504 0.0623018 0.0725326 0.866689
1 0.668976 0.124701 0.071569 0.0705285 0.866641
1 0.192272 0.900949 0.073556 0.0736855 0.86655
1 0.921469 0.968877 0.0749203 0.0620127 0.866509
1 0.650269 0.0370363 0.0715626 0.0706697 0.866092
2 0.289992 0.605787 0.0712103 0.0724059 0.866054
0 0.0550371 0.778641 0.0749884 0.0749782 0.865944
2 0.904913 0.0818651 0.072757 0.0722688 0.865739
1 0.163359 0.868729 0.073796 0.0739912 0.865457
2 0.325865 0.839945 0.0735265 0.0736732 0.865333
2 0.806988 0.718163 0.0739733 0.0737001 0.865318
0 0.197397 0.533749 0.0727873 0.0721092 0.865231
1 0.63255 0.041395 0.0711166 0.0701888 0.865054
2 0.0675817 0.717584 0.0739267 0.0736952 0.864429
2 0.466098 0.0403302 0.0684231 0.0678355 0.864156
2 0.505316 0.512862 0.0710038 0.0708109 0.863631
2 0.967451 0.470371 0.0650981 0.0761532 0.8627
2 0.516579 0.184824 0.0709494 0.0705976 0.862611
2 0.611307 0.117694 0.0703792 0.0703877 0.862514
1 0.794231 0.0267683 0.0738006 0.0530032 0.8625
1 0.459154 0.688334 0.0716572 0.0714945 0.86205
2 0.752107 0.931135 0.0722602 0.0726929 0.861985
1 0.51686 0.745192 0.0721106 0.0722506 0.861576
2 0.536561 0.632193 0.07323 0.0732739 0.861151
0 0.0637655 0.0217627 0.0729315 0.0425279 0.861052
0 0.0210935 0.515724 0.0421869 0.0718584 0.860774
2 0.869639 0.931484 0.0741035 0.073768 0.860753
1 0.800985 0.402958 0.07418 0.0746355 0.860672
1 0.586838 0.465905 0.0740554 0.0739717 0.860109
2 0.682055 0.663609 0.0743216 0.0746163 0.859992
2 0.268805 0.623137 0.072007 0.0712533 0.859456
1 0.297956 0.861589 0.0730689 0.0724068 0.859368
1 0.62212 0.422962 0.0718071 0.0716577 0.859025
1 0.324096 0.500345 0.0707316 0.0707066 0.859023
2 0.749864 0.622632 0.0729851 0.073308 0.858876
0 0.0230896 0.261906 0.0459374 0.0723322 0.858818
1 0.792467 0.0505352 0.0734245 0.0731009 0.858604
2 0.157978 0.555814 0.072577 0.0725882 0.858155
2 0.735761 0.670028 0.074369 0.0745384 0.858076
0 0.0503626 0.386109 0.0717092 0.0710796 0.856763
1 0.154823 0.970222 0.0730503 0.0593468 0.85653
2 0.524586 0.111879 0.0687806 0.0689447 0.85646
2 0.551697 0.464033 0.0728655 0.0726508 0.856318
2 0.310919 0.299019 0.0725095 0.0721917 0.855744
0 0.240601 0.365272 0.0724486 0.0718274 0.855246
2 0.28684 0.0461795 0.0706512 0.0711806 0.854546
2 0.556628 0.140642 0.0704518 0.0703434 0.853998
0 0.0719553 0.46292 0.0715652 0.0714519 0.853775
1 0.424419 0.633575 0.0706968 0.071921 0.85369
1 0.899115 0.851862 0.0743208 0.0742842 0.853518
0 0.0372082 0.0249065 0.072969 0.049813 0.853306
2 0.919605 0.663621 0.0738747 0.0732798 0.853301
2 0.804641 0.225737 0.0733545 0.0730858 0.85308
1 0.329603 0.21271 0.0723609 0.0717029 0.852502
2 0.832929 0.1053 0.072411 0.0724769 0.852012
2 0.528354 0.606294 0.0739401 0.0736573 0.851881
2 0.0181317 0.66345 0.0362634 0.0747324 0.851658
1 0.356447 0.657247 0.0731736 0.0727699 0.851655
1 0.116625 0.928869 0.073442 0.0736711 0.851347
0 0.257345 0.638121 0.0719974 0.0713856 0.85115
2 0.231616 0.475196 0.0726185 0.0715359 0.850387
0 0.0166658 0.363861 0.0332574 0.0717894 0.850328
2 0.965487 0.812864 0.0690264 0.0744328 0.850017
1 0.171899 0.968726 0.0725142 0.062549 0.849852
2 0.486194 0.65047 0.0724321 0.0727099 0.849777
1 0.561744 0.358071 0.0712353 0.0712048 0.849588
2 0.729862 0.956248 0.07402 0.0730816 0.849088
1 0.825981 0.427051 0.076124 0.0758049 0.848922
1 0.817173 0.244938 0.0734808 0.0736557 0.848812
2 0.964751 0.108835 0.0698395 0.0731105 0.848775
0 0.0566093 0.680029 0.0744723 0.0742243 0.848084
1 0.914128 0.303713 0.0743141 0.0739723 0.8477
1 0.40968 0.39239 0.0722108 0.0725109 0.846656
2 0.75538 0.567038 0.073955 0.0739569 0.846653
1 0.797075 0.326629 0.0743134 0.0747014 0.846454
2 0.387866 0.629795 0.0723517 0.0725969 0.846258
1 0.822169 0.79631 0.0747973 0.0748173 0.84622
2 0.707546 0.659965 0.0730425 0.073077 0.846111
2 0.176487 0.14669 0.0738997 0.0734636 0.84539
2 0.45664 0.0515701 0.0685366 0.0676068 0.844924
2 0.476091 0.423509 0.0706169 0.0715739 0.844643
0 0.0368532 0.559378 0.0704401 0.0715661 0.844582
1 0.231858 0.146268 0.0737286 0.0732158 0.843892
2 0.608657 0.69278 0.0739975 0.0739807 0.843753
1 0.969162 0.0648295 0.0616751 0.0682621 0.843157
1 0.222974 0.0544679 0.0708885 0.0712984 0.842832
2 0.798755 0.482153 0.0743567 0.0746927 0.841907
2 0.705757 0.61566 0.0745594 0.0736069 0.840502
1 0.862599 0.968035 0.0724609 0.0639304 0.837881
2 0.407401 0.050604 0.0708792 0.0698675 0.837798
2 0.292738 0.980457 0.0749611 0.0390207 0.837508
1 0.350648 0.523584 0.0701138 0.0701657 0.83732
2 0.644597 0.141877 0.0710962 0.0704827 0.837163
1 0.240906 0.0667264 0.0713461 0.0708259 0.837077
2 0.208163 0.579954 0.0719843 0.0725264 0.836894
1 0.71757 0.33269 0.0732765 0.0731922 0.836283
1 0.941322 0.873064 0.0753313 0.0753342 0.836228
2 0.965045 0.483315 0.0699106 0.0760115 0.835627
1 0.882018 0.046917 0.0730171 0.0717256 0.835526
2 0.269565 0.980863 0.0730561 0.0382736 0.834953
2 0.204436 0.801359 0.073368 0.0720982 0.834787
2 0.336037 0.101632 0.0697764 0.0695719 0.834739
2 0.686443 0.650492 0.0724353 0.0721762 0.834059
0 0.144966 0.760346 0.0739297 0.073262 0.833777
0 0.0449837 0.9404 0.0720181 0.0718708 0.833134
2 0.279675 0.294175 0.0744915 0.074503 0.832769
0 0.0589501 0.828533 0.0727052 0.0734051 0.832546
2 0.137421 0.908801 0.0734767 0.0733982 0.832322
1 0.944194 0.974243 0.0758991 0.0513708 0.832205
0 0.0899725 0.860894 0.0757922 0.0751062 0.831501
1 0.646729 0.017767 0.0693846 0.0355339 0.830764
2 0.124111 0.738136 0.0734454 0.0737265 0.830538
2 0.549728 0.480622 0.0736198 0.0733934 0.829713
2 0.760752 0.972985 0.0711102 0.0540308 0.829457
1 0.622987 0.28954 0.0706457 0.0708543 0.82937
0 0.351327 0.463031 0.0684958 0.0678807 0.82927
2 0.251624 0.719217 0.0721861 0.0719369 0.829071
1 0.632867 0.0281623 0.0704212 0.0561663 0.828445
1 0.351536 0.408082 0.0706576 0.0707845 0.828404
2 0.899689 0.499182 0.0740646 0.0742764 0.827706
2 0.865915 0.155958 0.0716454 0.072437 0.827275
0 0.02242 0.795946 0.0447598 0.0747236 0.827035
2 0.48726 0.531718 0.0707458 0.071825 0.8258
2 0.836251 0.606083 0.0738377 0.0743354 0.824081
2 0.0497446 0.928175 0.0732457 0.0731453 0.823789
2 0.40733 0.865262 0.0714691 0.0714027 0.822967
2 0.662112 0.160682 0.0724773 0.0722685 0.821902
0 0.736631 0.514589 0.0728313 0.0738901 0.82046
2 0.482043 0.512981 0.0714245 0.0709742 0.820286
2 0.171224 0.500173 0.0719406 0.0714621 0.819996
2 0.956162 0.21009 0.0732149 0.0730721 0.818528
2 0.207006 0.635586 0.073347 0.0711643 0.818494
2 0.500939 0.235992 0.0708089 0.0700705 0.818208
0 0.127973 0.344873 0.0727293 0.072369 0.817579
0 0.0498293 0.56516 0.0714234 0.0710731 0.817553
2 0.975144 0.896039 0.0492599 0.0716713 0.817318
1 0.336592 0.640977 0.0709981 0.0705568 0.816923
2 0.930217 0.0814983 0.0733551 0.073203 0.816919
2 0.844182 0.156726 0.0725094 0.0716297 0.816669
2 0.529651 0.172618 0.0712791 0.0708128 0.816502
1 0.499794 0.0313023 0.0685035 0.0625068 0.816381
2 0.51024 0.119507 0.0687773 0.0690278 0.816237
1 0.44017 0.527707 0.0695873 0.0702014 0.816014
2 0.231534 0.528114 0.0719711 0.0717671 0.815611
1 0.89252 0.28548 0.0742298 0.0742984 0.814168
2 0.771308 0.764079 0.0745688 0.0743093 0.813539
2 0.577429 0.524121 0.074085 0.0738681 0.812221
1 0.627915 0.787218 0.0729228 0.07256 0.811718
2 0.0420161 0.980369 0.0732205 0.0392624 0.810679
2 0.825895 0.905225 0.0741573 0.074353 0.810394
2 0.133325 0.675807 0.0736341 0.0722662 0.808917
2 0.467001 0.441868 0.0709749 0.0703416 0.808917
1 0.969195 0.233021 0.0612343 0.0758277 0.808696
2 0.103308 0.465097 0.0726194 0.072348 0.80834
1 0.630709 0.934615 0.0743951 0.0742149 0.807008
2 0.949002 0.191222 0.0757828 0.0755006 0.806069
2 0.073052 0.851054 0.0748045 0.0741104 0.80546
2 0.591888 0.380196 0.0722628 0.0724995 0.805
1 0.864942 0.885565 0.0742691 0.0746727 0.804588
2 0.61937 0.973736 0.0752114 0.0525282 0.804216
2 0.260156 0.0324164 0.0697751 0.0641582 0.80413
2 0.0814082 0.792154 0.0741782 0.074634 0.803917
1 0.138423 0.954307 0.0727316 0.0720776 0.803859
2 0.957537 0.0558448 0.0728302 0.0728358 0.803753
0 0.118035 0.624819 0.073677 0.07213 0.803721
2 0.231373 0.541931 0.0722299 0.0715918 0.803577
1 0.587906 0.237625 0.0715059 0.071592 0.80314
2 0.389317 0.615869 0.0719992 0.071277 0.80291
2 0.707514 0.118488 0.0710293 0.0717252 0.799845
0 0.191129 0.612178 0.0723916 0.0718287 0.799517
2 0.855775 0.126863 0.0729841 0.071519 0.798915
2 0.362971 0.0224027 0.0695607 0.0448053 0.798817
2 0.224565 0.721131 0.0711559 0.0720724 0.798213
2 0.937206 0.445727 0.0773964 0.0765551 0.798036
2 0.112279 0.556647 0.0728203 0.0726948 0.797833
1 0.612315 0.083412 0.0699688 0.0712047 0.79672
2 0.0982034 0.705059 0.0726624 0.0734972 0.796407
2 0.528991 0.214266 0.0714005 0.0708982 0.796389
2 0.766322 0.775146 0.0747229 0.0748014 0.796071
1 0.167738 0.312268 0.073145 0.0724538 0.79567
0 0.286607 0.62318 0.0719869 0.0726089 0.793349
1 0.818054 0.444847 0.074469 0.0743176 0.792905
1 0.970586 0.971591 0.0578865 0.0568172 0.791881
2 0.899087 0.0984767 0.0715446 0.0716961 0.791761
2 0.0173514 0.115093 0.0347028 0.0717744 0.791539
2 0.442673 0.237334 0.0720037 0.0717731 0.791382
2 0.0169437 0.763486 0.0338874 0.0688751 0.790875
1 0.284691 0.820466 0.0717563 0.0730838 0.788557
2 0.909056 0.410862 0.0751896 0.0751816 0.786569
2 0.269441 0.769363 0.0719842 0.072306 0.785035
1 0.976995 0.957718 0.0460099 0.0746378 0.784404
2 0.53395 0.277854 0.0707166 0.07049 0.784186
0 0.0235942 0.382326 0.0471885 0.0718233 0.783432
0 0.12863 0.19841 0.0740417 0.0740864 0.78207
2 0.0291291 0.0174197 0.0566214 0.0348394 0.781702
1 0.422471 0.367726 0.0710183 0.0717841 0.781663
1 0.596151 0.928601 0.0730864 0.072909 0.780359
1 0.415132 0.721186 0.0709879 0.0731659 0.77876
2 0.344397 0.298691 0.0723452 0.071559 0.778258
1 0.593867 0.441872 0.0737623 0.0729567 0.778113
2 0.430264 0.758169 0.072804 0.0725414 0.77768
2 0.872224 0.542416 0.0728485 0.0738922 0.777499
2 0.823752 0.180327 0.070825 0.0720769 0.776435
1 0.126537 0.0169851 0.0693764 0.0339701 0.77627
2 0.449126 0.0415569 0.0686058 0.067391 0.775898
2 0.369054 0.486802 0.0675706 0.0668104 0.77525
2 0.361974 0.945851 0.0738939 0.0736883 0.774055
0 0.211803 0.450502 0.0724386 0.071927 0.773061
2 0.186264 0.259234 0.0742098 0.0744902 0.77157
0 0.230961 0.690211 0.0715513 0.0711786 0.770969
1 0.395518 0.2416 0.0710353 0.0710717 0.770558
0 0.0267647 0.341524 0.0535293 0.0714662 0.770154
2 0.0273141 0.89833 0.0546282 0.072584 0.769465
2 0.119614 0.44263 0.0725705 0.0718584 0.769113
0 0.0306325 0.875037 0.0612649 0.0716398 0.769101
2 0.444998 0.0305353 0.0692656 0.0609122 0.767447
1 0.948943 0.0208419 0.071925 0.0416838 0.767263
2 0.440993 0.122247 0.0690928 0.0695359 0.766583
0 0.0323577 0.681286 0.0647155 0.0744681 0.766256
2 0.711692 0.945259 0.072125 0.07202 0.765068
1 0.824392 0.0586978 0.072006 0.0723583 0.76478
2 0.126964 0.696805 0.0723604 0.0730791 0.763377
2 0.90686 0.235423 0.0737 0.0732106 0.762842
0 0.046453 0.397426 0.0730337 0.0722283 0.762789
2 0.865149 0.728855 0.0743401 0.0747379 0.762775
2 0.121189 0.83079 0.0753039 0.0753172 0.762435
2 0.749723 0.85745 0.0750923 0.0747524 0.761613
2 0.54513 0.119363 0.0713845 0.0707908 0.761336
2 0.42318 0.969875 0.0704672 0.0602509 0.761037
2 0.172047 0.615994 0.0731275 0.0729553 0.760432
0 0.158164 0.53723 0.0727265 0.0728514 0.759026
2 0.0202079 0.969787 0.0403871 0.0604261 0.758544
2 0.0865951 0.970285 0.0716331 0.059223 0.758289
1 0.979954 0.232428 0.039745 0.0777539 0.757572
2 0.305761 0.693226 0.0729472 0.0732049 0.757377
2 0.0214464 0.529986 0.0428928 0.070673 0.756058
2 0.720508 0.548342 0.0738697 0.0731709 0.755931
1 0.55547 0.854738 0.0736628 0.0729542 0.755887
1 0.975392 0.728767 0.0491549 0.0701684 0.755586
2 0.202521 0.594603 0.0725097 0.0732918 0.755221
2 0.422178 0.847556 0.0720417 0.0717903 0.754821
0 0.243443 0.653057 0.0724805 0.072268 0.754129
1 0.982218 0.13117 0.0355645 0.0737166 0.753573
2 0.245867 0.285622 0.075048 0.0751446 0.752972
1 0.96882 0.790347 0.0620003 0.0741229 0.752554
2 0.856558 0.283953 0.0734533 0.0734469 0.751388
2 0.244512 0.270048 0.0746434 0.0742798 0.751331
2 0.579065 0.0359324 0.0702658 0.0690364 0.750739
2 0.93872 0.659555 0.0722507 0.0728312 0.7506
2 0.215811 0.192117 0.0726219 0.0728087 0.749987
2 0.376675 0.433299 0.0702642 0.0704631 0.749547
1 0.435449 0.403956 0.0718396 0.0715624 0.748832
1 0.889364 0.723804 0.0728748 0.0736186 0.747873
2 0.117978 0.0349292 0.0727902 0.068705 0.747564
2 0.833552 0.320432 0.0747128 0.0744157 0.746427
0 0.143116 0.82165 0.0751083 0.0742874 0.746317
2 0.978674 0.887074 0.0426529 0.0763557 0.744676
0 0.035822 0.42217 0.0700718 0.0721172 0.744049
1 0.828947 0.871052 0.0750614 0.0744347 0.743514
2 0.483227 0.698721 0.0722865 0.0724519 0.741229
1 0.0399944 0.153026 0.0735086 0.0732655 0.740648
2 0.746192 0.118529 0.071891 0.0720789 0.740192
1 0.758518 0.0315004 0.0735968 0.0629793 0.739162
1 0.50018 0.268388 0.0708958 0.0701076 0.738641
1 0.469957 0.292152 0.0716427 0.0706043 0.73818
2 0.821978 0.330233 0.0744099 0.0745292 0.737448
2 0.284834 0.337738 0.0730331 0.073061 0.73739
2 0.0172029 0.860135 0.0344057 0.0728241 0.737074
2 0.71691 0.907916 0.0729986 0.0727478 0.735796
1 0.611669 0.0959255 0.0691648 0.0703323 0.734042
2 0.593982 0.365915 0.0723211 0.0720399 0.7329
2 0.636801 0.173652 0.0709433 0.0720317 0.73247
0 0.141703 0.545113 0.0721844 0.0722715 0.730678
2 0.761671 0.700337 0.0744837 0.0756363 0.73039
2 0.797655 0.200075 0.0721823 0.0720415 0.729176
2 0.941524 0.672134 0.0733191 0.0729994 0.729077
1 0.364989 0.395717 0.0704476 0.0707389 0.728409
2 0.545177 0.0971445 0.0708399 0.0707231 0.724725
2 0.149336 0.0553588 0.0719669 0.0722474 0.722535
2 0.570934 0.670145 0.0735697 0.0750668 0.722304
1 0.493866 0.304206 0.0719839 0.0718584 0.721249
2 0.980035 0.193624 0.0395266 0.0710007 0.712251
0 0.0577206 0.201402 0.0738441 0.0735607 0.711664
2 0.923551 0.409037 0.0748642 0.0748787 0.71142
1 0.286244 0.0887518 0.0705151 0.0703674 0.710861
2 0.464101 0.849223 0.0693085 0.0695278 0.710151
1 0.725296 0.453485 0.073098 0.0729972 0.709647
2 0.48264 0.546145 0.0699614 0.0699409 0.709293
1 0.0332535 0.188773 0.066507 0.0730947 0.709214
1 0.58935 0.498702 0.0744558 0.0741947 0.705665
2 0.0238632 0.0442465 0.0476741 0.0723829 0.705308
2 0.14392 0.388797 0.0726099 0.0713119 0.704217
1 0.794155 0.610945 0.0728842 0.0733311 0.703305
2 0.934411 0.546987 0.0746941 0.0745346 0.702026
2 0.770576 0.18509 0.0716202 0.0709026 0.70014
2 0.165174 0.0793048 0.071842 0.0726527 0.700123
2 0.91026 0.193682 0.0726166 0.0734521 0.69889
1 0.900989 0.982293 0.073518 0.0353897 0.698185
2 0.738571 0.228029 0.0762953 0.0755651 0.697972
0 0.92409 0.485597 0.0755978 0.0753923 0.697904
2 0.51182 0.370963 0.0700983 0.0705799 0.697728
2 0.408126 0.838519 0.0713803 0.0711384 0.697415
2 0.577771 0.140527 0.0699219 0.0695594 0.697125
2 0.6064 0.960557 0.075448 0.0742178 0.693066
1 0.789736 0.1829 0.0709205 0.0716236 0.692153
0 0.0598649 0.572138 0.0714699 0.0714037 0.692046
2 0.31506 0.138305 0.0696503 0.0694939 0.690628
2 0.155407 0.118079 0.0720566 0.0718588 0.690161
2 0.930867 0.748465 0.0730999 0.0713659 0.690102
2 0.340281 0.953521 0.0733476 0.0735367 0.689873
0 0.0641812 0.379378 0.0728405 0.0731118 0.689674
1 0.779325 0.0164637 0.0733683 0.0329274 0.68959
2 0.0840964 0.209436 0.073713 0.0740911 0.689056
2 0.883212 0.249363 0.0734606 0.0730009 0.688813
1 0.977911 0.0533385 0.0441783 0.0683317 0.686629
1 0.470718 0.970735 0.0716202 0.0582329 0.685866
2 0.370644 0.4136 0.0706068 0.0709177 0.68546
2 0.0982774 0.141989 0.0737178 0.0742049 0.684236
2 0.625535 0.541873 0.0747592 0.0746885 0.683927
2 0.588819 0.615961 0.0752382 0.0748871 0.682445
1 0.51077 0.894856 0.071548 0.0716988 0.681952
1 0.653866 0.306323 0.0723214 0.0720257 0.680867
2 0.853479 0.743929 0.0732399 0.0731302 0.680359
1 0.764722 0.436214 0.0729924 0.0727961 0.680191
1 0.852328 0.978027 0.072455 0.0439457 0.679444
1 0.40124 0.41307 0.0703936 0.0708514 0.677299
2 0.45862 0.418233 0.0723181 0.0718735 0.676897
0 0.0314629 0.753637 0.0629258 0.0745346 0.672242
1 0.704 0.240129 0.0733653 0.0738979 0.672044
1 0.138386 0.978365 0.0709321 0.0432694 0.670813
1 0.878551 0.706237 0.0741642 0.0748511 0.669761
1 0.337686 0.663707 0.0728915 0.0726339 0.668786
2 0.0239067 0.724337 0.0476274 0.0741019 0.66872
2 0.110109 0.697074 0.072147 0.072399 0.668428
2 0.3344 0.761777 0.0723171 0.0725493 0.666207
2 0.682266 0.0276335 0.0721197 0.055267 0.664951
2 0.406775 0.518985 0.0680754 0.0679355 0.664392
2 0.559508 0.585224 0.0727781 0.0737157 0.663981
2 0.710831 0.144461 0.0711954 0.0721124 0.663695
1 0.740406 0.789634 0.0737521 0.0738872 0.662121
0 0.175551 0.802086 0.0732239 0.0730598 0.659786
1 0.621009 0.859872 0.0726623 0.0720213 0.659294
1 0.969587 0.0303137 0.0606724 0.0606273 0.659063
2 0.551725 0.90356 0.0709068 0.0720936 0.657251
2 0.446394 0.473509 0.0690559 0.0689981 0.656575
1 0.446758 0.731803 0.0723944 0.0718792 0.656549
1 0.398202 0.972178 0.072153 0.0555717 0.655371
1 0.738281 0.0179227 0.072902 0.0358454 0.655362
1 0.64641 0.966117 0.0725831 0.0674572 0.648534
1 0.727389 0.114732 0.0714581 0.0714308 0.64839
1 0.76032 0.805468 0.0760099 0.0755474 0.647517
1 0.64637 0.208228 0.0708122 0.071384 0.646959
1 0.481267 0.737505 0.0721843 0.070969 0.645904
2 0.0272021 0.925434 0.0544043 0.0715609 0.641727
0 0.284415 0.663033 0.073291 0.071872 0.637744
1 0.854426 0.782603 0.0731922 0.0733156 0.637715
0 0.089911 0.602651 0.0735023 0.0730179 0.637625
2 0.0613661 0.594302 0.0721583 0.0735723 0.633044
2 0.743326 0.364923 0.0725812 0.0717002 0.631019
2 0.677652 0.674016 0.0737368 0.0734744 0.630672
1 0.0246944 0.654737 0.0491983 0.0735893 0.629849
2 0.175548 0.027606 0.0706286 0.0550899 0.628814
2 0.355626 0.107167 0.0695916 0.0693044 0.62726
2 0.686126 0.137864 0.0708204 0.0704756 0.625655
2 0.212495 0.0243636 0.070547 0.0487273 0.624685
1 0.983503 0.610331 0.0329935 0.0733138 0.622059
2 0.155693 0.839392 0.0734398 0.072353 0.621599
2 0.56799 0.870538 0.0731579 0.072506 0.62023
1 0.408527 0.672414 0.0707297 0.0724318 0.619477
0 0.0209819 0.212997 0.0419637 0.0680434 0.618978
1 0.608593 0.228668 0.0715942 0.0717546 0.617768
1 0.614705 0.916857 0.0735095 0.0738426 0.617464
2 0.38611 0.851671 0.072563 0.0722862 0.616774
1 0.494356 0.899952 0.0712542 0.0712151 0.616308
1 0.983927 0.0327017 0.0319126 0.0628838 0.61591
1 0.561748 0.389818 0.071346 0.0709557 0.614452
2 0.745628 0.898413 0.0731858 0.0730629 0.613166
1 0.713993 0.0756837 0.0710424 0.0711452 0.612292
2 0.230792 0.69083 0.0726461 0.072061 0.610699
2 0.348961 0.444609 0.069962 0.0695909 0.609322
2 0.127566 0.773181 0.0745008 0.0742237 0.604902
1 0.436296 0.0524747 0.0679976 0.0678986 0.604613
2 0.837178 0.187093 0.0718937 0.0722493 0.604016
1 0.685079 0.251321 0.0731124 0.0731928 0.599551
2 0.158097 0.0357943 0.0713546 0.0689087 0.59654
2 0.303445 0.334576 0.0714968 0.0712804 0.595448
1 0.390282 0.916286 0.0738276 0.0738377 0.592599
1 0.897295 0.252358 0.0732922 0.0737828 0.592246
2 0.678679 0.585996 0.0741076 0.0734684 0.590701
2 0.303417 0.670567 0.0722611 0.0723207 0.588542
0 0.140608 0.532432 0.0725252 0.0733481 0.587407
2 0.431854 0.272373 0.0724172 0.0719528 0.582952
1 0.801058 0.676541 0.0727081 0.0721783 0.578298
1 0.473185 0.593942 0.0705309 0.0710913 0.577497
2 0.136161 0.102315 0.0731614 0.0733065 0.576495
2 0.108977 0.608986 0.0738582 0.0739503 0.575613
1 0.556026 0.944184 0.0740665 0.0738258 0.573913
0 0.783716 0.241976 0.0746912 0.0741055 0.572417
2 0.762086 0.728074 0.0725351 0.0729702 0.570314
2 0.620782 0.809504 0.0731714 0.0724361 0.569823
2 0.485758 0.457528 0.0704636 0.0708088 0.568556
2 0.803318 0.982701 0.073048 0.0342808 0.568314
1 0.812007 0.909144 0.0721197 0.0732307 0.566329
1 0.555351 0.373021 0.0721458 0.071493 0.563078
1 0.406669 0.451401 0.0696436 0.068996 0.562733
0 0.0827996 0.790928 0.0736456 0.0745077 0.562215
1 0.334077 0.760793 0.0734308 0.073233 0.560833
2 0.484857 0.199845 0.071652 0.0705483 0.560349
2 0.100098 0.172536 0.0759421 0.0749783 0.560288
2 0.738612 0.636176 0.0731966 0.0733671 0.555817
1 0.655292 0.717721 0.0736156 0.0737339 0.55527
2 0.551627 0.613921 0.0730707 0.0725955 0.553258
1 0.526122 0.0317914 0.0685758 0.0627358 0.55086
1 0.422332 0.14218 0.0703053 0.0706258 0.548764
1 0.300716 0.742853 0.0738863 0.0744375 0.547682
1 0.52576 0.509604 0.0733764 0.0742628 0.546848
2 0.269297 0.325443 0.0737566 0.0726848 0.540948
2 0.284546 0.662902 0.0719108 0.0721096 0.540657
0 0.0190249 0.539738 0.0380498 0.067008 0.530508
1 0.3707 0.71436 0.0732917 0.0743102 0.529931
0 0.167045 0.312457 0.0732772 0.0729534 0.525765
2 0.881783 0.769195 0.0730686 0.072786 0.52509
2 0.920305 0.238071 0.0747849 0.0747589 0.524205
2 0.201397 0.0202423 0.0689559 0.0404846 0.523483
2 0.656329 0.790867 0.0741213 0.0741097 0.521991
1 0.6817 0.270419 0.0736029 0.0727767 0.520759
1 0.842592 0.218965 0.0727942 0.0721853 0.52023
2 0.964159 0.30582 0.0716812 0.0749995 0.520139
2 0.0581851 0.82881 0.0744754 0.0748062 0.520064
2 0.763605 0.161403 0.0716417 0.0704674 0.518594
1 0.920895 0.0151051 0.0714678 0.0302102 0.518301
1 0.318059 0.525581 0.071809 0.0709813 0.517989
2 0.254719 0.444268 0.0733083 0.0732927 0.517894
2 0.761925 0.313392 0.0732321 0.0728948 0.517403
1 0.355896 0.341729 0.0710359 0.0709807 0.516581
2 0.866814 0.603894 0.0718483 0.0725964 0.51629
2 0.164424 0.208108 0.0804958 0.07939 0.515658
0 0.321565 0.79796 0.0723147 0.0725929 0.511272
2 0.341813 0.419989 0.0700171 0.0704572 0.509991
1 0.4721 0.665738 0.0723152 0.0748339 0.509477
1 0.950965 0.792014 0.0738247 0.0752394 0.508383
2 0.818854 0.728411 0.0732365 0.0714739 0.506744
1 0.814907 0.160185 0.0717194 0.0725767 0.50674
1 0.644302 0.894245 0.0740155 0.0739132 0.506538
2 0.377456 0.380349 0.0700057 0.0709477 0.506188
2 0.568586 0.595807 0.0739838 0.0737532 0.504125
0 0.0594523 0.592087 0.0717941 0.0732773 0.503922
2 0.975076 0.559179 0.0498487 0.0733597 0.503904
2 0.981989 0.332834 0.0359432 0.0765949 0.503786
1 0.516107 0.935877 0.0707469 0.0700123 0.502027
