0 0.677325 0.737401 0.0758608 0.0760254 0.938842
0 0.669161 0.205033 0.0759627 0.0755717 0.935194
2 0.605825 0.159482 0.0769199 0.0769099 0.934122
0 0.782716 0.319012 0.0742317 0.0742774 0.930093
0 0.37933 0.495918 0.0790246 0.0792667 0.929276
0 0.699475 0.836322 0.0767565 0.0766958 0.928683
2 0.107668 0.623894 0.0791833 0.080392 0.928209
0 0.675368 0.191428 0.0759546 0.0759541 0.928034
0 0.976788 0.254391 0.0464239 0.0740052 0.927599
0 0.0435916 0.577549 0.0794821 0.080686 0.927566
0 0.783604 0.453802 0.0753605 0.0762569 0.927365
0 0.704041 0.0801641 0.0750479 0.0754604 0.927076
0 0.861878 0.252736 0.0746189 0.0740235 0.925967
0 0.833934 0.414365 0.0746124 0.0745713 0.925778
0 0.408533 0.215581 0.0790398 0.0791726 0.925068
0 0.639658 0.131002 0.0756952 0.075493 0.924574
0 0.896444 0.317559 0.0741459 0.0745363 0.92443
0 0.329255 0.343797 0.0781023 0.07792 0.924117
2 0.406429 0.48991 0.0793003 0.0802697 0.923795
0 0.519203 0.648129 0.0765543 0.0781754 0.923761
0 0.155334 0.647914 0.0790106 0.0807475 0.923578
0 0.887949 0.50277 0.0757603 0.0750233 0.923296
0 0.405988 0.609652 0.0787209 0.0792904 0.923278
0 0.885322 0.89449 0.0763847 0.0755943 0.923096
0 0.502643 0.227423 0.0792366 0.0788878 0.922701
2 0.68057 0.757652 0.0761226 0.0762465 0.922587
0 0.663357 0.235323 0.0764374 0.0763145 0.922559
0 0.766853 0.463843 0.0760654 0.0756987 0.922509
0 0.759408 0.680331 0.0768991 0.0764248 0.922482
0 0.403628 0.593017 0.0795195 0.0791242 0.922432
2 0.944223 0.492278 0.075666 0.0761644 0.921709
0 0.342278 0.437756 0.0792472 0.0800726 0.921584
0 0.585347 0.792906 0.0770725 0.0766362 0.92155
0 0.544716 0.884438 0.0775631 0.0775333 0.921463
0 0.670442 0.164465 0.0755095 0.0754354 0.921405
2 0.631974 0.421201 0.0770767 0.0765686 0.921132
0 0.144476 0.856653 0.0788596 0.0786064 0.921114
0 0.191635 0.0828532 0.0795116 0.0789696 0.92109
2 0.581116 0.492028 0.0780375 0.078311 0.921081
0 0.506973 0.443327 0.0792685 0.0790609 0.920942
0 0.160415 0.482123 0.081051 0.0801416 0.920936
0 0.400908 0.506896 0.0811871 0.0789249 0.92077
0 0.758973 0.191366 0.0744992 0.0742494 0.920462
0 0.49934 0.291628 0.0786114 0.0774733 0.920107
0 0.531449 0.635857 0.0773123 0.077717 0.91961
0 0.882454 0.288535 0.0744034 0.0735627 0.919585
0 0.579331 0.555633 0.0781582 0.0771284 0.919392
0 0.808849 0.751046 0.0763571 0.0767003 0.919369
0 0.902705 0.297524 0.0736191 0.0738883 0.919243
0 0.558956 0.448983 0.079509 0.0795855 0.918987
0 0.777935 0.394264 0.0761612 0.0753046 0.918736
0 0.280817 0.903642 0.0787404 0.0795393 0.918713
0 0.552421 0.564485 0.0779088 0.0773806 0.918333
0 0.661868 0.496882 0.0766085 0.0759937 0.918122
0 0.232068 0.365064 0.0789834 0.0797366 0.91809
0 0.675949 0.643887 0.0753297 0.0750739 0.917698
0 0.538572 0.44923 0.0798885 0.079747 0.917548
0 0.776898 0.706185 0.0773128 0.0765272 0.917464
0 0.857671 0.078731 0.0735687 0.0739707 0.917184
0 0.84626 0.443125 0.0748848 0.0748003 0.917057
0 0.891283 0.554401 0.0749582 0.075024 0.917043
0 0.934611 0.268564 0.0722628 0.0722692 0.916856
0 0.142507 0.873219 0.0790548 0.0792751 0.916848
0 0.754246 0.157578 0.075263 0.0748175 0.91665
0 0.74522 0.846515 0.075864 0.0766705 0.916644
0 0.926762 0.207537 0.0733048 0.0731171 0.91652
0 0.419679 0.650697 0.0795243 0.080439 0.916491
0 0.623631 0.654618 0.0768653 0.0765475 0.916425
0 0.845212 0.0370412 0.074548 0.0735913 0.916286
0 0.952147 0.131431 0.0745968 0.0739166 0.916254
0 0.849736 0.411138 0.0750402 0.0753359 0.916243
2 0.178073 0.452516 0.0804776 0.0804022 0.916186
2 0.13706 0.589663 0.0787688 0.0784353 0.916048
2 0.589932 0.890104 0.0771151 0.0765274 0.91585
0 0.747453 0.221546 0.0761709 0.076243 0.915808
2 0.88499 0.22328 0.0740242 0.073851 0.915723
0 0.636345 0.147657 0.0751026 0.0746634 0.915684
0 0.267597 0.282799 0.0790377 0.0788311 0.915677
0 0.748661 0.145075 0.0745911 0.0747294 0.915555
0 0.695269 0.485555 0.0759663 0.076241 0.915549
0 0.544751 0.790195 0.0778317 0.0779407 0.915521
0 0.583295 0.169167 0.0757965 0.0759354 0.915369
0 0.907542 0.501627 0.075737 0.0760902 0.915336
0 0.909355 0.394435 0.0754623 0.0747226 0.915305
0 0.785557 0.494298 0.076614 0.0763336 0.915232
0 0.729336 0.562094 0.07568 0.0764477 0.915093
0 0.775926 0.748041 0.0769358 0.0765249 0.915063
2 0.641161 0.90815 0.076511 0.0763592 0.915023
2 0.779646 0.65399 0.0761147 0.0758942 0.915014
0 0.179497 0.0631739 0.080312 0.0807503 0.914905
0 0.902961 0.58223 0.0746899 0.0750174 0.914821
2 0.524181 0.174913 0.0790375 0.078452 0.914817
0 0.638814 0.833408 0.0771206 0.0760173 0.914762
0 0.918035 0.1917 0.0734066 0.0738068 0.914715
0 0.628209 0.523571 0.0763264 0.0758991 0.914679
0 0.648466 0.243677 0.0768293 0.0761157 0.914659
0 0.633836 0.720012 0.0753782 0.075343 0.914595
0 0.397968 0.324164 0.0793567 0.0789068 0.914578
0 0.795276 0.407867 0.0751041 0.0746969 0.914401
0 0.865192 0.128749 0.0742767 0.0740607 0.914378
0 0.432545 0.552085 0.07866 0.0797578 0.914321
0 0.448462 0.206329 0.0799155 0.0781183 0.914302
0 0.767927 0.172797 0.0760511 0.0754718 0.914288
0 0.74165 0.50766 0.0764696 0.0760023 0.914131
0 0.551892 0.679209 0.0789046 0.0780697 0.914026
0 0.85426 0.176164 0.074481 0.0749272 0.914
2 0.155131 0.562747 0.0792125 0.0809785 0.913939
0 0.365703 0.571451 0.0800262 0.0791775 0.913721
0 0.883655 0.0542686 0.074453 0.0741034 0.91371
0 0.783962 0.946257 0.0766788 0.0767521 0.913707
2 0.881079 0.580208 0.0748608 0.0752147 0.913657
2 0.335547 0.24412 0.0792929 0.0778665 0.913645
2 0.740493 0.28218 0.076401 0.0756633 0.913558
0 0.796484 0.42762 0.0760066 0.0755172 0.913527
0 0.395402 0.572095 0.0797338 0.0796799 0.913497
0 0.345057 0.159538 0.0785943 0.0786853 0.913463
0 0.731058 0.644458 0.0754904 0.0753611 0.913413
0 0.659449 0.722746 0.07651 0.0763147 0.913387
0 0.950314 0.712395 0.0760471 0.0754465 0.913134
0 0.599886 0.2069 0.0779156 0.0764037 0.913111
0 0.704616 0.165917 0.0745108 0.0746611 0.913104
0 0.840341 0.493816 0.0750687 0.0754565 0.913053
0 0.921952 0.4065 0.0741032 0.0745841 0.912753
2 0.209494 0.274783 0.0800699 0.0806015 0.912724
0 0.719526 0.182984 0.0759449 0.0754824 0.912717
0 0.690066 0.470659 0.0762894 0.0760231 0.912642
0 0.425463 0.474147 0.0804638 0.0800295 0.91262
0 0.136698 0.52484 0.0807451 0.0806406 0.912335
0 0.482589 0.461481 0.0797295 0.0807686 0.912265
2 0.231658 0.432914 0.0791063 0.0792108 0.912147
0 0.31217 0.419085 0.0790092 0.0778641 0.912127
2 0.51993 0.733727 0.0771769 0.0769557 0.912036
0 0.687926 0.0726283 0.0758411 0.0753991 0.911991
0 0.770165 0.228014 0.0752209 0.07481 0.911981
0 0.901604 0.10735 0.0740639 0.0739618 0.911878
2 0.886854 0.372161 0.074342 0.0746015 0.91187
0 0.711449 0.205512 0.0767273 0.0758602 0.911869
0 0.620968 0.162339 0.0766265 0.076669 0.911838
2 0.524472 0.225641 0.0790083 0.0791591 0.911837
0 0.606175 0.797513 0.0762283 0.0764657 0.911743
0 0.832326 0.373406 0.074548 0.0742898 0.911698
0 0.48447 0.526201 0.0788362 0.0792625 0.911619
0 0.893484 0.79291 0.0753906 0.0756094 0.911131
0 0.592912 0.184524 0.0768164 0.0767734 0.91108
0 0.438358 0.176311 0.0789107 0.0786509 0.910865
2 0.501982 0.877742 0.0781231 0.0775703 0.910853
0 0.344646 0.503237 0.0794737 0.0800541 0.910835
0 0.859161 0.238465 0.0743483 0.0745903 0.910829
0 0.714328 0.835383 0.0766706 0.0774061 0.910829
0 0.89042 0.198169 0.073534 0.0736327 0.910799
0 0.823416 0.0907498 0.0749477 0.0745504 0.910775
2 0.736915 0.877561 0.0776064 0.0776722 0.910765
0 0.805992 0.172468 0.0754824 0.0751961 0.910703
0 0.456051 0.393708 0.0788086 0.0788024 0.910589
0 0.852055 0.286581 0.0739681 0.0743105 0.910534
2 0.79027 0.890883 0.076617 0.0770096 0.91051
0 0.905248 0.742802 0.0762022 0.0757934 0.910465
2 0.290499 0.438654 0.0785164 0.0785143 0.910446
0 0.776687 0.814164 0.0751542 0.0746556 0.910435
0 0.469811 0.597279 0.0779421 0.0788712 0.910389
0 0.89697 0.595932 0.0749943 0.074852 0.910343
0 0.345517 0.289192 0.0781519 0.0785127 0.910322
0 0.311496 0.265953 0.0793631 0.0787454 0.910135
2 0.11573 0.721932 0.0778276 0.0777501 0.910024
0 0.714988 0.613375 0.0759919 0.0759308 0.910016
0 0.492435 0.764144 0.0773475 0.077719 0.910009
0 0.184522 0.344392 0.0804911 0.0800219 0.909979
0 0.451925 0.654382 0.0807678 0.0790659 0.909959
0 0.795077 0.443025 0.0765191 0.0756632 0.909932
0 0.657907 0.440245 0.0764858 0.0767978 0.909821
0 0.601719 0.443496 0.0781557 0.0767468 0.90981
0 0.835523 0.182299 0.0745983 0.0748871 0.909775
0 0.407033 0.551245 0.078911 0.0797064 0.909704
2 0.432026 0.725066 0.0782736 0.079648 0.909601
0 0.850414 0.905159 0.0780653 0.0771763 0.909587
0 0.594986 0.631171 0.0772224 0.0767397 0.909586
0 0.723884 0.495755 0.0764377 0.0758944 0.909547
2 0.636048 0.929702 0.0764677 0.0757465 0.909471
0 0.94255 0.302383 0.0733601 0.0733908 0.909457
1 0.309673 0.547556 0.0807002 0.0809231 0.909453
0 0.959383 0.913991 0.074633 0.0746952 0.909286
0 0.57236 0.0753097 0.0769629 0.077889 0.909226
0 0.440453 0.217462 0.0804051 0.078502 0.90919
0 0.385611 0.429114 0.0795269 0.0783664 0.909145
0 0.907387 0.255037 0.0733211 0.0739892 0.909124
0 0.25474 0.198144 0.0810278 0.0819758 0.909111
0 0.456907 0.489019 0.0786114 0.0796852 0.909047
0 0.343665 0.456005 0.0790646 0.078869 0.909007
0 0.0372296 0.640754 0.0738647 0.0752638 0.908966
0 0.947545 0.569864 0.0743752 0.0743629 0.908835
0 0.625088 0.784774 0.0768607 0.0763449 0.908827
0 0.938433 0.523706 0.075425 0.0753899 0.908757
0 0.796772 0.564814 0.0749086 0.0756276 0.908755
0 0.918649 0.485499 0.0754421 0.0762934 0.90871
0 0.801147 0.391911 0.074533 0.0751451 0.9087
0 0.125205 0.372483 0.0811682 0.0803609 0.908692
0 0.750087 0.436326 0.0766019 0.0757853 0.908505
0 0.399132 0.43789 0.0795796 0.0796467 0.90844
2 0.18598 0.466316 0.080775 0.0803299 0.908383
0 0.87202 0.80979 0.0756542 0.0756014 0.908355
2 0.151085 0.666503 0.0781121 0.0786204 0.90835
0 0.544262 0.545061 0.0774554 0.0777214 0.908333
0 0.69378 0.698484 0.0748686 0.0743799 0.908262
0 0.706053 0.707666 0.0751492 0.0747288 0.908234
2 0.354826 0.955335 0.0759231 0.0754417 0.908153
0 0.964219 0.610159 0.0703907 0.0743025 0.908135
0 0.797115 0.0830335 0.0753612 0.0747523 0.908135
0 0.915246 0.782428 0.0757088 0.0758414 0.90813
0 0.883382 0.326491 0.0748575 0.0749216 0.908083
0 0.96958 0.632561 0.0607853 0.0749137 0.908065
0 0.754031 0.293178 0.0757145 0.0756919 0.908033
0 0.885856 0.49004 0.0750959 0.0749878 0.908012
0 0.843233 0.715557 0.0760406 0.075951 0.907996
0 0.912081 0.829959 0.0762558 0.0755482 0.907986
0 0.177639 0.893475 0.0796412 0.0784657 0.907917
2 0.609189 0.218159 0.0775269 0.0768698 0.907837
0 0.655485 0.793298 0.0756523 0.0753445 0.907778
2 0.745598 0.945109 0.0763052 0.0761896 0.907748
1 0.180964 0.712027 0.0787136 0.0803752 0.907729
0 0.282086 0.200387 0.0790526 0.0786195 0.907712
2 0.636589 0.810259 0.0751289 0.0750116 0.907679
0 0.571514 0.120557 0.0769752 0.0762693 0.907651
0 0.810733 0.33202 0.0750984 0.0746675 0.907625
0 0.78753 0.931415 0.077486 0.076499 0.90759
0 0.965874 0.10542 0.0681557 0.0745064 0.907541
2 0.494963 0.368735 0.0785997 0.0784911 0.907526
0 0.194132 0.256698 0.0802688 0.0799676 0.90731
0 0.74939 0.0455029 0.0757134 0.0753745 0.907257
0 0.892166 0.727842 0.0761496 0.0766624 0.907211
0 0.0424868 0.708427 0.0790262 0.0795818 0.90719
0 0.860962 0.975148 0.0768654 0.0497037 0.907164
0 0.532301 0.763019 0.0763764 0.0760635 0.907107
0 0.530674 0.20668 0.0780674 0.0774999 0.906996
0 0.531307 0.155075 0.0776359 0.0777904 0.906978
0 0.653011 0.145048 0.0745211 0.0744647 0.906903
0 0.704254 0.763919 0.0754128 0.0757519 0.906892
0 0.60622 0.761801 0.0752329 0.0751198 0.906754
0 0.797214 0.107147 0.0746414 0.0748776 0.906676
0 0.468576 0.692871 0.0783277 0.0787926 0.90648
0 0.73716 0.926618 0.0767367 0.0765423 0.906355
0 0.938178 0.254652 0.0732571 0.0728337 0.906247
0 0.773047 0.769236 0.0767286 0.0760784 0.90621
0 0.671786 0.597915 0.0760515 0.0755257 0.906156
0 0.833972 0.471166 0.0756603 0.0754495 0.906052
0 0.508318 0.514451 0.0790136 0.079736 0.906045
0 0.473608 0.266548 0.0788458 0.0781562 0.906018
2 0.344558 0.945409 0.0771939 0.0767296 0.905971
2 0.589911 0.102461 0.0761192 0.0765508 0.905968
0 0.425958 0.583925 0.0798576 0.0785352 0.905928
0 0.655306 0.654648 0.0755438 0.0754936 0.905879
0 0.558588 0.46823 0.0769407 0.0773869 0.905752
0 0.658457 0.84555 0.0755001 0.0753414 0.905673
2 0.800604 0.198366 0.0763975 0.0755085 0.905639
0 0.720619 0.471824 0.0755116 0.0755062 0.905538
0 0.48452 0.169375 0.0770807 0.0768977 0.905426
0 0.229012 0.0869634 0.081341 0.0819761 0.905408
0 0.764658 0.928043 0.0770094 0.0773117 0.905402
0 0.608285 0.483507 0.0765908 0.0767046 0.905363
2 0.694944 0.425851 0.0754364 0.0757584 0.90534
0 0.497649 0.273163 0.077441 0.0770112 0.905284
0 0.0740702 0.769577 0.0803971 0.0787647 0.905262
0 0.230805 0.319487 0.0796146 0.0798237 0.90526
0 0.359948 0.149886 0.0798367 0.0793498 0.905201
0 0.906973 0.632891 0.0760319 0.075687 0.905199
1 0.354515 0.824733 0.0775711 0.0786535 0.905061
0 0.338115 0.374947 0.0793207 0.0794525 0.905
0 0.467063 0.627684 0.0786515 0.0797993 0.904995
2 0.230471 0.17933 0.081448 0.0809913 0.90494
0 0.720405 0.746385 0.0757351 0.0754877 0.904908
0 0.882017 0.163819 0.0734959 0.0732571 0.904859
0 0.670509 0.444108 0.0758656 0.0753813 0.904711
0 0.401023 0.154812 0.080427 0.0791407 0.904651
2 0.11713 0.47327 0.0806435 0.0814182 0.904624
0 0.931519 0.106403 0.0742311 0.0739089 0.904618
0 0.853959 0.662426 0.0765541 0.0767515 0.904604
0 0.972453 0.704073 0.055093 0.0740249 0.904538
0 0.66276 0.321909 0.0762016 0.0757024 0.904483
0 0.881188 0.714845 0.0766254 0.0771065 0.904443
0 0.811813 0.667881 0.0768421 0.076147 0.904391
0 0.862956 0.704584 0.0773899 0.0767224 0.904305
0 0.711089 0.506461 0.0753087 0.075325 0.904263
0 0.615776 0.716317 0.0767073 0.075905 0.904201
2 0.77387 0.837979 0.0755985 0.0751366 0.904153
0 0.808304 0.634223 0.0768534 0.0765522 0.904046
0 0.476447 0.713226 0.0766601 0.0770887 0.904042
0 0.629967 0.0749615 0.0759773 0.0753423 0.903967
0 0.677235 0.100306 0.0743597 0.0746266 0.903924
0 0.55834 0.512407 0.079041 0.0795892 0.903906
0 0.705104 0.255753 0.0754442 0.074835 0.903888
0 0.580813 0.853792 0.0771303 0.0777653 0.903852
0 0.811117 0.296967 0.0755175 0.0748566 0.903834
0 0.524104 0.131123 0.0771402 0.0766238 0.9038
2 0.179392 0.0402783 0.0801193 0.0791531 0.903774
0 0.799035 0.699166 0.0780731 0.0770546 0.903742
0 0.604297 0.944453 0.0759022 0.0753395 0.903683
0 0.67434 0.785839 0.0764412 0.0763901 0.903493
0 0.785186 0.354286 0.0750305 0.0751873 0.903409
0 0.79427 0.258824 0.0740772 0.0742305 0.903399
2 0.665982 0.905426 0.0761459 0.0759861 0.903397
0 0.566443 0.628671 0.0772616 0.0772963 0.903359
2 0.0540334 0.350121 0.0793637 0.0800749 0.903306
0 0.808758 0.730755 0.0766468 0.0765677 0.903242
0 0.736619 0.811094 0.0753298 0.0752132 0.903215
0 0.613392 0.513932 0.0771981 0.0766421 0.903212
0 0.570677 0.0925789 0.0767626 0.0761527 0.903184
0 0.869159 0.857967 0.0763596 0.0757313 0.903184
0 0.658048 0.095621 0.074614 0.0751252 0.903089
0 0.191676 0.28811 0.0801289 0.0799515 0.90306
0 0.854756 0.216753 0.0737282 0.0735173 0.90303
0 0.524865 0.543649 0.0798573 0.0776522 0.902966
0 0.803765 0.837448 0.075979 0.0757099 0.90286
0 0.807242 0.901696 0.0767204 0.0778004 0.902858
0 0.783639 0.0632713 0.0733905 0.0737538 0.902707
0 0.609487 0.117309 0.0768419 0.0760596 0.902622
0 0.897257 0.0727473 0.0745674 0.0741866 0.902608
0 0.552092 0.102523 0.0779419 0.077186 0.902467
0 0.290892 0.367682 0.0786671 0.0775903 0.902342
0 0.557868 0.14489 0.0771313 0.0767857 0.902261
0 0.829695 0.578025 0.0755027 0.0756409 0.901997
0 0.760159 0.273973 0.0746476 0.0750272 0.901943
0 0.408595 0.529094 0.0788714 0.0797962 0.901929
0 0.890589 0.254302 0.0736254 0.0743491 0.901927
0 0.499182 0.585612 0.0796101 0.0785336 0.901926
0 0.893452 0.932423 0.0757294 0.0752947 0.901926
2 0.124652 0.427306 0.0815764 0.0814411 0.901917
2 0.858744 0.728135 0.0762844 0.0764971 0.901858
0 0.935783 0.345385 0.0731527 0.0732674 0.901834
0 0.282526 0.033236 0.0786364 0.0663709 0.901754
0 0.622259 0.359205 0.0772282 0.0767168 0.901751
0 0.836607 0.293464 0.0747946 0.0748493 0.90173
0 0.80708 0.0296946 0.0747843 0.0589463 0.901681
0 0.893721 0.479306 0.0762337 0.0761536 0.90158
0 0.433602 0.566699 0.0784664 0.078198 0.901477
0 0.541129 0.0289987 0.0774653 0.0579974 0.901356
0 0.962694 0.0544365 0.0734486 0.0732013 0.901336
2 0.0941613 0.877523 0.0786774 0.078767 0.901331
0 0.0748459 0.541184 0.0789131 0.0789713 0.901317
0 0.651867 0.266749 0.0767078 0.075917 0.901311
0 0.951025 0.111563 0.0747524 0.0747019 0.901212
0 0.643729 0.496089 0.0759813 0.0759216 0.90112
0 0.631964 0.564797 0.074986 0.0745533 0.901053
0 0.924646 0.664153 0.0744785 0.0737692 0.901027
0 0.957822 0.0413883 0.0735283 0.073817 0.901017
0 0.0386439 0.0350513 0.0772878 0.0701027 0.900982
0 0.253872 0.306433 0.0792653 0.0782102 0.900906
0 0.576523 0.775736 0.0773542 0.0774801 0.900895
2 0.778202 0.545417 0.0759279 0.0756408 0.900844
0 0.754073 0.726341 0.0766848 0.0767139 0.900716
0 0.793868 0.282227 0.0753177 0.075016 0.900693
0 0.522201 0.627462 0.0769703 0.0774893 0.900682
2 0.360245 0.485806 0.0799895 0.0799153 0.900569
0 0.61011 0.585326 0.0768543 0.0765969 0.900566
1 0.228332 0.783481 0.079486 0.0792307 0.900564
0 0.702054 0.114138 0.0745352 0.0745257 0.900527
0 0.841653 0.0750723 0.0746441 0.0753196 0.9005
0 0.367407 0.222146 0.0783003 0.079005 0.900459
1 0.838541 0.825715 0.0764854 0.076189 0.900371
0 0.857067 0.934896 0.0766773 0.0766548 0.900363
0 0.612537 0.616971 0.0770229 0.0771162 0.900114
0 0.569849 0.675572 0.0772293 0.0779926 0.899982
1 0.0772793 0.920923 0.0780297 0.0781895 0.899975
2 0.310714 0.245233 0.0799633 0.0781602 0.899914
0 0.362982 0.255331 0.0788982 0.0782382 0.899895
0 0.637242 0.780676 0.0755548 0.075535 0.89986
0 0.642336 0.0280703 0.0756963 0.0561406 0.899787
0 0.946251 0.366984 0.074226 0.0744069 0.899766
0 0.818026 0.4561 0.0757874 0.0755844 0.899727
2 0.327404 0.195577 0.0801639 0.0795333 0.899494
0 0.916718 0.065562 0.0737316 0.0729741 0.899464
1 0.693041 0.368352 0.075367 0.0755715 0.89945
0 0.897942 0.963258 0.0766695 0.0734831 0.899369
1 0.542004 0.304366 0.0784559 0.0782954 0.89931
0 0.857617 0.588008 0.0750664 0.075164 0.899281
0 0.869854 0.183838 0.0748825 0.0743846 0.899231
0 0.693227 0.802835 0.0760256 0.0756725 0.899154
0 0.453348 0.416196 0.0791295 0.0789395 0.89915
0 0.963205 0.823772 0.0726727 0.0755178 0.899122
0 0.896376 0.269343 0.0725887 0.0728633 0.899076
0 0.893235 0.946265 0.0761578 0.0760544 0.89901
0 0.966628 0.848384 0.0667437 0.0755535 0.898953
2 0.599072 0.964805 0.0747456 0.0699274 0.898937
2 0.118036 0.0395131 0.0810864 0.0781148 0.89883
0 0.354189 0.541514 0.0799538 0.0796644 0.898748
2 0.149691 0.501289 0.0803666 0.0808237 0.898726
0 0.4988 0.657822 0.0788752 0.0776112 0.89868
0 0.974724 0.235706 0.0505522 0.0740943 0.898652
0 0.310988 0.323642 0.0779796 0.0778196 0.898572
0 0.807965 0.242839 0.0751205 0.074816 0.898542
0 0.493123 0.203891 0.0781022 0.0789012 0.898465
1 0.504949 0.961872 0.0757332 0.0749928 0.898345
0 0.565499 0.795385 0.0774242 0.0769704 0.898267
0 0.755792 0.606726 0.0762051 0.0755935 0.89821
0 0.095142 0.397841 0.0792206 0.0803204 0.898199
2 0.708327 0.940664 0.0755128 0.0754845 0.89796
1 0.47244 0.885958 0.0765528 0.0765385 0.897921
0 0.962973 0.388791 0.0707623 0.072931 0.897885
0 0.542373 0.620769 0.0776253 0.0777614 0.897834
0 0.809682 0.86101 0.0746319 0.074675 0.897819
0 0.371547 0.246608 0.0785869 0.0783803 0.897803
2 0.0533939 0.393272 0.077785 0.0778904 0.897795
0 0.633093 0.700723 0.0760927 0.0763006 0.897498
2 0.630319 0.966288 0.0759229 0.0674248 0.897221
0 0.476389 0.203967 0.0794947 0.0791406 0.897213
0 0.884985 0.741644 0.0758213 0.0758484 0.897122
0 0.918179 0.898624 0.0762398 0.0761551 0.897111
0 0.950977 0.511466 0.0742859 0.0736576 0.896935
0 0.934515 0.720427 0.0753975 0.0750584 0.896872
2 0.614595 0.895624 0.07658 0.0763935 0.89687
0 0.742973 0.777018 0.0763715 0.0760609 0.896844
1 0.59641 0.407737 0.0780794 0.0774469 0.896812
1 0.204685 0.963026 0.0774104 0.0739481 0.896776
0 0.418778 0.452138 0.0786133 0.0796876 0.896602
0 0.493295 0.627655 0.0770226 0.0776199 0.896552
0 0.910802 0.435955 0.0750496 0.0754015 0.896548
1 0.158859 0.136062 0.0805659 0.0816327 0.896517
0 0.730746 0.732737 0.0754603 0.0751436 0.896278
1 0.191253 0.784536 0.0789843 0.0791836 0.896188
2 0.0343196 0.322925 0.0686392 0.0791827 0.896174
0 0.672039 0.224526 0.0768738 0.0766986 0.896172
1 0.0448768 0.82631 0.0806867 0.0810493 0.896132
0 0.909708 0.285416 0.0740967 0.0729797 0.896124
0 0.692442 0.681227 0.0755314 0.0751491 0.89608
0 0.911857 0.137142 0.0742418 0.0743542 0.896067
0 0.842485 0.120941 0.0744629 0.0737846 0.896058
0 0.707331 0.797093 0.0754677 0.0753561 0.896023
2 0.0416657 0.306929 0.0792596 0.0791814 0.896004
0 0.619427 0.0264735 0.0765611 0.0523994 0.895899
0 0.549628 0.766771 0.0762146 0.0761664 0.895887
0 0.824513 0.632129 0.0765982 0.0761925 0.89587
0 0.957375 0.58303 0.0749699 0.0743313 0.895803
0 0.543621 0.0394594 0.0774558 0.0759883 0.895768
2 0.12458 0.818859 0.0803347 0.0785244 0.895617
2 0.406562 0.930102 0.0768809 0.0770988 0.895592
2 0.146551 0.784156 0.0788388 0.0784321 0.895554
0 0.417988 0.256548 0.0777047 0.077384 0.89546
0 0.915155 0.872147 0.0762825 0.0761482 0.895426
1 0.717156 0.367925 0.0749111 0.07481 0.895401
0 0.719952 0.451052 0.0765175 0.0766103 0.895335
2 0.140891 0.65146 0.0792632 0.079888 0.895325
0 0.925407 0.769891 0.0746887 0.0745956 0.895234
0 0.971187 0.318627 0.0576265 0.0745591 0.895096
0 0.881023 0.68556 0.0758194 0.0764687 0.895085
2 0.615141 0.0599303 0.0765205 0.0761377 0.89496
1 0.331671 0.772523 0.077949 0.0790235 0.894873
0 0.354598 0.393527 0.078164 0.0777092 0.894747
0 0.637278 0.618292 0.0754339 0.0754721 0.894708
0 0.81409 0.911704 0.0780081 0.0772024 0.894666
0 0.418991 0.563113 0.0784657 0.0795946 0.89466
0 0.159455 0.362602 0.0808485 0.0813146 0.894562
0 0.881581 0.270354 0.0732735 0.0730416 0.894534
0 0.778829 0.104263 0.0748991 0.0748129 0.894417
0 0.753819 0.477601 0.0763174 0.0765323 0.894402
0 0.903036 0.715813 0.0748901 0.0745392 0.89436
0 0.899853 0.217142 0.0735516 0.0734796 0.894214
0 0.739318 0.115171 0.0748606 0.0746763 0.894173
0 0.637312 0.193303 0.077862 0.0767386 0.894102
0 0.558672 0.529973 0.0782246 0.0780349 0.894041
2 0.0260176 0.527756 0.051668 0.0784948 0.894005
0 0.634891 0.596665 0.0764152 0.0769945 0.893835
0 0.771736 0.666685 0.0762628 0.0763184 0.893719
0 0.308423 0.341273 0.0775477 0.0774587 0.893696
1 0.289862 0.822552 0.0796205 0.0797432 0.893685
1 0.166209 0.213828 0.080717 0.0812137 0.893628
0 0.751925 0.100104 0.075074 0.0753663 0.8936
0 0.669455 0.406808 0.0764114 0.0759921 0.893417
0 0.736278 0.677042 0.0761228 0.075622 0.893345
0 0.561948 0.740671 0.0777328 0.077013 0.893345
0 0.689807 0.727341 0.0751097 0.0756758 0.893258
2 0.384674 0.462279 0.0797484 0.0802147 0.893194
0 0.662289 0.537654 0.0773972 0.076104 0.893117
0 0.354562 0.328518 0.0784885 0.078896 0.892985
2 0.04224 0.593188 0.0792115 0.0779006 0.892478
1 0.578214 0.293964 0.0783785 0.0775767 0.892437
1 0.308659 0.578107 0.079638 0.0805101 0.892433
0 0.961867 0.782182 0.0750885 0.0752397 0.892372
0 0.627561 0.13643 0.0762209 0.0770884 0.892134
0 0.966616 0.756112 0.0667675 0.0745574 0.892026
0 0.861226 0.952438 0.0766636 0.0766941 0.891954
1 0.244299 0.902054 0.0788273 0.0801533 0.891905
0 0.711955 0.125371 0.0739491 0.073654 0.891809
0 0.780187 0.266371 0.0753212 0.0754551 0.891796
0 0.95478 0.281902 0.073329 0.0734714 0.891783
2 0.13448 0.765859 0.0780393 0.077956 0.891772
0 0.963623 0.14401 0.0724785 0.074364 0.8917
0 0.553093 0.709947 0.0784347 0.0777854 0.891659
0 0.948716 0.87767 0.0768667 0.0760937 0.891564
2 0.67961 0.431754 0.0756118 0.0762074 0.891556
0 0.271548 0.247822 0.080041 0.0804246 0.891419
0 0.459175 0.434875 0.0784594 0.0784339 0.891412
2 0.193094 0.0494938 0.0794906 0.0806857 0.891198
2 0.755569 0.407381 0.0749369 0.0748296 0.891079
0 0.930906 0.0510084 0.0740675 0.0732446 0.891074
1 0.294784 0.932569 0.0786251 0.0784782 0.890925
0 0.97231 0.918952 0.0553808 0.0756741 0.890778
0 0.796062 0.297412 0.0749565 0.0749591 0.890768
1 0.602588 0.24748 0.0778051 0.0778282 0.890704
0 0.882228 0.387952 0.0758831 0.0754275 0.890676
2 0.235638 0.453619 0.0809133 0.0799634 0.89065
0 0.970461 0.373625 0.0590778 0.0735023 0.890533
2 0.560549 0.961107 0.0775482 0.0748207 0.890529
2 0.675953 0.877751 0.076789 0.0771526 0.890509
0 0.720203 0.789532 0.0752486 0.0754839 0.890467
2 0.516104 0.664736 0.0776065 0.0779215 0.890203
1 0.543485 0.336868 0.0781032 0.0777985 0.890188
2 0.516837 0.832478 0.0775898 0.0773392 0.890141
2 0.361137 0.936085 0.0755261 0.0766468 0.890129
2 0.11544 0.79402 0.0796854 0.0796122 0.890089
1 0.265433 0.541699 0.0810962 0.0799095 0.889946
1 0.292852 0.80059 0.0780653 0.0791862 0.889937
1 0.456814 0.859747 0.077372 0.0778584 0.889917
0 0.461072 0.273144 0.0773279 0.077222 0.88984
0 0.246351 0.280653 0.078204 0.0799987 0.889827
0 0.958964 0.534876 0.074498 0.0744812 0.889691
0 0.505903 0.301374 0.0774117 0.0783631 0.889612
1 0.23741 0.39685 0.0795009 0.0785615 0.889487
0 0.704114 0.541972 0.0751549 0.0746956 0.889424
2 0.489475 0.562994 0.0796604 0.079606 0.889401
0 0.768413 0.477952 0.0756624 0.0751754 0.889345
0 0.560783 0.775179 0.0783088 0.0781643 0.888873
0 0.466215 0.310551 0.0779851 0.0774818 0.888865
0 0.446811 0.148519 0.0779316 0.0781872 0.888756
0 0.775629 0.898145 0.0769485 0.0763332 0.888743
0 0.756602 0.112541 0.0747585 0.0742216 0.888702
1 0.365292 0.0674013 0.0779693 0.0769767 0.888526
1 0.230585 0.762447 0.0785143 0.0802121 0.888389
0 0.959253 0.743505 0.0737881 0.0737793 0.888355
0 0.960382 0.0262988 0.0728867 0.0519885 0.888305
0 0.283662 0.297713 0.0796462 0.0797171 0.888301
0 0.903983 0.448528 0.0754189 0.0744944 0.888276
0 0.41177 0.294024 0.0789372 0.0775225 0.888119
0 0.726877 0.703859 0.0766789 0.0761778 0.887999
0 0.90938 0.169458 0.0736267 0.073374 0.887706
2 0.15934 0.82177 0.0800709 0.079376 0.887659
0 0.366722 0.965912 0.0754491 0.0681767 0.88761
0 0.225977 0.277088 0.0815451 0.0820214 0.887573
0 0.757054 0.255405 0.0757385 0.0756886 0.887515
2 0.94087 0.805268 0.0749771 0.0756573 0.887455
2 0.0413763 0.554998 0.078554 0.0785586 0.887401
0 0.676292 0.630237 0.0758047 0.0757266 0.887235
2 0.0283731 0.616566 0.0567142 0.0742854 0.886835
0 0.817431 0.417713 0.074311 0.0749907 0.886806
0 0.936203 0.0246916 0.0721653 0.0492519 0.886769
0 0.721404 0.198795 0.0754316 0.0758462 0.886549
0 0.470476 0.642824 0.0784195 0.0782948 0.88637
2 0.0605419 0.379216 0.0792139 0.0789351 0.886175
0 0.478603 0.314523 0.0775986 0.0772962 0.886092
1 0.480884 0.961196 0.0777016 0.0765795 0.885844
0 0.894122 0.0605763 0.0741482 0.0737874 0.885706
0 0.582748 0.71527 0.0763815 0.0765847 0.885159
2 0.374124 0.475696 0.0805352 0.080591 0.884943
0 0.620422 0.127587 0.0754175 0.0760927 0.88494
0 0.465018 0.503226 0.0792677 0.0792261 0.884808
2 0.162723 0.0409594 0.0803406 0.0787896 0.884728
2 0.131674 0.477007 0.080084 0.0813141 0.884484
1 0.8359 0.860536 0.0767342 0.0768526 0.884477
2 0.635222 0.894451 0.0759529 0.0760832 0.884472
0 0.965214 0.195033 0.0695723 0.0745577 0.88432
2 0.147772 0.314483 0.0803064 0.0809592 0.884193
2 0.426852 0.970572 0.0779297 0.0586475 0.884162
0 0.667572 0.0422249 0.0759176 0.0764055 0.883995
2 0.174928 0.836338 0.0802618 0.0792138 0.883957
2 0.656913 0.463898 0.0764235 0.0768319 0.883934
0 0.75933 0.756958 0.076086 0.0761694 0.883901
0 0.972827 0.660029 0.0543453 0.0747677 0.883624
0 0.429598 0.308493 0.0776962 0.077389 0.883613
1 0.180645 0.118662 0.0796758 0.0799386 0.883297
0 0.511418 0.381723 0.0796087 0.079272 0.882704
0 0.87034 0.748543 0.0766995 0.0764661 0.882302
2 0.702422 0.853452 0.0754285 0.0757563 0.882283
0 0.473045 0.431515 0.0800851 0.0791844 0.881432
0 0.399284 0.40469 0.0782143 0.0787876 0.88143
0 0.516561 0.449177 0.0793797 0.0802433 0.881194
1 0.134716 0.616288 0.0785445 0.0790844 0.881017
2 0.778264 0.520777 0.0770734 0.0763998 0.880907
0 0.692836 0.572594 0.076029 0.0755604 0.880826
0 0.965566 0.179879 0.0688681 0.0740653 0.88046
1 0.434702 0.853266 0.077413 0.0773386 0.880241
0 0.327437 0.464886 0.0800991 0.0799998 0.880232
0 0.939134 0.828137 0.0752644 0.0748884 0.880056
0 0.654113 0.759333 0.0761272 0.0759243 0.879931
2 0.961077 0.684586 0.0735336 0.0742783 0.879862
1 0.352036 0.763427 0.0790794 0.0785064 0.879802
1 0.343401 0.0263607 0.0776418 0.0527214 0.879794
0 0.0963611 0.307257 0.0800334 0.0801476 0.879559
0 0.964648 0.570299 0.0707045 0.073933 0.879514
0 0.520507 0.40154 0.0782902 0.079438 0.879459
0 0.82667 0.063872 0.0754879 0.0752601 0.879365
0 0.393732 0.193803 0.0786448 0.0785289 0.879315
1 0.257641 0.947598 0.0794255 0.0804016 0.879177
1 0.0616703 0.924909 0.0794411 0.0792725 0.878972
0 0.271657 0.36851 0.0786982 0.0774308 0.878665
1 0.732032 0.337906 0.0738487 0.0735632 0.878254
0 0.809112 0.230154 0.0751741 0.0750761 0.878236
0 0.918561 0.161842 0.0743752 0.0736713 0.878226
0 0.768844 0.328024 0.0745651 0.0749397 0.878105
0 0.78939 0.510727 0.0767881 0.0765266 0.878035
1 0.339782 0.0366342 0.0771097 0.0722574 0.877797
1 0.192481 0.570363 0.0798604 0.0794013 0.877779
0 0.501804 0.613747 0.0787456 0.0779084 0.877569
1 0.199366 0.931288 0.0803625 0.0793161 0.877367
1 0.432202 0.0319828 0.0786612 0.0639656 0.876998
2 0.123031 0.0292786 0.08192 0.0585572 0.876785
0 0.605391 0.526805 0.0770488 0.0775387 0.876654
0 0.784311 0.0446046 0.0754517 0.0749953 0.876588
0 0.52938 0.612647 0.0777998 0.0779964 0.876523
0 0.971914 0.340278 0.0561722 0.0745829 0.876404
1 0.829426 0.780044 0.0767073 0.0765733 0.876373
1 0.373942 0.0316381 0.0782868 0.0631157 0.876082
0 0.577077 0.724109 0.0758083 0.0757755 0.875992
0 0.94254 0.0351895 0.0741503 0.0695137 0.875856
0 0.677039 0.724299 0.0745941 0.0747527 0.875817
1 0.317467 0.0296582 0.078701 0.0592595 0.875097
2 0.0209923 0.675135 0.0419847 0.0789537 0.875096
1 0.686568 0.297952 0.075438 0.0753538 0.874711
0 0.660931 0.0750615 0.0756729 0.0756273 0.874703
0 0.804628 0.217114 0.0740166 0.0737884 0.87457
2 0.186402 0.97097 0.0803727 0.0580606 0.87438
0 0.905859 0.920296 0.0752872 0.0751278 0.874179
0 0.768581 0.253143 0.0756115 0.0758315 0.873852
1 0.317879 0.651077 0.0800004 0.080402 0.873828
2 0.487277 0.401155 0.0812317 0.0803332 0.873751
0 0.686441 0.125098 0.0748322 0.0745733 0.873399
0 0.86574 0.884939 0.075989 0.0756441 0.87275
0 0.85151 0.3848 0.0738285 0.0736568 0.872717
0 0.974311 0.54138 0.051379 0.0745768 0.87267
0 0.156543 0.976566 0.0792893 0.0464228 0.872474
0 0.106352 0.421987 0.0792908 0.0802981 0.872463
1 0.161391 0.230855 0.0810986 0.079976 0.871917
1 0.148817 0.175219 0.0815748 0.0814987 0.871915
2 0.96338 0.329109 0.070426 0.0739489 0.871879
2 0.157322 0.779624 0.0786735 0.078482 0.871739
0 0.741232 0.183764 0.0745893 0.0746936 0.87172
0 0.803399 0.971367 0.0780291 0.0572653 0.871463
0 0.744283 0.822226 0.0760632 0.0760374 0.87143
1 0.693509 0.970413 0.0745924 0.0591736 0.870841
2 0.0740249 0.706441 0.0807499 0.0796909 0.870147
0 0.97393 0.355234 0.0521403 0.0744315 0.870094
0 0.91792 0.801462 0.0756273 0.075569 0.869943
2 0.225872 0.201796 0.0824248 0.0815256 0.869847
0 0.466677 0.816748 0.077649 0.0778145 0.869809
1 0.442051 0.904464 0.076759 0.077335 0.869098
1 0.245891 0.800295 0.0790758 0.0784245 0.868819
0 0.895177 0.856415 0.0747448 0.074968 0.868786
2 0.683885 0.837057 0.076049 0.0767128 0.868641
0 0.870271 0.262661 0.0742352 0.0739221 0.868634
0 0.835205 0.331261 0.0741802 0.0743407 0.868171
0 0.972011 0.735153 0.0559788 0.0744413 0.867653
0 0.329094 0.406262 0.078 0.0783933 0.867118
0 0.322605 0.356543 0.078872 0.0777662 0.866989
0 0.779718 0.141594 0.0743933 0.0738143 0.866817
0 0.668431 0.17858 0.0751291 0.075012 0.866637
0 0.646391 0.64779 0.0756346 0.0752741 0.86662
2 0.106533 0.376965 0.0797875 0.0802462 0.866453
0 0.799475 0.119249 0.0744379 0.0742372 0.866407
2 0.063777 0.862045 0.0779502 0.0782482 0.865999
0 0.830511 0.154782 0.0739447 0.0742072 0.865948
1 0.446097 0.0465007 0.0787535 0.0783307 0.865704
2 0.0194412 0.428273 0.0387769 0.0788227 0.865639
0 0.925497 0.0297514 0.0730785 0.0592464 0.865544
2 0.0385049 0.462509 0.0770097 0.0806301 0.865427
2 0.185321 0.421243 0.080417 0.0798558 0.865363
0 0.66664 0.0667042 0.075637 0.0753696 0.865084
0 0.733436 0.144555 0.0743534 0.0741958 0.865045
0 0.0848829 0.392552 0.0797256 0.0791376 0.864861
2 0.306308 0.209598 0.078866 0.0801616 0.864826
2 0.0748358 0.408008 0.0787145 0.079084 0.864615
2 0.529938 0.919738 0.0776482 0.0773657 0.864586
2 0.346993 0.599488 0.0811622 0.0817763 0.864292
1 0.810802 0.799525 0.076446 0.0762547 0.863986
0 0.975204 0.184618 0.0495924 0.0744119 0.863983
0 0.793542 0.310832 0.0737814 0.073825 0.86379
0 0.951292 0.861626 0.0763737 0.0760422 0.863778
2 0.706974 0.957225 0.0751415 0.0750771 0.863357
2 0.166324 0.0260107 0.0799969 0.0520166 0.862445
0 0.3825 0.387577 0.0791998 0.0796842 0.862188
2 0.0914309 0.514423 0.0796895 0.080789 0.86218
0 0.97529 0.395115 0.0494204 0.0743564 0.861679
1 0.223999 0.926738 0.0805974 0.0804447 0.861162
1 0.682536 0.321352 0.0751328 0.0756467 0.861107
0 0.445901 0.610705 0.0782093 0.0778999 0.860694
2 0.835 0.90369 0.0764954 0.0763002 0.860427
1 0.724885 0.397094 0.0751768 0.0743056 0.860302
2 0.64377 0.40752 0.0766953 0.0765064 0.860024
0 0.478853 0.443709 0.0786467 0.0786674 0.859633
0 0.514535 0.530513 0.0777779 0.0777988 0.858959
1 0.263137 0.916999 0.0799347 0.0791765 0.858895
2 0.0430222 0.371829 0.0777615 0.0768059 0.858845
0 0.734293 0.483236 0.0764297 0.0763062 0.858754
1 0.442045 0.872223 0.0775739 0.0774673 0.858723
0 0.720775 0.0203903 0.0749744 0.0405041 0.856941
2 0.140935 0.379903 0.0799174 0.0801213 0.85621
2 0.42199 0.979476 0.0784636 0.0410482 0.856184
0 0.514343 0.142129 0.0774085 0.0771319 0.856145
2 0.807058 0.687093 0.0766892 0.0765017 0.856062
2 0.134051 0.724823 0.0781485 0.0774701 0.855721
2 0.0211098 0.504913 0.0422196 0.0776464 0.855719
2 0.0304148 0.538646 0.060727 0.0787868 0.855693
1 0.656688 0.975832 0.072618 0.0483368 0.85556
2 0.0697814 0.564888 0.0788548 0.0797125 0.855275
0 0.861506 0.404378 0.0758308 0.0758657 0.854685
2 0.0232082 0.56481 0.0464164 0.0790604 0.854427
2 0.451121 0.814988 0.0772911 0.0770155 0.853716
0 0.907727 0.539692 0.07341 0.0732882 0.853373
1 0.158885 0.744996 0.0793071 0.0790467 0.853242
0 0.796701 0.0409197 0.0754938 0.0744501 0.853019
1 0.367819 0.917764 0.0766544 0.0760683 0.853018
0 0.874502 0.627937 0.0751583 0.0749784 0.852949
1 0.38015 0.818852 0.0780165 0.0776026 0.852916
0 0.971044 0.889683 0.0577963 0.0762531 0.852691
2 0.132043 0.779305 0.077923 0.0785685 0.85204
2 0.466501 0.18866 0.0785872 0.0786927 0.851973
2 0.07998 0.821399 0.0795267 0.0796684 0.85184
2 0.7519 0.419999 0.0749066 0.0745061 0.851735
2 0.0273948 0.443699 0.0547422 0.0794438 0.851363
1 0.377717 0.90286 0.0772712 0.0773592 0.85109
0 0.651254 0.196806 0.0754562 0.0753673 0.851053
0 0.439773 0.595662 0.0793929 0.0784822 0.851044
1 0.451808 0.97197 0.07852 0.0556301 0.850575
2 0.105718 0.325045 0.0818843 0.0827886 0.850407
2 0.105279 0.0507429 0.0806071 0.0810133 0.85038
0 0.747619 0.0195506 0.075938 0.0389697 0.850036
1 0.306354 0.68052 0.0791313 0.0791052 0.849634
0 0.291356 0.391689 0.0778129 0.0782996 0.849564
0 0.565657 0.109315 0.077087 0.0770492 0.84951
0 0.46303 0.172416 0.0777254 0.0773812 0.849463
0 0.818288 0.360208 0.0742027 0.0736034 0.84878
2 0.529058 0.244612 0.0785246 0.0775692 0.848556
0 0.484478 0.489741 0.0799437 0.0807075 0.848299
1 0.433812 0.884603 0.0778814 0.0779999 0.848106
1 0.587847 0.279012 0.078511 0.0780544 0.848092
2 0.462017 0.287848 0.0800465 0.0800736 0.847619
1 0.450447 0.0282199 0.0782407 0.0559911 0.847615
2 0.54715 0.661298 0.0774052 0.0776781 0.847071
2 0.0782491 0.556751 0.0805672 0.0794897 0.846381
1 0.259469 0.971286 0.0793525 0.0574278 0.846218
2 0.777473 0.571688 0.0755501 0.0758207 0.846016
0 0.261552 0.375163 0.0791008 0.0788434 0.845885
1 0.41674 0.905147 0.077249 0.0775154 0.845843
2 0.503779 0.670821 0.0769101 0.0772207 0.845687
2 0.71444 0.693145 0.0756617 0.0754089 0.845257
2 0.715926 0.907282 0.0758699 0.075581 0.845041
0 0.638895 0.742416 0.0761879 0.0754974 0.844979
2 0.845544 0.61128 0.0759943 0.0761788 0.844552
2 0.885067 0.919158 0.0765091 0.0759918 0.844478
2 0.0257789 0.334891 0.0515578 0.0787289 0.844261
2 0.741017 0.248357 0.0759851 0.0763769 0.84388
2 0.287437 0.224697 0.0800076 0.0798723 0.843313
2 0.582285 0.0620072 0.0765079 0.0768691 0.842969
0 0.763001 0.0370932 0.0751126 0.0727459 0.842178
0 0.730503 0.895996 0.0765593 0.076405 0.841811
2 0.484061 0.3372 0.0776609 0.0782936 0.841721
1 0.417521 0.87909 0.0771548 0.0773758 0.841495
0 0.50732 0.317158 0.0772677 0.0770586 0.840991
0 0.678107 0.505191 0.0754301 0.0753588 0.840597
0 0.977641 0.796924 0.0447174 0.0753663 0.840338
0 0.586106 0.930919 0.0757494 0.075882 0.839933
2 0.685854 0.389969 0.0765091 0.0767778 0.839092
2 0.695722 0.943823 0.075099 0.0747818 0.839084
2 0.688406 0.413236 0.0749476 0.074793 0.83903
0 0.978332 0.0946285 0.0432201 0.0744717 0.838833
0 0.823692 0.741668 0.0750156 0.0753353 0.838729
0 0.967008 0.933416 0.0659832 0.0755196 0.838423
0 0.90243 0.186541 0.0734257 0.0742805 0.837041
0 0.490731 0.254759 0.0783371 0.0783573 0.836574
2 0.327858 0.607938 0.0808097 0.0798956 0.836377
0 0.792619 0.245641 0.0745253 0.0745131 0.836332
1 0.364898 0.780164 0.0782254 0.0775188 0.836265
0 0.14123 0.0317006 0.0792882 0.0634011 0.836044
0 0.740876 0.167911 0.0754065 0.0752668 0.835042
2 0.0193153 0.69363 0.0386307 0.0784965 0.83504
1 0.161599 0.922216 0.079614 0.0794889 0.834892
2 0.0254799 0.855355 0.0509598 0.0793415 0.834373
0 0.864692 0.141363 0.0738251 0.0734412 0.83407
2 0.702718 0.0592062 0.0736325 0.0739762 0.833274
1 0.288497 0.967096 0.0755644 0.0658089 0.83298
2 0.401641 0.780192 0.0792476 0.0774248 0.832879
0 0.601133 0.729166 0.0756969 0.0756956 0.832752
2 0.9196 0.304577 0.0723393 0.0730712 0.832741
2 0.606857 0.973245 0.073613 0.0535095 0.831904
0 0.142905 0.965469 0.078221 0.0690121 0.831768
2 0.254126 0.42347 0.0780159 0.0790847 0.831455
2 0.0252407 0.032926 0.0504815 0.0651295 0.831436
0 0.732323 0.130236 0.0743085 0.0748939 0.830701
0 0.980987 0.871713 0.0378017 0.0742708 0.830241
2 0.36537 0.296448 0.0785405 0.0781416 0.829842
2 0.125387 0.510602 0.081169 0.0813551 0.829568
2 0.937851 0.422015 0.0760546 0.0754987 0.829551
1 0.409444 0.0239436 0.0744111 0.04757 0.829112
0 0.877389 0.785124 0.0761078 0.0758292 0.828892
0 0.684003 0.151851 0.0740442 0.073827 0.828395
1 0.136865 0.117507 0.0810063 0.0803227 0.827799
2 0.86343 0.158041 0.0741802 0.0746022 0.82684
2 0.857845 0.492123 0.0748734 0.0749735 0.826359
1 0.345465 0.733049 0.0782549 0.0782284 0.826271
1 0.245371 0.576919 0.0793827 0.0803492 0.826055
1 0.290802 0.568874 0.0807265 0.0794254 0.825992
0 0.193153 0.302345 0.0800576 0.079021 0.825382
2 0.395404 0.919003 0.0770617 0.0768303 0.825096
0 0.925062 0.376877 0.0744627 0.0746275 0.824036
0 0.626942 0.665622 0.0754335 0.0748384 0.823572
0 0.151556 0.954051 0.0795436 0.0802681 0.823362
1 0.560601 0.258285 0.0766705 0.0762402 0.823156
1 0.282348 0.523762 0.0802684 0.0813578 0.821442
0 0.967426 0.250538 0.0651469 0.0724622 0.820804
1 0.0347949 0.787642 0.0695899 0.0809029 0.82017
2 0.232281 0.712517 0.0793803 0.0803839 0.819924
2 0.715405 0.253394 0.0757602 0.0762033 0.819439
2 0.665992 0.941187 0.0751888 0.0751049 0.819343
0 0.976657 0.518351 0.0466861 0.0710598 0.819082
0 0.959176 0.764442 0.0755196 0.0763731 0.81907
0 0.924887 0.792165 0.0743259 0.0741673 0.818994
0 0.911873 0.033861 0.0720024 0.067166 0.816955
0 0.714273 0.093312 0.0739702 0.0739201 0.81676
1 0.167483 0.798423 0.0783997 0.0799039 0.816607
1 0.0291768 0.823136 0.0583535 0.0796886 0.81538
0 0.664419 0.249957 0.0767591 0.0763645 0.814675
0 0.439497 0.455044 0.0797067 0.0786597 0.813534
1 0.109097 0.131818 0.0809753 0.079992 0.813022
1 0.571905 0.255356 0.0774888 0.0775715 0.810463
2 0.672558 0.485974 0.0764282 0.0764886 0.809986
0 0.424824 0.377322 0.0792206 0.0782924 0.809981
0 0.74878 0.668784 0.0768061 0.0761145 0.809577
2 0.577869 0.540851 0.0765881 0.0764315 0.807921
2 0.460277 0.528885 0.0799875 0.0803618 0.807285
1 0.301609 0.980047 0.0754796 0.0399063 0.806426
2 0.0711349 0.326151 0.0794687 0.0799818 0.805835
2 0.521549 0.716651 0.0764481 0.0770746 0.804698
2 0.644048 0.665878 0.0755102 0.076244 0.804102
2 0.0868899 0.623995 0.0796367 0.0794308 0.803886
0 0.323949 0.31663 0.0775378 0.0774844 0.803592
2 0.704614 0.602499 0.0761508 0.0747826 0.803328
2 0.889759 0.0346017 0.0735645 0.0687289 0.803163
2 0.977019 0.265028 0.0459622 0.0732434 0.803076
0 0.419592 0.612156 0.0788816 0.0798447 0.802729
0 0.665896 0.113654 0.0752103 0.0746569 0.802049
2 0.83294 0.255643 0.0747654 0.0746195 0.801886
0 0.6191 0.768803 0.0758054 0.075214 0.801613
2 0.90346 0.520894 0.0756352 0.0756971 0.801033
0 0.276928 0.356252 0.0792755 0.0776903 0.800559
0 0.97826 0.0203752 0.0428263 0.0401467 0.800173
1 0.257289 0.781761 0.0787893 0.0784813 0.800114
1 0.152575 0.246497 0.0817735 0.0806314 0.799502
2 0.566781 0.979198 0.0752989 0.0416033 0.798807
1 0.320278 0.810021 0.0785762 0.0792496 0.79859
1 0.183326 0.663215 0.0795288 0.0800801 0.797872
0 0.976393 0.286342 0.0472147 0.072751 0.797816
2 0.521814 0.820634 0.077957 0.0776648 0.795172
2 0.403178 0.974218 0.0776205 0.05117 0.794713
1 0.0230481 0.401599 0.0460962 0.0791348 0.794453
0 0.71347 0.565344 0.0757061 0.0752101 0.793953
0 0.0239199 0.885511 0.0477294 0.0741535 0.792893
0 0.917253 0.549424 0.0744831 0.0735975 0.792821
2 0.973605 0.139162 0.0527905 0.0748162 0.79197
2 0.458737 0.714244 0.0791301 0.0792346 0.791868
2 0.123611 0.681517 0.0780776 0.0794606 0.791449
0 0.737132 0.217449 0.0745481 0.0738427 0.79135
2 0.594493 0.139645 0.0772221 0.0773797 0.791089
0 0.803572 0.345837 0.0741947 0.0748801 0.788575
0 0.653177 0.680553 0.074989 0.0750631 0.788055
1 0.0794014 0.672317 0.0788784 0.0802588 0.787201
2 0.104615 0.603261 0.0801217 0.0802072 0.786005
2 0.954874 0.267836 0.0734739 0.0732417 0.785804
1 0.65388 0.956938 0.0751257 0.0751831 0.785785
1 0.0278838 0.176989 0.05535 0.077683 0.785351
0 0.509459 0.804412 0.0778765 0.0773211 0.784495
0 0.69224 0.0179308 0.0730272 0.0358616 0.783334
2 0.191678 0.694181 0.0788572 0.0784061 0.782292
0 0.782484 0.468962 0.0753012 0.0751687 0.782107
0 0.630585 0.113895 0.0753243 0.0748691 0.781852
2 0.0211895 0.655163 0.0423789 0.0780342 0.781405
2 0.432645 0.426317 0.0787916 0.0793556 0.781287
0 0.681171 0.0364013 0.0762483 0.0723383 0.780832
0 0.166846 0.635012 0.0796956 0.0800035 0.780823
1 0.13003 0.150419 0.0808396 0.0820169 0.780507
0 0.899992 0.407841 0.0759239 0.0752121 0.780174
2 0.30517 0.381257 0.0783416 0.0777655 0.779995
0 0.761159 0.712056 0.0757397 0.0767605 0.779477
2 0.0453982 0.622175 0.0790337 0.0790115 0.778898
2 0.131683 0.968583 0.0779917 0.0628338 0.777888
0 0.916428 0.91329 0.0764742 0.0764782 0.776226
0 0.49128 0.324888 0.078178 0.0786361 0.776107
2 0.312802 0.4435 0.0790808 0.0784148 0.775917
1 0.0982195 0.118707 0.0812184 0.08007 0.775806
1 0.392403 0.813176 0.0782355 0.0790537 0.77507
0 0.460125 0.230504 0.077466 0.0775345 0.772897
1 0.282636 0.975467 0.0782577 0.0490661 0.770905
0 0.392737 0.55699 0.0796993 0.079902 0.770066
0 0.393309 0.294507 0.0781107 0.0783601 0.769809
2 0.0189418 0.840466 0.0378835 0.0792236 0.768384
0 0.433942 0.616968 0.0790529 0.0780028 0.768228
2 0.0742671 0.0217624 0.0805278 0.0435247 0.767138
1 0.0292564 0.756214 0.0581519 0.0796343 0.764852
0 0.466784 0.474303 0.0782397 0.0798676 0.764502
1 0.761893 0.966676 0.0761424 0.0666485 0.763457
2 0.119626 0.0669698 0.0801143 0.0808752 0.762594
0 0.849424 0.981855 0.0784426 0.0361309 0.762213
1 0.741851 0.36185 0.0744785 0.0738755 0.761594
1 0.204259 0.973896 0.0757683 0.0522078 0.760238
2 0.0309942 0.594736 0.0619884 0.0753578 0.759194
2 0.742183 0.972754 0.0763544 0.0544925 0.757946
2 0.472984 0.867962 0.0785456 0.0779846 0.757042
2 0.390457 0.843787 0.0774028 0.0773865 0.755628
0 0.428317 0.294159 0.0779996 0.0771604 0.755124
0 0.621234 0.104295 0.0750212 0.075201 0.755012
1 0.305933 0.762373 0.0771767 0.0771011 0.754734
0 0.975427 0.690226 0.0491465 0.0752062 0.7533
2 0.699132 0.748725 0.0755871 0.0754925 0.752277
2 0.620593 0.186109 0.0765832 0.0767993 0.752076
1 0.0507217 0.100617 0.0830048 0.0828611 0.752051
0 0.851531 0.0292517 0.0729277 0.0585035 0.751708
0 0.708599 0.637638 0.0751701 0.0753359 0.749584
2 0.0915253 0.337435 0.0802082 0.0812161 0.746391
0 0.637193 0.0353661 0.076068 0.0707321 0.74539
0 0.940766 0.168721 0.0734245 0.0733811 0.745161
1 0.105448 0.281733 0.0797464 0.079646 0.745151
1 0.435187 0.0188486 0.0771317 0.0376972 0.744693
0 0.865301 0.963949 0.0755346 0.0714203 0.742684
1 0.474765 0.0818945 0.0751713 0.0753625 0.741149
2 0.576947 0.518321 0.0767514 0.0769741 0.738117
1 0.242492 0.501647 0.0785875 0.0789036 0.73755
0 0.633555 0.478053 0.0765841 0.0768232 0.737526
2 0.543433 0.973935 0.0755457 0.0521309 0.735422
2 0.433077 0.39974 0.0798312 0.0782208 0.734819
1 0.186486 0.806419 0.0801545 0.0794212 0.730979
1 0.0380595 0.416703 0.076119 0.0785911 0.730119
0 0.445012 0.283216 0.0779362 0.0785949 0.730059
2 0.166318 0.323668 0.0797333 0.081253 0.729715
1 0.950383 0.406429 0.0755278 0.0752176 0.72817
0 0.413694 0.671962 0.079835 0.0793447 0.726437
1 0.595981 0.322367 0.0764853 0.0770272 0.722046
2 0.0498836 0.634936 0.0799772 0.0800512 0.720048
1 0.460025 0.0172151 0.0754198 0.0344303 0.719927
2 0.273552 0.0676013 0.0821304 0.0812164 0.719786
2 0.139566 0.573539 0.0785787 0.0798094 0.719617
1 0.391428 0.893092 0.076722 0.076862 0.71913
0 0.646545 0.481756 0.0762436 0.0763048 0.717882
1 0.779901 0.423215 0.0756948 0.0758913 0.717123
0 0.98145 0.785873 0.0370999 0.0750864 0.716915
2 0.395971 0.362629 0.0789911 0.0791786 0.716589
1 0.261552 0.49854 0.0803734 0.0806271 0.714704
2 0.316112 0.430378 0.0786623 0.0780946 0.713833
2 0.156071 0.706709 0.0785452 0.0787107 0.713401
2 0.205155 0.319907 0.079035 0.0791467 0.71254
1 0.593033 0.306113 0.0766839 0.0770975 0.710805
0 0.943791 0.603165 0.0744762 0.0743842 0.710496
2 0.301119 0.133684 0.0818666 0.0807325 0.709624
2 0.588318 0.153602 0.0767445 0.0769197 0.709137
2 0.731969 0.976674 0.0741366 0.0462711 0.707888
1 0.667123 0.958632 0.0751319 0.0749001 0.706262
0 0.871939 0.245254 0.0725796 0.0727539 0.705086
0 0.933022 0.393651 0.074754 0.0745541 0.704551
2 0.733939 0.719065 0.0760331 0.0757355 0.704426
0 0.548874 0.636946 0.0763881 0.0761482 0.703152
1 0.53 0.0159084 0.0780285 0.0318168 0.702799
0 0.623391 0.551572 0.0766915 0.0771955 0.702635
0 0.451835 0.631065 0.079973 0.079018 0.701047
1 0.043127 0.174301 0.0788545 0.080397 0.700883
0 0.815993 0.0489348 0.076124 0.0751987 0.699162
0 0.805024 0.157501 0.0751495 0.075292 0.69827
0 0.792985 0.640838 0.0755468 0.0769721 0.697926
2 0.050048 0.0247794 0.0763028 0.0495587 0.696539
2 0.608177 0.461652 0.0760662 0.0764293 0.693033
0 0.979435 0.677846 0.0411303 0.0746223 0.690844
0 0.680433 0.0248861 0.0726049 0.0495854 0.689698
0 0.66239 0.825783 0.0761723 0.0762578 0.686829
0 0.436036 0.4415 0.0783224 0.0783413 0.686049
2 0.785548 0.761723 0.0765579 0.0766939 0.68457
1 0.608154 0.311718 0.076104 0.0765015 0.684125
1 0.102086 0.149896 0.0796984 0.0795783 0.684028
2 0.611386 0.634125 0.0756733 0.0757799 0.681481
0 0.875475 0.729107 0.0771324 0.0766663 0.680926
0 0.851043 0.107297 0.0745161 0.0753781 0.679047
2 0.940759 0.981766 0.0761986 0.0360138 0.676817
0 0.467793 0.7919 0.0777439 0.0777786 0.673216
2 0.469588 0.551618 0.0788425 0.0804032 0.673114
0 0.790837 0.336905 0.0750677 0.0743752 0.671636
1 0.297512 0.475908 0.078717 0.0788624 0.671445
0 0.453554 0.792832 0.0771347 0.0773161 0.671385
2 0.566329 0.969408 0.0758154 0.0611374 0.670148
0 0.34894 0.415066 0.0789007 0.0772486 0.669224
2 0.0766303 0.301513 0.0799634 0.0806653 0.668647
0 0.915257 0.705211 0.0747482 0.0753889 0.666587
2 0.0830858 0.38979 0.0789918 0.0779108 0.665353
2 0.772235 0.312031 0.0745727 0.0751493 0.66423
1 0.216193 0.396477 0.0790966 0.0783559 0.661597
0 0.575282 0.218486 0.077335 0.075957 0.660697
0 0.979359 0.458402 0.0411825 0.0752748 0.660658
1 0.0263333 0.237841 0.0526355 0.0802318 0.659711
2 0.305466 0.853598 0.0790006 0.0791908 0.659297
2 0.976326 0.57629 0.0473476 0.0739356 0.653997
2 0.700297 0.0341215 0.0754028 0.0677441 0.648417
1 0.224072 0.960619 0.0787228 0.0760265 0.647091
2 0.570536 0.656455 0.0773981 0.0769415 0.646802
0 0.623503 0.733534 0.075536 0.0757084 0.644706
0 0.337527 0.484749 0.0799438 0.0797712 0.644285
0 0.572815 0.636826 0.0761779 0.075827 0.640878
2 0.504443 0.422425 0.0785799 0.0792653 0.639339
0 0.69014 0.049747 0.0774681 0.0760704 0.637491
0 0.973549 0.975232 0.052606 0.0495356 0.632478
2 0.0445255 0.482256 0.0786691 0.0791834 0.630055
0 0.974056 0.807964 0.0518872 0.0753651 0.628639
2 0.280445 0.408241 0.0776962 0.0781628 0.625882
1 0.478836 0.929194 0.0774173 0.0771145 0.624756
0 0.749469 0.697974 0.0770141 0.0763453 0.624683
2 0.540164 0.670334 0.0778999 0.0778954 0.62385
0 0.14061 0.573784 0.0800909 0.0800211 0.623208
0 0.711719 0.731031 0.0754028 0.0750742 0.622096
0 0.486582 0.337456 0.0763133 0.0767507 0.620654
2 0.708067 0.637519 0.0759357 0.0753817 0.616195
2 0.470278 0.537878 0.0784163 0.0797789 0.615001
0 0.462685 0.456117 0.0798458 0.079359 0.614413
0 0.625383 0.752036 0.0762478 0.0759043 0.611529
1 0.459338 0.843701 0.0773079 0.0766087 0.610279
2 0.980807 0.618635 0.0379127 0.0743771 0.609264
2 0.6417 0.360022 0.0760259 0.0772097 0.607201
2 0.0192082 0.0187594 0.0384164 0.0375188 0.602171
0 0.421099 0.354572 0.0783276 0.0778112 0.601317
0 0.916097 0.382384 0.0749767 0.0756103 0.599581
1 0.222737 0.609221 0.0766294 0.0765615 0.597536
0 0.869199 0.437147 0.0740494 0.0748707 0.5925
0 0.959156 0.0914671 0.0727095 0.074166 0.591276
0 0.734762 0.0365185 0.0749346 0.0706381 0.587087
1 0.48465 0.0174594 0.077413 0.0349187 0.587059
2 0.856171 0.361695 0.0733295 0.0732169 0.585337
1 0.0624254 0.128481 0.0827985 0.0819466 0.584095
1 0.0351327 0.935594 0.070067 0.0776548 0.579624
1 0.0209318 0.972668 0.0416746 0.0538717 0.578216
1 0.69108 0.347394 0.0748323 0.0765135 0.576652
0 0.633841 0.538298 0.0761667 0.0768036 0.575942
2 0.535846 0.840775 0.0783938 0.0779987 0.572448
2 0.16895 0.347052 0.079118 0.0791457 0.570392
0 0.504196 0.422385 0.0786446 0.0792101 0.568091
1 0.205622 0.944956 0.078825 0.0778912 0.564602
1 0.495599 0.0870441 0.0760179 0.0755454 0.564543
1 0.0994748 0.177606 0.0792443 0.0792081 0.563948
1 0.557671 0.36267 0.0775715 0.0777585 0.563089
1 0.806572 0.777346 0.0767281 0.0772974 0.561748
2 0.359739 0.163522 0.0792052 0.0784606 0.561009
2 0.873471 0.0236547 0.072831 0.0473094 0.558007
1 0.12287 0.75017 0.0777113 0.0780645 0.554165
0 0.971276 0.681825 0.0574483 0.0732489 0.553165
2 0.200258 0.440614 0.0812365 0.0799633 0.551456
2 0.904258 0.778709 0.0757355 0.0754648 0.55079
2 0.648618 0.808111 0.0757086 0.0758785 0.550146
1 0.0759046 0.253951 0.0782447 0.0783571 0.549801
0 0.966986 0.499094 0.0660272 0.0725166 0.548776
2 0.888471 0.980518 0.0752163 0.0389492 0.547866
0 0.780827 0.422836 0.0745003 0.0743771 0.544235
0 0.860366 0.310501 0.0735779 0.0733733 0.544218
1 0.511217 0.932858 0.0764648 0.0762669 0.538473
0 0.176694 0.050549 0.0806878 0.0817526 0.538001
0 0.523598 0.416778 0.0772097 0.0776978 0.529874
1 0.0225036 0.209424 0.044628 0.0789643 0.527368
1 0.302666 0.0175579 0.0779369 0.0351157 0.526128
2 0.45838 0.735328 0.0787157 0.0787212 0.525272
1 0.0586537 0.284046 0.0793072 0.0790106 0.521469
0 0.501028 0.161938 0.0778663 0.0776759 0.519951
2 0.498715 0.245094 0.0792182 0.0779853 0.518755
1 0.0365502 0.147233 0.0731004 0.0820308 0.511316
0 0.947664 0.23908 0.0739952 0.0741719 0.506673
2 0.436441 0.632235 0.0804173 0.0791681 0.505959
1 0.868874 0.531811 0.0755501 0.0761481 0.505669
0 0.0348499 0.0457003 0.069357 0.0810517 0.505327
