2 0.627185 0.0862519 0.0732828 0.0732341 0.928527
0 0.895612 0.110371 0.0759789 0.0769713 0.926969
0 0.357611 0.197518 0.0711034 0.07046 0.925356
0 0.829975 0.776032 0.0742547 0.0736115 0.924828
0 0.867207 0.463522 0.0740723 0.0731638 0.923391
0 0.906466 0.541968 0.074445 0.0741169 0.923371
0 0.434095 0.210387 0.0705932 0.07047 0.92337
0 0.227435 0.704882 0.0698776 0.0699855 0.923219
0 0.640727 0.275415 0.0748365 0.075365 0.922702
0 0.950137 0.375687 0.0736 0.0737642 0.922575
0 0.634685 0.104516 0.074311 0.0741192 0.922021
0 0.196302 0.742628 0.0686492 0.0686754 0.921917
2 0.415426 0.299627 0.0715034 0.0712461 0.920207
2 0.730724 0.117326 0.0738996 0.0745204 0.920153
0 0.94074 0.550398 0.0749073 0.0754873 0.920121
0 0.917236 0.110622 0.0767246 0.0776213 0.919724
0 0.610729 0.517525 0.0687089 0.0700846 0.919159
0 0.813031 0.280203 0.0738911 0.0739694 0.919108
0 0.397037 0.0468472 0.0716272 0.0720902 0.918791
0 0.878175 0.337145 0.073748 0.072673 0.918688
0 0.273139 0.73366 0.0689138 0.0697206 0.918328
0 0.215394 0.694815 0.0695724 0.0701784 0.917826
0 0.773557 0.259604 0.0738161 0.0735887 0.917622
0 0.900887 0.32352 0.0749062 0.0747041 0.917493
0 0.883629 0.147151 0.0771435 0.07686 0.917216
0 0.298642 0.258261 0.0708174 0.0713242 0.917119
0 0.03269 0.17019 0.0653799 0.071585 0.917023
0 0.85944 0.116153 0.076609 0.0762195 0.916625
1 0.73751 0.294272 0.0742612 0.074825 0.916589
2 0.897035 0.13048 0.0767685 0.0766068 0.916276
0 0.184455 0.37244 0.0710736 0.0712502 0.916071
0 0.497164 0.203546 0.0724631 0.0716804 0.915969
2 0.895851 0.510641 0.0731979 0.0730592 0.915805
0 0.284468 0.653 0.0711035 0.0713658 0.915766
0 0.547179 0.26284 0.0722778 0.0720259 0.915733
1 0.841787 0.434834 0.074342 0.073833 0.915656
0 0.832084 0.465902 0.0744049 0.073969 0.915611
0 0.230517 0.749589 0.07003 0.069021 0.915096
0 0.937319 0.0828762 0.0752075 0.0748886 0.915063
2 0.533925 0.939619 0.0705576 0.070326 0.914738
0 0.832105 0.330116 0.0734024 0.073503 0.914426
0 0.603084 0.255674 0.0738084 0.073775 0.914339
0 0.116293 0.31901 0.0711082 0.0711417 0.914159
0 0.450142 0.787494 0.0722574 0.0718296 0.913978
0 0.83058 0.114039 0.0761335 0.0757293 0.913975
2 0.25853 0.28793 0.0719252 0.0712118 0.913805
2 0.618505 0.498532 0.0712076 0.0708963 0.913507
0 0.703763 0.0542572 0.0742405 0.0745085 0.913443
0 0.438246 0.297486 0.0719526 0.0721162 0.913419
2 0.805336 0.715119 0.0751774 0.0744874 0.913375
0 0.722888 0.183106 0.0736689 0.0733007 0.913355
0 0.793394 0.28395 0.0743023 0.074408 0.913241
0 0.233672 0.236506 0.0712622 0.0708331 0.913202
0 0.755987 0.222668 0.073791 0.0732285 0.913196
0 0.710638 0.220305 0.0734852 0.0738416 0.913089
0 0.810675 0.171035 0.0754211 0.0750951 0.912824
1 0.86859 0.0767339 0.0755631 0.0757176 0.912582
0 0.766711 0.230041 0.0735435 0.073357 0.912255
2 0.716421 0.0883824 0.0744778 0.0745272 0.911796
0 0.248201 0.736023 0.0689009 0.0690153 0.91173
0 0.323076 0.207895 0.070928 0.0708347 0.911638
2 0.495749 0.562653 0.0696482 0.0685626 0.911613
0 0.396769 0.160359 0.0706717 0.0705364 0.911528
0 0.955885 0.457548 0.0756487 0.074394 0.911414
0 0.332863 0.184189 0.0708973 0.0702948 0.911317
0 0.56119 0.074486 0.0738969 0.0735535 0.911138
0 0.80079 0.259125 0.0732293 0.0737995 0.911128
0 0.560314 0.234491 0.0717834 0.0720479 0.911049
0 0.965638 0.796373 0.0687237 0.0745192 0.91057
2 0.953593 0.542095 0.0752777 0.0751184 0.910452
0 0.9579 0.932582 0.0770653 0.076203 0.910394
2 0.259795 0.579546 0.0719902 0.0725073 0.910381
0 0.749513 0.538552 0.0724998 0.0719896 0.910363
0 0.183438 0.752544 0.0703934 0.0694593 0.910309
2 0.953108 0.792286 0.076009 0.0754715 0.910266
0 0.42904 0.047355 0.0736611 0.0732334 0.910146
0 0.863399 0.276392 0.0747524 0.0738878 0.91014
2 0.457343 0.212539 0.0714918 0.0711414 0.910072
0 0.220947 0.341005 0.0722107 0.0716209 0.909783
2 0.695795 0.070948 0.0739746 0.0735651 0.90967
0 0.149305 0.64801 0.06913 0.0687429 0.909644
0 0.12221 0.607146 0.0697308 0.0701427 0.90947
2 0.793227 0.618416 0.0740522 0.073593 0.909378
0 0.747743 0.17068 0.07414 0.0738154 0.909317
0 0.815981 0.339661 0.0736267 0.072859 0.909289
2 0.729783 0.48939 0.0741255 0.0735904 0.909115
0 0.957906 0.883697 0.0772907 0.0767902 0.909107
0 0.92735 0.361108 0.0741055 0.0741677 0.9088
1 0.881097 0.368929 0.0729469 0.0725638 0.908734
0 0.955764 0.21332 0.0772572 0.0766342 0.908704
2 0.629228 0.0555522 0.0738758 0.0739259 0.908526
0 0.965874 0.833602 0.0682528 0.0754412 0.908475
0 0.951542 0.567613 0.0758644 0.0752168 0.908464
2 0.496657 0.227697 0.0719705 0.0711369 0.908419
2 0.800721 0.605304 0.0728279 0.0736885 0.908397
0 0.518747 0.909449 0.070332 0.0700125 0.908365
0 0.395836 0.658203 0.0703069 0.0700754 0.908322
0 0.256331 0.683112 0.0702878 0.0703745 0.908237
2 0.680038 0.0665354 0.0742554 0.0735776 0.908209
1 0.924805 0.431698 0.073864 0.0741319 0.908122
0 0.780012 0.593789 0.0736597 0.0733349 0.908077
0 0.870808 0.6365 0.0738781 0.0741466 0.908066
2 0.525624 0.234604 0.0716253 0.0710998 0.907881
0 0.773673 0.21723 0.073806 0.0734162 0.907872
0 0.130122 0.754877 0.0704227 0.0699996 0.907853
0 0.912501 0.165302 0.077491 0.0777788 0.907817
0 0.871551 0.286365 0.0739216 0.074145 0.907689
0 0.303146 0.704626 0.0705966 0.0705311 0.907648
0 0.775367 0.0473728 0.0744411 0.0741725 0.907432
2 0.826688 0.647107 0.0738955 0.0734566 0.907374
2 0.13322 0.329255 0.071877 0.0715213 0.907305
0 0.720682 0.168887 0.0745052 0.0742733 0.90723
2 0.276702 0.669339 0.0695801 0.0703419 0.906964
0 0.785496 0.16389 0.0740643 0.0737977 0.906908
2 0.800357 0.516757 0.0739418 0.0740303 0.906847
0 0.916247 0.391869 0.0742188 0.0734089 0.906813
0 0.965207 0.506284 0.0695867 0.0744768 0.906763
2 0.653675 0.518736 0.0700543 0.0707743 0.906626
0 0.582369 0.233529 0.0726563 0.0726994 0.906506
1 0.908332 0.69627 0.0739969 0.0738027 0.906471
0 0.923212 0.543548 0.0743942 0.07456 0.906213
0 0.362827 0.2326 0.0709841 0.0717367 0.90618
0 0.758516 0.145288 0.0738163 0.0742012 0.906127
1 0.853308 0.72116 0.0739477 0.073877 0.90607
1 0.360292 0.864616 0.0676526 0.0673626 0.90607
0 0.181355 0.208677 0.0711304 0.0707194 0.90604
0 0.969748 0.532115 0.0605041 0.0745159 0.905903
2 0.433557 0.759906 0.071933 0.0719812 0.905872
0 0.30548 0.689247 0.0710145 0.0705994 0.905681
0 0.27352 0.763089 0.0682772 0.0678341 0.905647
1 0.781361 0.195043 0.0745527 0.0742127 0.905518
1 0.854166 0.482126 0.0738991 0.0735045 0.905314
0 0.750117 0.192756 0.074274 0.0736866 0.905237
0 0.862055 0.169393 0.0748066 0.0749648 0.905006
2 0.755803 0.496634 0.0741875 0.074453 0.90496
0 0.825188 0.676415 0.0736301 0.0730146 0.904931
0 0.398534 0.0850283 0.0708645 0.070863 0.904897
0 0.633113 0.238911 0.0738619 0.0734439 0.904884
0 0.949782 0.112302 0.0769165 0.0771338 0.904883
0 0.934818 0.521938 0.0737202 0.0740915 0.904869
0 0.858929 0.2631 0.0736668 0.0734385 0.904825
0 0.906137 0.238446 0.0759792 0.0757724 0.904721
2 0.338924 0.341178 0.0705799 0.0703399 0.904616
0 0.188498 0.687785 0.0702763 0.0705064 0.904478
2 0.572252 0.523756 0.0693411 0.0697247 0.904463
0 0.847638 0.239586 0.0753471 0.0749011 0.904132
0 0.934192 0.596689 0.0755745 0.0755218 0.903987
2 0.761557 0.12483 0.0744348 0.0743478 0.903975
1 0.744909 0.0970085 0.0746351 0.0747433 0.903878
0 0.561043 0.210863 0.0712405 0.0713351 0.903866
2 0.88522 0.688478 0.0734562 0.0732004 0.90379
2 0.755356 0.513985 0.0722565 0.0721116 0.90337
1 0.802306 0.918 0.0734649 0.0739977 0.903359
0 0.765074 0.102634 0.0744002 0.0740544 0.903321
0 0.21032 0.782104 0.0680038 0.0688134 0.903262
0 0.825464 0.561825 0.0734253 0.0728035 0.903163
0 0.819372 0.191176 0.0749018 0.0745267 0.902904
0 0.482333 0.249805 0.0712043 0.0705877 0.902899
0 0.966256 0.198857 0.0674884 0.0768526 0.902881
2 0.608601 0.0880833 0.0736285 0.0739761 0.902376
0 0.655917 0.382501 0.0757334 0.0749615 0.902267
0 0.937289 0.0587054 0.0758131 0.0754977 0.902044
0 0.59208 0.508458 0.0708424 0.0701635 0.901954
0 0.258736 0.323568 0.0711088 0.070476 0.901947
0 0.406946 0.860738 0.0700886 0.0696125 0.90188
0 0.610129 0.126891 0.0725085 0.0732401 0.901832
2 0.749858 0.585301 0.0717141 0.0716525 0.90178
0 0.671506 0.0391854 0.0734694 0.073548 0.901705
0 0.879371 0.600553 0.0743969 0.0745774 0.90168
0 0.227531 0.282059 0.0712523 0.0711586 0.90165
0 0.779519 0.49366 0.0743703 0.0735294 0.901587
0 0.708857 0.113778 0.0739212 0.074129 0.901539
2 0.953119 0.291406 0.0751747 0.0753097 0.901533
0 0.814089 0.479593 0.0735689 0.0739264 0.901531
0 0.970024 0.288441 0.0599523 0.0752833 0.901506
0 0.81855 0.321527 0.0745449 0.074401 0.901429
0 0.92113 0.640009 0.0761555 0.0755738 0.901414
0 0.482232 0.162439 0.0721781 0.0713656 0.901193
0 0.738115 0.571425 0.0716204 0.0713796 0.900915
2 0.520077 0.519845 0.069965 0.0695303 0.900689
2 0.697627 0.543243 0.0709757 0.0717508 0.900673
2 0.322431 0.273862 0.0708286 0.0706665 0.900444
0 0.593842 0.56191 0.0695486 0.0687143 0.900346
0 0.972072 0.0383504 0.0556961 0.0739866 0.900275
1 0.880208 0.0900678 0.0758137 0.0758932 0.900153
1 0.32969 0.839733 0.0674111 0.066827 0.899937
0 0.388381 0.277582 0.0703288 0.0717967 0.899934
0 0.652271 0.212172 0.0736996 0.0735419 0.899749
2 0.659858 0.527741 0.0697051 0.0697208 0.899582
0 0.364321 0.0665536 0.0713573 0.0712542 0.899564
2 0.642275 0.292443 0.0757584 0.0753253 0.899467
1 0.121893 0.723527 0.0703373 0.0707138 0.899382
0 0.21988 0.72957 0.0697992 0.0698618 0.899358
0 0.677136 0.178754 0.0737647 0.0734714 0.899285
2 0.196626 0.296599 0.0703902 0.0705782 0.899207
0 0.494366 0.26728 0.0726884 0.0720985 0.899151
0 0.238661 0.340742 0.0718718 0.0727062 0.899122
0 0.156186 0.314802 0.0703269 0.0701694 0.899037
2 0.91737 0.345651 0.0733763 0.0729446 0.898916
2 0.921165 0.493835 0.0731361 0.0730431 0.898901
0 0.360317 0.310332 0.0702749 0.0705526 0.898819
2 0.964975 0.602189 0.0700508 0.0763392 0.898818
1 0.368003 0.125482 0.0716752 0.0707111 0.898769
1 0.898938 0.838937 0.0746487 0.0746838 0.898653
1 0.163846 0.615169 0.0695146 0.069647 0.898592
0 0.74268 0.0574558 0.0745372 0.0739204 0.898507
0 0.637064 0.2117 0.0724614 0.0726748 0.898308
0 0.942642 0.836303 0.0757065 0.0767525 0.898263
0 0.90296 0.568911 0.0755203 0.0751154 0.898208
0 0.172158 0.342495 0.071046 0.0709918 0.898066
2 0.277508 0.696561 0.0694069 0.0700946 0.897962
1 0.0903285 0.609439 0.0696857 0.0693116 0.897946
2 0.508932 0.280796 0.0728819 0.0731203 0.897885
0 0.919725 0.0599437 0.0752562 0.0745669 0.897693
0 0.879762 0.226899 0.0759525 0.0763137 0.897666
1 0.0488318 0.20503 0.0721719 0.0730286 0.897616
0 0.389431 0.307572 0.0713889 0.0716318 0.897485
2 0.511189 0.559335 0.069442 0.0695997 0.897473
2 0.87026 0.686327 0.0736721 0.0732286 0.897432
1 0.336814 0.158863 0.0696251 0.0700479 0.897291
0 0.539912 0.896461 0.071948 0.071175 0.897252
1 0.108531 0.204434 0.0717318 0.0722099 0.897111
0 0.513022 0.16554 0.0713621 0.0710203 0.897103
1 0.815357 0.769145 0.0733007 0.0734669 0.897033
0 0.972816 0.390752 0.054368 0.0754986 0.896589
0 0.233476 0.626196 0.0704336 0.0698893 0.896511
1 0.0315895 0.768922 0.0631789 0.0698256 0.896444
0 0.0247613 0.130932 0.0491673 0.0731543 0.896411
2 0.656207 0.545894 0.0708344 0.0703606 0.896215
2 0.120641 0.934977 0.0694574 0.0690647 0.896206
0 0.951109 0.249158 0.0753191 0.0755598 0.896199
2 0.729281 0.266759 0.0742336 0.0742809 0.896169
0 0.614518 0.0315179 0.0733032 0.0630357 0.896135
2 0.433476 0.722907 0.0715191 0.0713017 0.896103
0 0.515359 0.867156 0.0713196 0.0715805 0.895926
0 0.962785 0.654595 0.073638 0.0753975 0.89587
1 0.0545079 0.235149 0.0705604 0.0704893 0.895784
0 0.674968 0.0219449 0.0729397 0.0438726 0.895783
0 0.805421 0.295978 0.0736866 0.0730466 0.895773
0 0.459527 0.593622 0.0700531 0.070085 0.895724
0 0.660984 0.134789 0.0736027 0.0736627 0.895644
0 0.533289 0.588894 0.071032 0.0697905 0.895388
2 0.56265 0.767587 0.0746143 0.0745396 0.895201
1 0.568222 0.256838 0.0728233 0.0731926 0.895045
1 0.155072 0.893389 0.0683024 0.0680008 0.894924
2 0.501689 0.543882 0.0688715 0.0697984 0.894796
1 0.503771 0.108827 0.0726395 0.0731714 0.894683
0 0.936541 0.175774 0.0781158 0.0771974 0.894674
1 0.307357 0.797799 0.0681649 0.0678564 0.894619
0 0.54311 0.199477 0.0718151 0.0711257 0.894518
0 0.598312 0.624464 0.0713758 0.0718047 0.894477
2 0.959887 0.866094 0.0761593 0.0763435 0.894393
1 0.681247 0.204759 0.0742059 0.0737347 0.89436
2 0.671048 0.383626 0.0760606 0.0756722 0.894168
0 0.901129 0.0490943 0.0751015 0.0742671 0.89385
0 0.768145 0.697449 0.0771967 0.0767377 0.893691
2 0.29818 0.239029 0.0710732 0.07115 0.893539
0 0.461503 0.575996 0.0693485 0.0694462 0.893485
2 0.399457 0.805579 0.0692637 0.0699459 0.89339
0 0.851587 0.216098 0.0750013 0.0747043 0.893112
1 0.272162 0.245397 0.0705835 0.0706737 0.892951
2 0.904498 0.655195 0.0740688 0.0742031 0.892763
2 0.390085 0.842684 0.069658 0.0697411 0.892713
0 0.543069 0.178084 0.07258 0.0720563 0.892641
2 0.428842 0.794498 0.0709308 0.0702455 0.892637
1 0.898279 0.285045 0.0742411 0.0745248 0.892628
2 0.916367 0.277239 0.0756279 0.0753139 0.892612
2 0.518922 0.246962 0.0723865 0.0716101 0.892555
0 0.637679 0.911478 0.07125 0.0714621 0.892462
0 0.932292 0.623083 0.075713 0.0758699 0.892454
0 0.468489 0.168884 0.0729242 0.0722708 0.892274
1 0.104728 0.226745 0.0719192 0.0710142 0.892198
1 0.56068 0.151063 0.0722063 0.0720066 0.892033
2 0.697589 0.530479 0.0705186 0.0712666 0.891984
1 0.870807 0.795633 0.0730482 0.0729685 0.891968
0 0.638206 0.377189 0.0749797 0.0751061 0.891958
2 0.362159 0.25863 0.0700536 0.070156 0.891839
0 0.472734 0.54644 0.0685885 0.0688492 0.891745
1 0.901234 0.918206 0.0763203 0.0759214 0.89158
0 0.917078 0.182316 0.0767439 0.0768958 0.891555
2 0.825289 0.536302 0.0730875 0.0735044 0.891512
2 0.464306 0.621947 0.0693508 0.0698248 0.891499
0 0.0289253 0.739842 0.0578506 0.0691874 0.891199
0 0.0354084 0.314577 0.0672582 0.0668225 0.891168
0 0.920908 0.228717 0.0757383 0.0766447 0.891031
0 0.97295 0.615899 0.054101 0.0757673 0.89098
0 0.383818 0.183004 0.0709588 0.0711338 0.890742
1 0.85893 0.530986 0.073571 0.0743465 0.890736
0 0.334189 0.294844 0.0696902 0.0703656 0.890687
0 0.317044 0.727739 0.0718065 0.071122 0.890598
0 0.444146 0.695655 0.0713358 0.071208 0.890496
0 0.935305 0.247717 0.0762423 0.0759851 0.890487
1 0.250656 0.136596 0.0714876 0.071949 0.890019
2 0.506767 0.958616 0.0706577 0.0710499 0.889969
1 0.269628 0.150937 0.0721773 0.071442 0.889831
1 0.952673 0.706234 0.0755474 0.0752018 0.889723
2 0.761174 0.897713 0.0740755 0.0730495 0.889688
0 0.407594 0.779632 0.0707051 0.0713568 0.889591
0 0.365491 0.819277 0.0685309 0.0686636 0.889549
2 0.791064 0.924676 0.0740416 0.0732529 0.889541
1 0.0541904 0.657265 0.0694664 0.0695196 0.889292
1 0.0979956 0.795928 0.0698581 0.0702203 0.889034
2 0.613688 0.603586 0.0700165 0.0710592 0.889011
0 0.593076 0.534236 0.0696611 0.0694429 0.888791
0 0.763523 0.175208 0.0735182 0.0742462 0.888721
0 0.0265187 0.0637283 0.0530374 0.0711328 0.8886
1 0.0479139 0.262613 0.0694432 0.0692483 0.888411
1 0.860803 0.881397 0.0756638 0.07542 0.888371
2 0.373187 0.276142 0.0715763 0.0715433 0.888364
1 0.0783387 0.686274 0.0702877 0.0696915 0.888155
2 0.818897 0.435554 0.0749466 0.0736912 0.887909
1 0.163524 0.732091 0.0697732 0.0706881 0.887886
2 0.455816 0.275636 0.0722389 0.0710313 0.887821
2 0.843573 0.586895 0.0730143 0.0732792 0.887679
0 0.978549 0.79162 0.0429016 0.0763532 0.887229
1 0.853523 0.377499 0.0724659 0.0727521 0.8872
1 0.964875 0.35486 0.0702498 0.0743934 0.887125
1 0.199425 0.92297 0.0682286 0.068219 0.8869
1 0.115825 0.634636 0.0697664 0.0694778 0.886608
0 0.69281 0.698008 0.0779427 0.0781557 0.886512
2 0.522971 0.53415 0.0686746 0.0693901 0.886397
2 0.442769 0.713468 0.0719046 0.0708672 0.886034
0 0.876112 0.323614 0.0734253 0.0732401 0.885761
2 0.505044 0.596733 0.0732605 0.0723888 0.885551
0 0.559015 0.0233414 0.0736107 0.0458526 0.885285
0 0.69457 0.11916 0.0734467 0.0737365 0.88498
1 0.377114 0.918033 0.0697359 0.068631 0.884756
0 0.373715 0.0529558 0.0717196 0.0715063 0.884674
1 0.85075 0.829554 0.0734461 0.0739061 0.88432
1 0.240768 0.160173 0.0716639 0.0713094 0.884257
1 0.855068 0.844786 0.0742329 0.0738512 0.884162
0 0.908012 0.609425 0.0742245 0.0740989 0.884024
2 0.397164 0.82845 0.0702281 0.0695858 0.883679
2 0.153705 0.277297 0.0708179 0.0702257 0.883418
1 0.176863 0.91206 0.0685785 0.0682957 0.883179
2 0.871566 0.538791 0.0737564 0.0740126 0.882895
0 0.738975 0.866724 0.0737943 0.0735811 0.882889
0 0.701177 0.190113 0.0730244 0.073123 0.882712
0 0.396577 0.553872 0.070053 0.0701881 0.882374
2 0.275626 0.588756 0.0727626 0.0721183 0.882139
1 0.166957 0.165738 0.0719012 0.0713419 0.881704
0 0.626821 0.563785 0.0690775 0.0687206 0.881564
0 0.8326 0.244531 0.073576 0.0734976 0.881411
2 0.593647 0.743394 0.07349 0.0735243 0.881377
2 0.879934 0.583719 0.0742878 0.0743752 0.881351
2 0.321521 0.70295 0.0720524 0.0715401 0.881332
2 0.729135 0.854486 0.0748033 0.0746708 0.881274
0 0.231084 0.679917 0.0711334 0.0700624 0.881113
2 0.356854 0.34599 0.0728089 0.0717767 0.880997
2 0.970081 0.68334 0.0597418 0.0751167 0.880899
2 0.792467 0.658111 0.076801 0.0758534 0.880887
1 0.184318 0.832109 0.0686987 0.0685443 0.880832
1 0.93414 0.390446 0.074411 0.0742853 0.880542
0 0.687308 0.167734 0.0738867 0.073766 0.880487
0 0.294586 0.60633 0.0735967 0.073061 0.880451
0 0.976772 0.363011 0.0462292 0.0746573 0.880437
1 0.297899 0.789536 0.0675924 0.0670209 0.880428
0 0.878027 0.166907 0.0764082 0.0769963 0.880145
2 0.288095 0.272028 0.070584 0.0713554 0.879929
2 0.488902 0.909971 0.0691635 0.0698338 0.879928
1 0.472202 0.927689 0.070046 0.0701315 0.879833
2 0.892199 0.652745 0.0755651 0.0750528 0.879634
0 0.901161 0.222903 0.0766857 0.0766943 0.879631
2 0.0977993 0.274067 0.0700031 0.0697504 0.879564
2 0.63424 0.163614 0.0721206 0.0721018 0.879245
1 0.892902 0.434067 0.0743357 0.0739753 0.879218
2 0.216102 0.196792 0.0712407 0.0710474 0.878662
0 0.118811 0.240573 0.0701452 0.0695407 0.87836
1 0.0331371 0.21991 0.065393 0.0687679 0.878007
2 0.531557 0.775838 0.0744767 0.0739084 0.877906
0 0.952843 0.362221 0.0753384 0.075443 0.877899
0 0.771785 0.289107 0.0740057 0.0742348 0.877715
0 0.137485 0.269436 0.0703654 0.070975 0.877683
0 0.238658 0.661979 0.0704137 0.0704973 0.877357
1 0.172146 0.187365 0.0709014 0.0709801 0.877224
1 0.37187 0.0310983 0.0706209 0.0619887 0.877221
2 0.38004 0.323311 0.0724168 0.071556 0.877114
1 0.334885 0.0950976 0.0710423 0.0709113 0.876633
0 0.930521 0.069279 0.0754677 0.0752874 0.876543
1 0.273415 0.898145 0.0686134 0.069376 0.876457
1 0.293339 0.874734 0.0664964 0.0678406 0.876417
2 0.545388 0.77801 0.0740364 0.0737687 0.876271
1 0.102695 0.882893 0.0697926 0.0699364 0.875827
1 0.435604 0.920737 0.0699284 0.0702095 0.87578
0 0.229786 0.637892 0.0707329 0.0693359 0.875486
2 0.930883 0.583293 0.0751545 0.0748692 0.874478
1 0.183707 0.869067 0.0677323 0.0677109 0.874411
2 0.609725 0.743061 0.0762194 0.0757732 0.874327
1 0.111569 0.649912 0.0692663 0.0692389 0.873694
1 0.116427 0.681607 0.0701159 0.0705274 0.873486
1 0.399612 0.953807 0.07117 0.0720642 0.872985
0 0.376143 0.173246 0.0697484 0.0695199 0.872669
0 0.308139 0.147544 0.0715026 0.0708655 0.872563
1 0.491119 0.94875 0.0705046 0.0693958 0.872362
0 0.20073 0.7015 0.0696414 0.0699948 0.87198
2 0.298078 0.450155 0.074066 0.0737267 0.871554
2 0.965255 0.443925 0.0694902 0.0744839 0.871146
1 0.411794 0.970068 0.0714307 0.0598642 0.870966
0 0.97824 0.679986 0.0435197 0.0764424 0.87087
1 0.456109 0.967688 0.071491 0.0646249 0.870564
0 0.7876 0.430523 0.0766397 0.0767302 0.870222
0 0.930876 0.0242508 0.0746002 0.0484485 0.870036
0 0.978262 0.0321209 0.0433275 0.0638803 0.869663
2 0.25734 0.465205 0.0734515 0.0729097 0.869575
0 0.726632 0.248806 0.0732853 0.0732481 0.869497
2 0.919575 0.712313 0.0742603 0.0742849 0.869428
1 0.294791 0.898846 0.0680156 0.0687262 0.869296
0 0.970597 0.640916 0.0588053 0.0759047 0.868347
0 0.477805 0.707582 0.0756292 0.0755166 0.868291
1 0.283281 0.919328 0.0693465 0.0688665 0.867893
1 0.27629 0.802969 0.0672018 0.0665474 0.867489
0 0.728818 0.0222888 0.0751043 0.0445176 0.867112
1 0.903182 0.446869 0.0734562 0.0730646 0.866804
2 0.590398 0.780587 0.0758931 0.0755974 0.866499
1 0.0923707 0.827864 0.0688627 0.069706 0.866223
0 0.971335 0.119053 0.0573298 0.0724157 0.866079
1 0.0938339 0.706178 0.0712999 0.0706045 0.865915
1 0.978539 0.830794 0.042923 0.0768358 0.865909
1 0.293757 0.848006 0.0665129 0.066478 0.865605
1 0.0244355 0.626372 0.048871 0.068399 0.865582
2 0.309404 0.237427 0.0711547 0.071143 0.865478
1 0.0538826 0.68028 0.0699386 0.0697487 0.865316
0 0.978397 0.778492 0.0432051 0.0750582 0.86483
0 0.95026 0.168621 0.076347 0.0759831 0.864685
0 0.980618 0.138133 0.038518 0.0756392 0.864573
1 0.395354 0.139349 0.070453 0.0704454 0.864455
1 0.0820516 0.254897 0.0710261 0.071001 0.863341
1 0.562284 0.974906 0.0686033 0.0500912 0.863196
0 0.657658 0.165387 0.0731726 0.0730246 0.863194
1 0.884126 0.790978 0.0732761 0.0733051 0.862613
2 0.971841 0.704071 0.0559742 0.075609 0.862553
1 0.302649 0.926587 0.0699197 0.0692348 0.862446
1 0.231803 0.921052 0.0688843 0.0684425 0.861949
2 0.494974 0.284337 0.0731514 0.0733456 0.861745
1 0.824056 0.809079 0.0725603 0.0728605 0.861527
0 0.213791 0.68241 0.0697585 0.0703601 0.861112
0 0.409815 0.240517 0.0714484 0.0713338 0.860888
0 0.407337 0.277688 0.0717155 0.0710539 0.86066
1 0.936776 0.734337 0.0734737 0.0735593 0.86041
2 0.853896 0.0936597 0.0752491 0.0752621 0.860393
2 0.481119 0.0946187 0.0730564 0.0736027 0.860375
1 0.673518 0.97576 0.0700461 0.0484055 0.859806
0 0.774255 0.153951 0.0743612 0.0744839 0.858858
1 0.964281 0.972358 0.071438 0.0550291 0.858617
2 0.57239 0.761714 0.0745151 0.0740081 0.858381
1 0.140336 0.181923 0.0715549 0.0720489 0.858146
0 0.889097 0.0685627 0.075466 0.075172 0.858085
1 0.0860498 0.96718 0.0679037 0.0649073 0.857827
1 0.193853 0.634803 0.0719029 0.0712346 0.857571
0 0.710945 0.491907 0.0733761 0.0747791 0.857269
1 0.493476 0.178572 0.0717833 0.0709729 0.856635
1 0.0664057 0.707541 0.0688419 0.0686354 0.855296
0 0.213729 0.714331 0.0692168 0.0694806 0.854705
2 0.579124 0.713976 0.0734634 0.0727514 0.85456
2 0.54382 0.531763 0.0691839 0.0701612 0.853777
2 0.501216 0.977248 0.0693008 0.045503 0.85377
1 0.77784 0.835606 0.0752786 0.0744423 0.853469
2 0.0517895 0.163048 0.0720824 0.0712928 0.853359
0 0.97657 0.112293 0.0468594 0.0765828 0.852163
2 0.563605 0.748526 0.0737448 0.0731364 0.852027
2 0.589628 0.720173 0.0724543 0.073572 0.851961
0 0.949098 0.351778 0.0722445 0.0737085 0.851782
2 0.444191 0.107091 0.0725457 0.0717224 0.851591
0 0.191577 0.720823 0.0698514 0.0702711 0.851418
1 0.227701 0.90721 0.0679774 0.0684784 0.850528
2 0.684102 0.364685 0.0755262 0.0763514 0.850483
2 0.561258 0.942041 0.0713929 0.0721642 0.850004
2 0.828416 0.924819 0.0745743 0.0744255 0.849925
2 0.701007 0.0860195 0.0742437 0.0746617 0.84964
0 0.787941 0.0359152 0.0747402 0.0717404 0.849287
1 0.968572 0.754698 0.0628551 0.0740942 0.849264
2 0.852474 0.734665 0.0747852 0.0745693 0.848959
0 0.931377 0.650516 0.0749855 0.0750935 0.848777
2 0.185825 0.331099 0.0711771 0.0716209 0.848334
1 0.452455 0.226034 0.0707227 0.0704547 0.848266
1 0.962059 0.0812713 0.0739483 0.0749529 0.847671
2 0.882342 0.405747 0.0746429 0.0745652 0.847499
2 0.905836 0.728914 0.0732441 0.0737616 0.847143
1 0.081815 0.807315 0.0704936 0.0705101 0.845224
2 0.342881 0.442778 0.0750467 0.0741924 0.844017
0 0.831604 0.308597 0.0741558 0.0736665 0.843697
0 0.269632 0.634639 0.0721051 0.070837 0.843383
2 0.473208 0.613326 0.0704 0.0701046 0.842965
2 0.403532 0.641324 0.0706842 0.0709118 0.842953
1 0.0260916 0.700306 0.0520121 0.0696152 0.84269
2 0.487854 0.571088 0.0689975 0.0691525 0.84261
1 0.149423 0.917202 0.0690022 0.0702209 0.841518
0 0.191115 0.708413 0.0708288 0.0701558 0.840603
1 0.133879 0.705825 0.0709038 0.0702244 0.840209
0 0.669062 0.593084 0.0705404 0.0697876 0.839889
2 0.0600281 0.782949 0.0698122 0.0700267 0.839868
2 0.470031 0.667596 0.0717768 0.0721615 0.839582
2 0.409692 0.572689 0.0698717 0.0698553 0.839489
1 0.718612 0.972239 0.0713913 0.0555214 0.838174
2 0.373178 0.428644 0.0732725 0.0732576 0.836828
2 0.290103 0.439347 0.0737458 0.0729839 0.836754
1 0.147249 0.861279 0.0698665 0.0694637 0.836205
2 0.637791 0.516648 0.0699111 0.0705649 0.835679
2 0.53446 0.504623 0.0705042 0.0699429 0.834972
1 0.0705553 0.0331731 0.0699158 0.0660767 0.834284
2 0.29544 0.341361 0.0713789 0.0701766 0.834031
2 0.55487 0.280393 0.0736219 0.0732382 0.833307
2 0.927677 0.943567 0.0743134 0.0736587 0.832585
1 0.747127 0.975902 0.0710684 0.0481954 0.831896
0 0.318374 0.296002 0.071026 0.070086 0.831867
0 0.844876 0.113024 0.0758505 0.0761087 0.830888
1 0.779866 0.889374 0.0729194 0.0734505 0.829782
1 0.157027 0.877389 0.0692568 0.0690617 0.829176
1 0.211142 0.9403 0.0677408 0.0675373 0.828173
1 0.0302987 0.251115 0.0605974 0.0687753 0.827998
0 0.731658 0.191198 0.0744696 0.0733599 0.827974
1 0.642697 0.0444399 0.0740649 0.0741217 0.826422
2 0.761236 0.434585 0.0783052 0.0777375 0.82615
2 0.750287 0.856845 0.0749246 0.074382 0.825682
2 0.719061 0.578574 0.0707385 0.070813 0.825014
0 0.48174 0.222366 0.0715825 0.070862 0.823829
0 0.470567 0.210015 0.0712045 0.0710597 0.823707
2 0.678018 0.0871608 0.0730406 0.0732949 0.82243
2 0.480594 0.887598 0.0705484 0.0694145 0.822284
1 0.0640634 0.638272 0.0689749 0.0692148 0.822084
2 0.864876 0.755412 0.0740067 0.0737356 0.821997
1 0.456865 0.866904 0.071169 0.0706383 0.821898
2 0.273743 0.453911 0.0722375 0.073102 0.82185
1 0.15534 0.843642 0.0687903 0.0686058 0.821729
1 0.213641 0.864435 0.0670139 0.0668039 0.82154
0 0.979836 0.512086 0.040328 0.0730554 0.820371
2 0.47299 0.653667 0.0734913 0.0737164 0.819798
2 0.602065 0.729323 0.0737768 0.0747587 0.819419
1 0.0400174 0.975384 0.0695908 0.0489492 0.818898
2 0.521236 0.938142 0.0698421 0.0702284 0.818816
1 0.665051 0.199167 0.0741739 0.0737317 0.818091
1 0.833187 0.272251 0.0736189 0.0735053 0.817953
1 0.0353195 0.641543 0.0679512 0.0691555 0.817553
0 0.0224942 0.735069 0.0449883 0.0695972 0.817399
2 0.642365 0.579758 0.0693903 0.0692485 0.817216
2 0.0670026 0.798695 0.0708523 0.0691204 0.81661
0 0.973487 0.489909 0.0530268 0.0703859 0.814888
0 0.979977 0.243255 0.0395378 0.0756242 0.814544
1 0.0185667 0.219679 0.0370465 0.0672481 0.81437
2 0.573301 0.574676 0.0693302 0.0694975 0.814311
2 0.936548 0.938124 0.0758402 0.0761509 0.813622
0 0.979062 0.0503684 0.041493 0.0749938 0.812584
2 0.25523 0.651712 0.0704193 0.0698139 0.811915
2 0.033661 0.431783 0.0673221 0.0719198 0.811557
2 0.396267 0.629322 0.0699267 0.0707642 0.811429
2 0.847383 0.574757 0.0730591 0.0731625 0.810564
2 0.0810525 0.598928 0.0705672 0.069002 0.81056
1 0.897216 0.466519 0.0729111 0.0728506 0.809429
0 0.836264 0.0998961 0.0755764 0.0758994 0.809219
2 0.613451 0.527703 0.0677368 0.0682354 0.809139
0 0.363985 0.551224 0.0726152 0.0709971 0.808911
0 0.971058 0.0660447 0.0578836 0.0744144 0.808851
0 0.833078 0.75468 0.0737574 0.0741104 0.808759
2 0.388285 0.606116 0.0703013 0.0719624 0.807792
2 0.981 0.480945 0.0370527 0.0734222 0.804235
1 0.166748 0.973843 0.0666808 0.0523131 0.80406
1 0.907972 0.855077 0.073465 0.0741127 0.803781
2 0.908536 0.782166 0.0743914 0.0747719 0.803626
1 0.0418634 0.701718 0.0697636 0.0693148 0.802674
0 0.880335 0.620425 0.0752676 0.0739012 0.802246
2 0.392456 0.416878 0.0741345 0.0737055 0.801916
0 0.645829 0.110257 0.0742071 0.0737099 0.801593
2 0.28903 0.687743 0.0696283 0.070059 0.800371
2 0.823215 0.621843 0.0741377 0.0743245 0.799966
1 0.0384494 0.286866 0.0694182 0.0693587 0.798564
1 0.561385 0.0481998 0.0716978 0.0720909 0.797769
1 0.315709 0.0814011 0.07156 0.0720232 0.797284
1 0.259608 0.705912 0.0690278 0.0693703 0.796551
2 0.811901 0.933365 0.0746477 0.0747879 0.795658
0 0.624051 0.580986 0.0683495 0.0697922 0.79424
1 0.114801 0.828047 0.0697122 0.069282 0.794225
1 0.862455 0.86068 0.0749407 0.0755043 0.793946
1 0.0752844 0.857399 0.0700219 0.0713505 0.793599
2 0.624351 0.512663 0.0688621 0.0692445 0.793125
0 0.0293773 0.324234 0.0587474 0.0706943 0.792898
1 0.0363996 0.951801 0.0679185 0.068107 0.792463
2 0.735223 0.216055 0.0734556 0.0742674 0.792048
2 0.0659763 0.734201 0.0698148 0.0697112 0.790491
2 0.61436 0.919154 0.0712039 0.0714401 0.788922
2 0.279262 0.206985 0.0713273 0.0710051 0.788458
1 0.142327 0.231356 0.071306 0.0709816 0.788244
1 0.0173232 0.305156 0.0346465 0.0669695 0.787319
1 0.212685 0.170834 0.0702956 0.0711845 0.786485
1 0.187288 0.0274716 0.0694867 0.0548439 0.786194
1 0.240699 0.952216 0.0687222 0.0685947 0.785273
1 0.10378 0.921605 0.0692229 0.0696659 0.785181
2 0.593214 0.677338 0.0734406 0.0738661 0.784374
1 0.358042 0.935404 0.0699438 0.0697117 0.783207
1 0.19547 0.822573 0.0688205 0.0678455 0.78317
1 0.25969 0.969254 0.0673849 0.061492 0.782847
0 0.470119 0.23529 0.0714769 0.0723242 0.782303
1 0.287044 0.0927453 0.0718169 0.0715262 0.782262
1 0.925356 0.755019 0.0741112 0.074181 0.781472
0 0.0176926 0.54791 0.0353853 0.0701565 0.781048
1 0.670884 0.943207 0.0713929 0.0706743 0.780429
1 0.0861321 0.978024 0.0692817 0.0439517 0.779328
0 0.0172234 0.120569 0.0342784 0.0724409 0.77819
2 0.164459 0.375059 0.072108 0.0725638 0.777953
2 0.691968 0.228725 0.0737155 0.0735784 0.77722
2 0.927979 0.455729 0.0732822 0.0733496 0.776521
1 0.235949 0.83998 0.0663785 0.0659309 0.77496
1 0.0920223 0.0635684 0.0707279 0.0697797 0.774781
0 0.895983 0.55834 0.0746174 0.0745285 0.774695
0 0.441833 0.138236 0.0714463 0.0709939 0.772603
2 0.59924 0.391304 0.0737487 0.0732958 0.769548
1 0.0641993 0.876396 0.0686093 0.0696497 0.768228
2 0.589561 0.977849 0.0701256 0.0443018 0.765263
2 0.229215 0.268992 0.0714818 0.0719589 0.76464
0 0.442073 0.199549 0.0706928 0.0696015 0.76292
1 0.753743 0.941907 0.0714421 0.0706772 0.762901
2 0.846351 0.307865 0.0735481 0.0734288 0.762706
1 0.731826 0.950841 0.0704135 0.0701134 0.762654
2 0.580542 0.692518 0.0741676 0.0741585 0.760478
0 0.932671 0.119796 0.0761883 0.0766301 0.758602
2 0.111309 0.77633 0.0695948 0.0699032 0.757994
0 0.839608 0.252125 0.0750124 0.0744443 0.757492
2 0.504903 0.969183 0.0700504 0.0616343 0.757107
1 0.0503405 0.836285 0.0691933 0.0692173 0.755668
0 0.376191 0.307051 0.0706778 0.070724 0.755637
2 0.958898 0.556566 0.075654 0.0754037 0.75543
0 0.975993 0.130518 0.0480146 0.075306 0.752507
2 0.97943 0.887524 0.0404911 0.0759996 0.752352
2 0.706624 0.523155 0.071604 0.0716106 0.751712
2 0.9504 0.647758 0.074691 0.0758577 0.751184
2 0.976377 0.459944 0.0472458 0.0743281 0.749503
0 0.708096 0.182664 0.0735281 0.0737585 0.749118
1 0.0263966 0.86577 0.0527931 0.0697983 0.74841
0 0.886313 0.0214102 0.0729557 0.0428204 0.748147
1 0.852357 0.979301 0.0758888 0.0409351 0.74701
1 0.0985485 0.981809 0.0694297 0.0361366 0.746424
0 0.253577 0.668042 0.0708644 0.0710678 0.745497
2 0.436458 0.544545 0.0691579 0.0691824 0.74438
2 0.9022 0.145838 0.0773731 0.0766661 0.743176
2 0.632762 0.527769 0.0702412 0.0697865 0.742674
2 0.083493 0.301618 0.0697436 0.0699778 0.742584
0 0.398426 0.208943 0.0704373 0.070941 0.742088
2 0.444369 0.743336 0.0729795 0.0728121 0.741126
2 0.666731 0.612925 0.0716736 0.0710548 0.738274
1 0.828009 0.709297 0.0741364 0.0735891 0.738067
2 0.797353 0.949829 0.0740211 0.0743011 0.735574
1 0.976911 0.32834 0.046072 0.0751986 0.735478
2 0.453028 0.706302 0.0724854 0.0718826 0.735133
2 0.978703 0.697765 0.0425931 0.0764477 0.734487
1 0.218674 0.966908 0.0676605 0.0649216 0.733908
0 0.176488 0.744965 0.0695163 0.0687504 0.733771
1 0.211738 0.890938 0.0670425 0.0669954 0.729668
1 0.0326795 0.673349 0.0649815 0.0691969 0.729588
0 0.840067 0.373814 0.0729771 0.0724411 0.729067
0 0.430214 0.649505 0.0694173 0.0698372 0.726925
0 0.660175 0.252047 0.0728869 0.0727046 0.723523
0 0.212068 0.22446 0.0704716 0.0707741 0.723268
1 0.217183 0.818608 0.0661199 0.0661732 0.720515
1 0.0154203 0.717572 0.0307964 0.0695467 0.71902
2 0.5069 0.910611 0.0695804 0.0695738 0.717567
0 0.449476 0.65084 0.0698563 0.070771 0.716811
2 0.656411 0.897777 0.0741151 0.0741291 0.716126
1 0.0934521 0.658824 0.0700379 0.0692884 0.714641
1 0.130509 0.0286365 0.0713858 0.0568437 0.711076
2 0.741934 0.27974 0.0747682 0.0745592 0.709519
2 0.697668 0.567736 0.0690754 0.0695852 0.709167
1 0.970105 0.429362 0.0597897 0.0750835 0.707087
1 0.124584 0.921768 0.0685146 0.0691034 0.705054
0 0.960873 0.036808 0.0746448 0.0736161 0.70262
1 0.0430743 0.855331 0.070489 0.0706623 0.702123
1 0.18786 0.966166 0.0669809 0.0649578 0.700027
0 0.794095 0.246025 0.073941 0.0732083 0.699143
0 0.90782 0.582034 0.0758215 0.0736265 0.698284
0 0.579537 0.962811 0.070227 0.069211 0.692561
1 0.146307 0.0463713 0.0706127 0.071095 0.692262
0 0.491706 0.808517 0.0730405 0.0735046 0.690393
2 0.826988 0.487245 0.0740337 0.0738605 0.687935
0 0.857979 0.290828 0.0739508 0.0736318 0.687769
1 0.0312859 0.901457 0.0620636 0.0689976 0.687246
0 0.324666 0.665554 0.0727833 0.0726874 0.687031
2 0.294541 0.328708 0.0700253 0.0700633 0.686681
0 0.018527 0.355395 0.037054 0.0699409 0.685986
2 0.980843 0.751334 0.0382721 0.0753958 0.684695
1 0.881591 0.902673 0.0750868 0.0749542 0.683494
2 0.612436 0.725288 0.0773869 0.0771412 0.682039
1 0.976825 0.864279 0.0463404 0.0747042 0.680578
1 0.393829 0.196721 0.0715547 0.0709354 0.679682
0 0.673568 0.507415 0.0715183 0.0714083 0.679097
2 0.363045 0.361084 0.0736465 0.0734022 0.678625
0 0.529429 0.212482 0.0708069 0.0704994 0.678038
2 0.547627 0.750664 0.0743422 0.0750214 0.676831
1 0.867328 0.97799 0.0740562 0.0440193 0.676733
2 0.702193 0.708481 0.0809731 0.0806297 0.676453
2 0.174966 0.745565 0.0696233 0.0705088 0.676344
1 0.167404 0.220142 0.0707368 0.0705721 0.675244
2 0.736325 0.137002 0.0736071 0.073387 0.67517
2 0.0331025 0.155041 0.066205 0.0730057 0.673733
1 0.0479377 0.899265 0.0688013 0.0696596 0.673153
2 0.47746 0.297128 0.0728589 0.0723337 0.67215
2 0.0216404 0.0845171 0.0432808 0.0711538 0.672088
2 0.03431 0.453085 0.06862 0.0731586 0.671306
2 0.597569 0.704231 0.0721072 0.0730913 0.67129
2 0.566224 0.682672 0.0776445 0.0761358 0.669858
2 0.528032 0.809203 0.0749358 0.0754305 0.669298
1 0.0277554 0.842411 0.0552446 0.0690599 0.668891
2 0.366368 0.375721 0.0738383 0.0732449 0.665225
2 0.60464 0.197525 0.0712286 0.0718102 0.661036
2 0.0185304 0.365267 0.0370608 0.0698173 0.659385
1 0.303604 0.128333 0.0712893 0.0709023 0.657963
1 0.016852 0.890344 0.033704 0.0688684 0.656644
0 0.762813 0.309088 0.0761242 0.0752896 0.656135
2 0.904818 0.747823 0.0730804 0.0731874 0.655716
1 0.062025 0.301514 0.0692842 0.0702286 0.65303
2 0.146777 0.209622 0.0699893 0.0700141 0.647848
1 0.259718 0.864283 0.0666862 0.0664574 0.644413
2 0.72146 0.680619 0.0944036 0.0920347 0.642513
0 0.908079 0.0213688 0.0710171 0.0427376 0.641559
1 0.0158266 0.660154 0.0316532 0.0674764 0.638066
0 0.705737 0.237194 0.0738825 0.0737733 0.635182
0 0.973686 0.807719 0.0526289 0.0754267 0.631822
2 0.215732 0.362031 0.0726577 0.072894 0.62951
2 0.703578 0.0198802 0.0715317 0.0397605 0.629161
1 0.221633 0.887038 0.0682297 0.0677277 0.629117
0 0.423443 0.201425 0.0704647 0.0703952 0.625874
1 0.883112 0.979328 0.0712913 0.0413444 0.622364
2 0.0232941 0.498053 0.0464391 0.0741205 0.619951
2 0.974859 0.807666 0.0502824 0.0722837 0.618601
1 0.322588 0.91441 0.0692399 0.0691292 0.617672
0 0.749324 0.347943 0.0767438 0.0768843 0.615761
2 0.278844 0.35744 0.072103 0.0723684 0.614771
2 0.601333 0.326622 0.0785448 0.0784223 0.614602
1 0.0285836 0.981452 0.0568025 0.0370964 0.613182
1 0.272402 0.985158 0.0676061 0.0296839 0.610311
1 0.022083 0.908735 0.044166 0.0691647 0.609746
2 0.114785 0.352746 0.0718928 0.0717425 0.607739
2 0.676591 0.793163 0.0824999 0.0808279 0.602233
0 0.427747 0.850709 0.0699531 0.0698368 0.601945
2 0.417073 0.0326979 0.0723089 0.065342 0.599261
2 0.601487 0.182407 0.072361 0.0721576 0.598747
1 0.386383 0.89611 0.0682994 0.0697891 0.596001
2 0.740099 0.590276 0.0709229 0.0701624 0.595098
1 0.221577 0.0253217 0.070799 0.0506318 0.593638
0 0.731343 0.616414 0.0715968 0.0730832 0.589697
1 0.0174439 0.968621 0.0348878 0.0615185 0.588862
2 0.302411 0.369713 0.0728346 0.073264 0.58722
0 0.905103 0.104885 0.0748177 0.0751691 0.586836
2 0.303044 0.43422 0.0759763 0.0755866 0.58468
0 0.895993 0.189044 0.0773876 0.0765214 0.580897
0 0.452763 0.705728 0.071286 0.071875 0.579951
2 0.315147 0.443001 0.0757493 0.0744329 0.571256
2 0.429867 0.64964 0.0703811 0.0697206 0.568126
1 0.930459 0.412069 0.0745605 0.0735422 0.568079
2 0.776341 0.626497 0.0754457 0.0749258 0.567699
1 0.842817 0.418637 0.0739414 0.074494 0.565921
2 0.456513 0.181602 0.0724672 0.0715391 0.562548
2 0.0278035 0.393728 0.0555064 0.0721365 0.560221
0 0.490813 0.702222 0.0884484 0.0853867 0.557291
2 0.90864 0.96793 0.0744141 0.0641394 0.556172
2 0.603864 0.692696 0.0729067 0.0722669 0.554602
0 0.498013 0.0241542 0.0726986 0.0483084 0.554242
2 0.762877 0.309 0.0748342 0.0748682 0.553778
2 0.0373321 0.465039 0.0722635 0.0721194 0.552034
1 0.319712 0.175245 0.0708885 0.0703374 0.551999
1 0.157695 0.825005 0.0698652 0.0694156 0.551131
2 0.022141 0.598152 0.0442819 0.0668253 0.546227
2 0.498002 0.0245289 0.0729352 0.0489741 0.546048
1 0.187213 0.984851 0.067807 0.0302987 0.542741
1 0.0710738 0.845596 0.069896 0.0697878 0.541669
2 0.95561 0.230189 0.0757446 0.0755097 0.541172
2 0.978594 0.678304 0.0428115 0.0726871 0.541031
1 0.665125 0.980614 0.071217 0.0383423 0.54004
1 0.970353 0.925839 0.0592931 0.0759857 0.538527
1 0.835541 0.87513 0.0734882 0.0739532 0.537875
1 0.848595 0.790708 0.0729042 0.0722378 0.536783
2 0.410559 0.834323 0.0709743 0.070286 0.534614
1 0.0211184 0.675529 0.0422021 0.0684086 0.533387
0 0.868455 0.189776 0.0749035 0.0756142 0.532057
1 0.0152277 0.76301 0.0304555 0.0696392 0.52692
0 0.544453 0.155614 0.0728054 0.0726476 0.523401
0 0.981339 0.0956504 0.0371311 0.074672 0.513193
2 0.700077 0.509522 0.0710834 0.0718952 0.510013
2 0.983051 0.660395 0.0333694 0.0762429 0.508773
0 0.558312 0.379511 0.0734766 0.0737418 0.505288
2 0.738662 0.243037 0.0722113 0.0728282 0.502326
