0 0.605986 0.927076 0.0736248 0.0736265 0.928895
0 0.334502 0.691121 0.0732423 0.0726861 0.927557
0 0.25169 0.35571 0.0732638 0.0733511 0.926858
2 0.731504 0.443172 0.0752316 0.0749868 0.925742
2 0.552012 0.869556 0.0735069 0.073951 0.924744
0 0.803009 0.302857 0.0765529 0.0769965 0.924347
2 0.605608 0.942455 0.0737961 0.0736038 0.924084
0 0.66889 0.953686 0.0736837 0.0738602 0.923698
0 0.364076 0.803639 0.0739002 0.0734919 0.923317
0 0.790109 0.329555 0.0758506 0.0752653 0.922314
0 0.779843 0.439542 0.0766151 0.0763941 0.921258
0 0.636809 0.06232 0.0746024 0.0742831 0.921099
0 0.609429 0.729532 0.0744411 0.074383 0.920743
0 0.546476 0.0591639 0.0734451 0.0736925 0.920722
0 0.329299 0.600234 0.0726504 0.0722713 0.920622
2 0.715283 0.923595 0.0744707 0.0738979 0.920574
0 0.814832 0.355763 0.0749113 0.0749656 0.919622
0 0.726239 0.751437 0.0755455 0.0753202 0.919437
0 0.233627 0.370462 0.0724534 0.0729569 0.919153
0 0.712362 0.452145 0.0755579 0.075079 0.918918
2 0.0371733 0.616814 0.0724011 0.0736075 0.918886
0 0.476296 0.108278 0.0738618 0.0735655 0.918696
0 0.906981 0.407185 0.0759754 0.076141 0.918365
1 0.449157 0.676142 0.0718891 0.0717291 0.918284
2 0.264159 0.397992 0.0729054 0.0729298 0.918246
2 0.856967 0.797135 0.0747215 0.0745572 0.918122
0 0.0307034 0.271522 0.0613156 0.0725957 0.91701
0 0.613693 0.715304 0.0736731 0.0737389 0.917
0 0.157565 0.467319 0.0714221 0.0712856 0.916476
2 0.750526 0.837335 0.0757385 0.0759909 0.916437
2 0.0656041 0.538781 0.0703724 0.0700733 0.916358
0 0.7751 0.874763 0.0748121 0.0740723 0.916026
0 0.888962 0.854513 0.0746723 0.0750492 0.915884
0 0.275392 0.589567 0.0737832 0.0735392 0.915526
0 0.136056 0.81308 0.0724764 0.072747 0.915472
2 0.885537 0.417517 0.0768719 0.0764149 0.915139
0 0.737738 0.312573 0.0747116 0.0743509 0.91503
0 0.697911 0.72162 0.0758503 0.0757693 0.914921
2 0.722792 0.431022 0.0754685 0.0755066 0.914586
0 0.206646 0.295257 0.0738453 0.0737397 0.914416
0 0.308317 0.0353363 0.0732599 0.0705419 0.914254
2 0.714868 0.266488 0.0763195 0.0760328 0.913936
2 0.87317 0.239457 0.0773287 0.077492 0.913655
1 0.646012 0.523926 0.0753124 0.0753859 0.913527
0 0.133311 0.154165 0.0729796 0.0730786 0.913424
0 0.158384 0.185375 0.0720141 0.0721179 0.913296
2 0.455563 0.376635 0.0728893 0.0717689 0.913258
0 0.672056 0.0737308 0.0749361 0.0747417 0.913163
0 0.0803163 0.577625 0.0726379 0.0714709 0.913069
0 0.0713345 0.220977 0.073048 0.0734397 0.913045
2 0.480956 0.288809 0.0741581 0.0743525 0.912909
2 0.761627 0.820043 0.0758324 0.075351 0.912688
0 0.583217 0.0700498 0.0749925 0.0750672 0.912387
2 0.033276 0.83813 0.0665519 0.0692932 0.912283
0 0.420811 0.0717343 0.072911 0.0722042 0.912051
1 0.437054 0.318908 0.0728685 0.0732908 0.911664
2 0.437543 0.755005 0.0722923 0.0730054 0.911628
2 0.448711 0.107815 0.0731965 0.0732613 0.911613
0 0.0296663 0.966613 0.0593327 0.0667732 0.91152
2 0.822058 0.461555 0.0771809 0.0771141 0.911231
0 0.193282 0.357893 0.0730248 0.0731747 0.911227
2 0.77772 0.778012 0.0761376 0.075766 0.911119
2 0.494081 0.297882 0.073994 0.073706 0.910967
0 0.26428 0.0596792 0.0723246 0.0727136 0.910929
0 0.371719 0.737468 0.0719384 0.071855 0.910849
2 0.94641 0.947115 0.0713322 0.0716492 0.91068
2 0.357114 0.680918 0.0728658 0.0730579 0.910645
2 0.646015 0.171573 0.0760304 0.0758398 0.910558
0 0.895403 0.77994 0.0752979 0.0751215 0.910494
0 0.579346 0.774148 0.0750187 0.0757246 0.910455
2 0.300696 0.703945 0.0729036 0.073284 0.910262
0 0.501051 0.0656229 0.0723932 0.0729758 0.910234
2 0.269783 0.767624 0.0727178 0.0729315 0.910175
0 0.601426 0.911658 0.0732801 0.0732338 0.910088
0 0.631258 0.756526 0.0748513 0.0744049 0.909659
0 0.0954876 0.419451 0.0722364 0.072406 0.909557
2 0.902553 0.798284 0.0740387 0.073957 0.909294
2 0.331396 0.0405263 0.0734524 0.0728101 0.909019
2 0.655754 0.074649 0.0746868 0.073942 0.9089
2 0.172268 0.173479 0.0737842 0.0734553 0.908753
2 0.664554 0.810251 0.0755529 0.0752034 0.908365
0 0.942746 0.426591 0.0760326 0.0758586 0.908353
2 0.495196 0.238618 0.0735546 0.073452 0.908341
2 0.164799 0.53559 0.0717593 0.0712872 0.908301
2 0.132557 0.842786 0.0738268 0.0740221 0.90801
0 0.223153 0.0477988 0.072301 0.072245 0.907981
2 0.0546365 0.405997 0.0713928 0.0716062 0.907893
2 0.660672 0.471517 0.0735107 0.0737679 0.907804
2 0.843404 0.226905 0.076193 0.076766 0.907792
0 0.933335 0.171682 0.0783066 0.0780423 0.907723
2 0.590177 0.758672 0.0746695 0.0751059 0.907709
0 0.0612086 0.346658 0.0719583 0.0726503 0.907665
0 0.192454 0.333185 0.0736325 0.0729254 0.907636
0 0.196823 0.446394 0.0732806 0.0728746 0.907408
0 0.141949 0.457646 0.071761 0.0724639 0.90697
0 0.624387 0.0547133 0.0749807 0.074288 0.906945
0 0.0296434 0.0316956 0.0592868 0.0633911 0.906799
2 0.442817 0.0800307 0.0729424 0.0727503 0.906751
1 0.488406 0.865114 0.0745972 0.0741867 0.906463
0 0.128941 0.410556 0.072153 0.0715784 0.906367
2 0.524783 0.849813 0.0739288 0.074453 0.906043
2 0.84819 0.395092 0.0755947 0.0756757 0.90604
2 0.329714 0.81157 0.0744106 0.0742527 0.905992
0 0.694856 0.036129 0.0745033 0.072258 0.90598
2 0.663675 0.300904 0.0754431 0.0752946 0.905977
2 0.705494 0.964777 0.0742761 0.0704456 0.905907
0 0.198991 0.410877 0.0725086 0.072383 0.905859
2 0.675037 0.374268 0.0751934 0.0748212 0.905297
0 0.697083 0.901343 0.0731667 0.0731728 0.905168
2 0.903677 0.930561 0.0733801 0.0732426 0.905094
0 0.560088 0.78766 0.074581 0.0747178 0.904879
0 0.0539022 0.0961246 0.0741224 0.0732922 0.904754
2 0.108108 0.193447 0.0724519 0.0723118 0.904542
2 0.0485865 0.379714 0.0722235 0.0732611 0.904469
0 0.969857 0.639451 0.0602865 0.0745272 0.904416
0 0.86633 0.827955 0.0750784 0.0752491 0.904334
2 0.366532 0.754922 0.0737185 0.0732079 0.904333
0 0.911502 0.842354 0.0730783 0.0730946 0.904275
0 0.108315 0.47039 0.0721908 0.072179 0.90424
2 0.801887 0.923471 0.0728008 0.0730595 0.904199
0 0.230162 0.311113 0.0737612 0.0729481 0.904174
2 0.829802 0.943143 0.0720261 0.0713659 0.904048
0 0.773154 0.734769 0.0748325 0.0745836 0.903927
2 0.433139 0.777314 0.0732717 0.0729595 0.903885
0 0.946689 0.831808 0.072961 0.0734816 0.903879
2 0.605089 0.0450612 0.0745321 0.0747335 0.903872
0 0.0990758 0.316526 0.0718877 0.0714403 0.903841
0 0.267801 0.0439076 0.0730953 0.0731018 0.903837
2 0.87639 0.633806 0.0752947 0.0752811 0.903699
0 0.681158 0.942489 0.073613 0.0738613 0.903642
2 0.960271 0.65509 0.0739754 0.0744085 0.903642
0 0.0780124 0.0992167 0.0736741 0.0737979 0.903625
0 0.148105 0.329528 0.0713515 0.0719662 0.903579
2 0.460193 0.0937811 0.0727667 0.073243 0.903558
2 0.750576 0.409272 0.0757439 0.0751815 0.903543
2 0.130936 0.114351 0.0739993 0.0731026 0.903481
2 0.666422 0.341299 0.0748483 0.0750431 0.903335
2 0.532363 0.873801 0.0743593 0.0734606 0.903309
0 0.581189 0.724782 0.0747897 0.0738563 0.903235
0 0.352037 0.0420681 0.0721499 0.0725291 0.903211
2 0.340016 0.671293 0.0730704 0.0730908 0.90321
2 0.750004 0.45415 0.0762133 0.0757643 0.903103
2 0.412192 0.671534 0.0713106 0.0719326 0.903008
0 0.623354 0.705016 0.0744385 0.0744131 0.903001
0 0.84609 0.84201 0.0744469 0.0747059 0.902876
0 0.0945002 0.445096 0.0717297 0.071599 0.902849
2 0.821933 0.142342 0.0767078 0.0768674 0.902554
0 0.977188 0.858185 0.0456242 0.0739923 0.902525
0 0.966251 0.715276 0.0674981 0.0757215 0.902467
0 0.159497 0.0482173 0.0723126 0.0722696 0.902451
2 0.918814 0.397099 0.076322 0.0763245 0.90233
0 0.101217 0.345987 0.0716602 0.0713658 0.902266
2 0.288566 0.713425 0.0730847 0.0724924 0.902262
0 0.100383 0.210561 0.0719855 0.0730285 0.902218
2 0.224218 0.597784 0.073415 0.073472 0.902169
0 0.184583 0.252191 0.0733421 0.0728827 0.902161
2 0.664471 0.851796 0.0752331 0.0752205 0.901861
2 0.444934 0.387115 0.0727611 0.07174 0.901859
2 0.720933 0.968949 0.0734291 0.0621029 0.90183
2 0.740486 0.36445 0.0766646 0.0759315 0.901783
0 0.586493 0.931928 0.0731466 0.0734558 0.90161
0 0.5844 0.643988 0.0743521 0.0741699 0.901588
2 0.339983 0.74396 0.0726722 0.0728945 0.901566
2 0.80328 0.253559 0.0772446 0.077036 0.901563
0 0.500264 0.0380127 0.0728481 0.071808 0.901413
0 0.172238 0.306331 0.0724461 0.0725634 0.901304
2 0.66292 0.924079 0.0736086 0.07351 0.901304
1 0.878892 0.531085 0.0762054 0.0759041 0.901155
1 0.884419 0.584915 0.0762623 0.0763411 0.90103
0 0.815518 0.4239 0.075617 0.0757125 0.900965
2 0.803197 0.471462 0.0759301 0.0758301 0.900933
0 0.464822 0.0432139 0.0726228 0.0731297 0.900922
2 0.567703 0.470683 0.0746323 0.0739161 0.90077
0 0.0686196 0.0715112 0.0734487 0.0728951 0.900677
0 0.622825 0.940762 0.0737396 0.073663 0.900566
0 0.264055 0.340308 0.0723773 0.0736486 0.900485
0 0.694385 0.757691 0.0750362 0.0748175 0.899878
0 0.61795 0.745501 0.0746893 0.0742125 0.899806
0 0.956071 0.930893 0.0720942 0.07222 0.899759
0 0.561626 0.690267 0.0744137 0.0740913 0.899661
1 0.657731 0.722922 0.0744259 0.0739784 0.899566
2 0.128743 0.571429 0.0721065 0.072097 0.899248
0 0.159624 0.40727 0.0717698 0.0718269 0.899211
0 0.0981931 0.551241 0.0712571 0.0703104 0.899045
1 0.216417 0.688198 0.0743831 0.0743426 0.898936
2 0.0816133 0.0492338 0.0734538 0.0727269 0.898933
2 0.0432534 0.353977 0.0726974 0.0716837 0.898914
2 0.594046 0.825199 0.0755606 0.0751542 0.89871
2 0.679518 0.403165 0.0749876 0.0750016 0.898373
2 0.18092 0.232557 0.0730714 0.0731128 0.898327
0 0.303949 0.684293 0.0728634 0.0726116 0.898232
0 0.0534314 0.330465 0.0714636 0.0710381 0.898063
0 0.856517 0.194348 0.0758779 0.0757972 0.89805
0 0.138481 0.370708 0.0714359 0.0714943 0.898018
2 0.232393 0.0872591 0.0729797 0.0725652 0.898014
1 0.575173 0.546843 0.0739815 0.0740837 0.897912
0 0.64449 0.896282 0.0750725 0.0741585 0.897867
0 0.0206655 0.831531 0.0413309 0.0723921 0.897766
0 0.838248 0.336227 0.075304 0.0756553 0.897608
0 0.918851 0.808256 0.0740385 0.0735046 0.897583
2 0.115199 0.849223 0.074549 0.0747248 0.89758
1 0.480754 0.360563 0.0724499 0.0720377 0.897533
1 0.125998 0.0400765 0.0723268 0.0726053 0.897456
2 0.505958 0.279312 0.074324 0.0739641 0.897433
2 0.795418 0.119717 0.0760132 0.0760134 0.897389
1 0.882627 0.750893 0.0766346 0.076752 0.897295
2 0.576513 0.811567 0.0751425 0.0747316 0.897272
0 0.637949 0.843221 0.0750059 0.0743446 0.897269
0 0.554852 0.0464668 0.0734269 0.0729838 0.897222
1 0.567115 0.108031 0.075421 0.0752433 0.897183
0 0.187079 0.0849747 0.0728121 0.0726772 0.897059
1 0.178151 0.917133 0.0734244 0.072908 0.896905
2 0.185025 0.279873 0.0725962 0.0738445 0.896896
0 0.0346005 0.396284 0.069201 0.0733412 0.896861
2 0.599898 0.877539 0.0753775 0.075094 0.896855
0 0.579434 0.0511877 0.0744716 0.0736224 0.896544
2 0.745311 0.788075 0.0751563 0.0749062 0.896449
0 0.213351 0.119871 0.0730558 0.0731396 0.895926
2 0.950157 0.731313 0.0759613 0.0752781 0.895854
1 0.229066 0.715551 0.074243 0.0739048 0.895745
0 0.188033 0.297933 0.0727297 0.073789 0.895616
2 0.614706 0.776526 0.0751539 0.0752775 0.895519
2 0.184468 0.185366 0.0739326 0.0733424 0.895409
0 0.960197 0.896101 0.0718414 0.0719063 0.895219
1 0.867793 0.508721 0.0768665 0.0761583 0.895087
0 0.202535 0.486151 0.0727691 0.0725777 0.895068
2 0.610139 0.0316188 0.0744839 0.0632376 0.895029
0 0.706193 0.404792 0.0754599 0.0749352 0.894854
1 0.467551 0.855687 0.0736998 0.0740068 0.894822
2 0.398942 0.77634 0.0740047 0.0739755 0.894636
0 0.952585 0.806877 0.0742981 0.0738923 0.894631
2 0.628427 0.784062 0.0751783 0.0745918 0.89461
0 0.0338865 0.3695 0.0674229 0.0697965 0.894355
2 0.839356 0.240226 0.0763104 0.0768973 0.894338
1 0.0548908 0.862163 0.07193 0.07188 0.894172
1 0.865723 0.343974 0.0762367 0.0752778 0.894097
0 0.239824 0.0424219 0.072607 0.0731453 0.894049
2 0.176461 0.888224 0.0735514 0.0730749 0.893961
0 0.0299165 0.248596 0.0598329 0.0714772 0.893948
0 0.557456 0.676559 0.0734425 0.0730144 0.893939
1 0.7494 0.157301 0.0776586 0.0768035 0.893882
2 0.0748332 0.951241 0.0724416 0.0727106 0.893877
2 0.462992 0.755019 0.072267 0.0727707 0.893586
2 0.0473236 0.169425 0.0735596 0.073607 0.893433
1 0.235156 0.923775 0.0740397 0.0743942 0.893386
2 0.102218 0.128788 0.0735355 0.0737112 0.893293
0 0.110305 0.236245 0.0727993 0.0727485 0.89306
2 0.567798 0.487186 0.0745132 0.0738935 0.893051
1 0.853541 0.327882 0.0750265 0.0754207 0.892998
0 0.201325 0.163805 0.0741308 0.0734005 0.892983
0 0.191518 0.472822 0.072724 0.0727836 0.892816
1 0.510468 0.927655 0.0742147 0.0740898 0.892803
1 0.502224 0.349748 0.0728102 0.0724846 0.892792
0 0.811237 0.806536 0.0748772 0.0747616 0.892718
2 0.526088 0.0348419 0.0735554 0.0696839 0.892681
1 0.916547 0.718493 0.0766767 0.0765028 0.892537
0 0.794792 0.936045 0.0729513 0.0726696 0.892527
2 0.230018 0.39445 0.0724594 0.0725439 0.892449
2 0.591102 0.967657 0.0722381 0.0646858 0.892385
1 0.376976 0.520381 0.0716754 0.072344 0.892356
2 0.269866 0.642207 0.0742337 0.0743497 0.89228
2 0.506893 0.292173 0.0739774 0.0733534 0.892219
1 0.0424229 0.75036 0.0733687 0.0722219 0.892177
0 0.243876 0.591047 0.073608 0.0734277 0.892107
2 0.661931 0.168362 0.0745931 0.0745932 0.891901
0 0.0389794 0.213219 0.0717969 0.0703215 0.891885
1 0.881564 0.307119 0.0760811 0.0757136 0.891698
2 0.622707 0.821765 0.0751968 0.0752161 0.891671
0 0.170538 0.345792 0.072501 0.0721851 0.891656
1 0.824456 0.112246 0.0768711 0.0767203 0.891568
1 0.241835 0.826145 0.0745294 0.0749508 0.891562
0 0.875101 0.847971 0.0739555 0.0745836 0.891353
2 0.888468 0.938031 0.071254 0.0710943 0.891337
1 0.194492 0.940156 0.0743061 0.0739592 0.891228
0 0.965284 0.379085 0.0694317 0.0761618 0.890922
0 0.0664896 0.0971495 0.0731275 0.0737395 0.890705
2 0.725365 0.958565 0.0748096 0.0745007 0.890652
2 0.869679 0.225198 0.0769222 0.0765399 0.890521
1 0.149108 0.600129 0.0720615 0.0725098 0.890147
2 0.350882 0.818359 0.0739064 0.0739361 0.890134
0 0.0328443 0.284684 0.0656887 0.0734395 0.890011
1 0.33301 0.0670325 0.0710881 0.0710112 0.889946
2 0.283778 0.652873 0.0742693 0.0735943 0.889939
1 0.371819 0.3798 0.0727935 0.0731037 0.889805
2 0.884256 0.608653 0.0748268 0.0749996 0.889748
0 0.500291 0.739315 0.0718 0.0719957 0.889579
0 0.142567 0.8748 0.0738081 0.0736965 0.889568
0 0.0396228 0.0587021 0.0735429 0.0740748 0.889389
0 0.199166 0.279674 0.0728375 0.0738387 0.88938
2 0.0340171 0.642471 0.0680342 0.0743053 0.88934
1 0.294709 0.279134 0.0732965 0.0730335 0.889328
0 0.696141 0.814339 0.0759036 0.0761583 0.88932
0 0.588806 0.700917 0.0747806 0.0742382 0.889095
1 0.479468 0.924872 0.0741581 0.074081 0.889036
1 0.270471 0.259337 0.0729426 0.0729755 0.888896
0 0.159081 0.0715982 0.0725399 0.072394 0.888628
1 0.255066 0.102084 0.0734296 0.0728588 0.888619
1 0.0728543 0.782527 0.0719835 0.0721376 0.888291
1 0.73903 0.520098 0.0739664 0.0737981 0.888176
1 0.859724 0.565334 0.073881 0.0738038 0.888097
2 0.688019 0.741309 0.0749331 0.0748785 0.887997
0 0.169196 0.133077 0.0732587 0.0732499 0.887868
1 0.873915 0.732362 0.0774313 0.0765921 0.887653
0 0.943036 0.403338 0.0763428 0.0762262 0.88747
1 0.0927915 0.782731 0.0734641 0.0732285 0.887453
2 0.41827 0.633378 0.0724289 0.0719271 0.887156
1 0.626005 0.14688 0.0753975 0.0752552 0.887124
1 0.545093 0.223875 0.0748064 0.0750142 0.887059
1 0.431376 0.928989 0.0745203 0.074374 0.886873
1 0.540721 0.124534 0.074786 0.0746986 0.886869
0 0.970994 0.265362 0.058013 0.0782319 0.886799
1 0.834325 0.519272 0.0755835 0.0759205 0.886685
0 0.0343403 0.298199 0.0686805 0.073315 0.886514
1 0.90069 0.303774 0.0761652 0.0759525 0.886465
1 0.281238 0.465974 0.0734106 0.0734121 0.886217
2 0.754712 0.0383146 0.0767687 0.0756312 0.886117
1 0.670954 0.643039 0.075395 0.0745893 0.886096
0 0.784036 0.960332 0.0734251 0.0724836 0.886086
0 0.0254785 0.595508 0.050957 0.072917 0.88607
2 0.543091 0.858002 0.0741794 0.0745153 0.885882
1 0.550467 0.248506 0.0739829 0.0737805 0.885685
1 0.969264 0.44222 0.0612215 0.076437 0.885615
1 0.482566 0.94412 0.0738058 0.073872 0.885431
2 0.0828289 0.200297 0.0725703 0.0725904 0.88529
0 0.199995 0.0262672 0.0724636 0.0523669 0.885271
1 0.392326 0.922371 0.0725926 0.0730158 0.88525
1 0.900497 0.0328591 0.0734446 0.0654737 0.885157
2 0.788996 0.302706 0.0763226 0.0764694 0.884979
0 0.938288 0.855603 0.0722345 0.0731087 0.884859
2 0.800605 0.879623 0.0740532 0.0737911 0.884749
2 0.55939 0.705714 0.0740797 0.0742176 0.884721
1 0.83734 0.0949997 0.0753492 0.0752195 0.884333
1 0.469678 0.716103 0.0722545 0.0726931 0.884203
1 0.631887 0.556374 0.0734344 0.0743561 0.884144
2 0.711558 0.865966 0.0749662 0.074947 0.884116
1 0.54301 0.647156 0.0729797 0.0726511 0.884026
1 0.583035 0.263864 0.0737295 0.0734658 0.884019
1 0.607974 0.295099 0.0746986 0.0747951 0.883936
0 0.661237 0.907595 0.0734535 0.0733028 0.883913
0 0.251957 0.0388107 0.0723281 0.0730104 0.883867
2 0.0786638 0.168187 0.0738867 0.0738413 0.883865
2 0.819586 0.836006 0.0740764 0.0739805 0.883829
1 0.24453 0.135446 0.074094 0.0739156 0.883763
0 0.344461 0.0241094 0.0718019 0.0478291 0.883667
2 0.84229 0.80619 0.0752308 0.0752213 0.883604
1 0.105087 0.672695 0.0713758 0.0716034 0.883504
2 0.484871 0.393643 0.0720303 0.0719112 0.883489
2 0.320297 0.836341 0.0748849 0.0744814 0.883378
0 0.966188 0.963533 0.0666578 0.0697876 0.88329
2 0.164036 0.893057 0.0735467 0.0728334 0.883252
2 0.323615 0.68019 0.0722779 0.0730193 0.883125
2 0.799522 0.893363 0.0732767 0.0737667 0.883074
0 0.513152 0.781862 0.0735003 0.07335 0.882751
0 0.438622 0.825968 0.0735516 0.0732308 0.882676
1 0.564494 0.910657 0.0743345 0.0737816 0.882428
0 0.874332 0.811977 0.0755383 0.0753935 0.882371
0 0.705779 0.359846 0.0753187 0.0751012 0.88231
1 0.283572 0.91331 0.0721296 0.0718594 0.882194
1 0.932901 0.0707887 0.0766487 0.0763493 0.882177
0 0.96417 0.86806 0.068969 0.0712458 0.882146
1 0.945204 0.622314 0.0752525 0.0759958 0.88208
0 0.879792 0.25202 0.0764069 0.0769871 0.882036
2 0.0301838 0.661755 0.0602825 0.0721926 0.88198
2 0.819636 0.964577 0.0720631 0.0699585 0.881838
0 0.0770544 0.285276 0.072164 0.072471 0.881624
2 0.908858 0.968472 0.0708916 0.063056 0.881374
0 0.970544 0.550419 0.0589117 0.0760939 0.881351
1 0.856372 0.746752 0.0762295 0.0762705 0.881279
2 0.803999 0.127505 0.0764667 0.0760578 0.881147
1 0.902505 0.528187 0.0765362 0.076939 0.880987
2 0.966245 0.503523 0.0675106 0.0755295 0.880854
1 0.594813 0.532035 0.0744982 0.07402 0.879856
2 0.737853 0.761914 0.0749367 0.0751805 0.879794
1 0.888419 0.119789 0.078302 0.0774451 0.879738
1 0.469371 0.932653 0.0741325 0.0739143 0.879615
2 0.667281 0.386642 0.0741812 0.073733 0.879532
1 0.237022 0.232134 0.0747516 0.0747283 0.879271
2 0.455248 0.973994 0.0740752 0.0515059 0.879125
0 0.469918 0.779491 0.0735575 0.0729325 0.879071
0 0.521568 0.975393 0.0731576 0.049215 0.878919
0 0.778117 0.351163 0.0762393 0.0761575 0.878878
1 0.248165 0.905922 0.0727142 0.0736622 0.878574
0 0.668517 0.202313 0.0756119 0.0762323 0.878391
1 0.0873218 0.85174 0.0736196 0.0739651 0.878291
2 0.0818509 0.229609 0.072126 0.0722721 0.878209
0 0.184167 0.345482 0.072919 0.0724804 0.878002
1 0.780878 0.0878504 0.0754191 0.0761001 0.877845
2 0.569457 0.969005 0.0720148 0.0619896 0.877321
0 0.860425 0.923847 0.0724903 0.0725964 0.877307
0 0.227467 0.357525 0.0726524 0.0729368 0.877155
0 0.858932 0.966865 0.0718796 0.0662696 0.876873
2 0.178074 0.459577 0.073261 0.0732128 0.876619
0 0.243396 0.284368 0.0717313 0.0719502 0.876518
0 0.660542 0.279157 0.0757967 0.0750845 0.876368
1 0.0462503 0.506036 0.0719527 0.0716816 0.876044
1 0.0609721 0.971773 0.0725646 0.0564537 0.875771
0 0.830071 0.348435 0.0752153 0.0748367 0.87576
2 0.21009 0.751113 0.0743173 0.0744629 0.875449
0 0.23019 0.283134 0.073737 0.0736281 0.875268
2 0.244236 0.329508 0.0733213 0.0736042 0.875212
1 0.436478 0.196072 0.0739008 0.0738588 0.875141
0 0.757292 0.619604 0.0730045 0.0731609 0.875078
1 0.082954 0.817366 0.0740384 0.0741191 0.874926
0 0.626692 0.0277703 0.0743541 0.0552418 0.874916
1 0.755916 0.132011 0.0765632 0.0761342 0.874861
2 0.185101 0.54577 0.072219 0.0730032 0.874552
1 0.554427 0.174813 0.0747368 0.0749116 0.874521
0 0.0675812 0.291439 0.071591 0.07149 0.874468
1 0.386387 0.340039 0.0728439 0.0731329 0.874427
1 0.732747 0.229899 0.0766701 0.0768629 0.874323
1 0.565767 0.368894 0.072999 0.0734477 0.874053
1 0.497701 0.642935 0.0721399 0.0716911 0.87391
1 0.162516 0.747852 0.0745212 0.0742418 0.873758
1 0.21539 0.921512 0.0747612 0.0740135 0.873728
2 0.0438386 0.799262 0.0705488 0.070731 0.873264
2 0.894468 0.974842 0.0732391 0.0503157 0.873165
1 0.511192 0.907952 0.0730692 0.0734081 0.873037
1 0.792402 0.199645 0.0765985 0.076933 0.872945
0 0.124259 0.256519 0.071873 0.0722264 0.872894
2 0.769944 0.395341 0.0765339 0.0757507 0.872861
2 0.145069 0.471261 0.0723069 0.0725065 0.872829
1 0.0598897 0.827883 0.0723102 0.0729545 0.872582
1 0.268097 0.494449 0.0721247 0.0720184 0.87257
1 0.588517 0.19754 0.0759003 0.0756402 0.872525
1 0.510611 0.882831 0.0744862 0.0743568 0.871782
2 0.108668 0.105069 0.0723063 0.072332 0.871767
1 0.381573 0.821294 0.0744025 0.0742382 0.87173
1 0.526711 0.449557 0.0725247 0.0729984 0.871592
0 0.0274122 0.235396 0.0548178 0.0736851 0.871565
2 0.417159 0.975227 0.0741802 0.0491604 0.871204
0 0.426743 0.0410273 0.0719302 0.0727111 0.870782
1 0.506645 0.324616 0.0739119 0.0728376 0.870618
1 0.634636 0.217327 0.0754785 0.0757163 0.870523
1 0.815726 0.0976942 0.0755831 0.0762827 0.870143
1 0.0322648 0.526065 0.0645297 0.0701872 0.870124
2 0.306006 0.778543 0.0739263 0.0735127 0.869452
1 0.398642 0.31556 0.0731529 0.0728498 0.869155
1 0.321158 0.098267 0.0726544 0.0726033 0.868515
1 0.23671 0.503613 0.0734432 0.0730551 0.868434
0 0.174102 0.101188 0.0731764 0.07268 0.868431
1 0.28463 0.237987 0.0747448 0.0745832 0.868213
2 0.677716 0.90306 0.0734337 0.0735439 0.867951
0 0.0171395 0.0419944 0.0342791 0.0722003 0.86792
2 0.227108 0.974571 0.0728909 0.0508183 0.867614
2 0.299146 0.858141 0.0738394 0.0735867 0.867582
1 0.407226 0.514164 0.073013 0.0719837 0.867558
2 0.0892489 0.217275 0.0730766 0.0732296 0.867162
0 0.646304 0.0206955 0.0725174 0.0411015 0.866909
0 0.0217548 0.190501 0.0435096 0.0731279 0.866839
2 0.214794 0.432909 0.0716413 0.0733147 0.866826
0 0.590165 0.738607 0.0746316 0.0741829 0.866541
2 0.717549 0.318503 0.0751074 0.0747308 0.866257
2 0.573323 0.0235274 0.0732183 0.046666 0.866202
2 0.796645 0.318113 0.0755631 0.0756062 0.865974
0 0.90235 0.862167 0.0731188 0.072411 0.865947
0 0.372997 0.966427 0.073052 0.0671204 0.86567
2 0.106227 0.525021 0.0715999 0.0715429 0.86539
1 0.922619 0.497597 0.0756519 0.0756761 0.864776
1 0.786372 0.053875 0.0763311 0.0759123 0.864673
2 0.848736 0.945917 0.0722771 0.0726887 0.864626
2 0.219831 0.264675 0.0726696 0.0734293 0.864574
2 0.304452 0.79707 0.0738937 0.0735779 0.864531
2 0.636745 0.809234 0.0758656 0.0754704 0.864498
0 0.530112 0.782731 0.0732067 0.0729952 0.864165
0 0.57314 0.710063 0.0734543 0.0733335 0.863881
2 0.470702 0.387268 0.0741278 0.073701 0.863484
0 0.0199031 0.383384 0.0397651 0.0725211 0.863259
1 0.358749 0.205903 0.0744231 0.0750694 0.862977
2 0.020459 0.422985 0.040887 0.0722403 0.862461
2 0.766156 0.339337 0.0758297 0.076432 0.862121
0 0.978549 0.517322 0.0427319 0.0769535 0.862052
0 0.12067 0.396816 0.0708827 0.0714477 0.861688
2 0.294557 0.616874 0.0744319 0.0741363 0.860922
1 0.692837 0.655121 0.0746546 0.0744652 0.86081
1 0.780227 0.150434 0.0765423 0.0767575 0.860785
2 0.205793 0.0953132 0.072836 0.073087 0.860593
2 0.28659 0.607776 0.0732025 0.0732585 0.860335
2 0.116412 0.132083 0.0729882 0.0733142 0.859969
2 0.0222578 0.812837 0.0445155 0.0727022 0.859832
2 0.221734 0.739368 0.0738112 0.0735104 0.859521
2 0.673981 0.761984 0.0743509 0.0740449 0.859377
2 0.668586 0.31711 0.0752968 0.0750332 0.85927
1 0.227864 0.79943 0.0741492 0.0741259 0.859215
2 0.575837 0.859211 0.0744555 0.0742252 0.858953
2 0.236477 0.73758 0.0734645 0.0726459 0.858669
1 0.796838 0.695211 0.075574 0.075525 0.858363
1 0.749407 0.731663 0.0743897 0.0743856 0.858361
0 0.544076 0.765284 0.0743498 0.0737764 0.857519
0 0.954187 0.97511 0.0723354 0.0497793 0.857222
1 0.378353 0.360065 0.0735159 0.0739231 0.857012
2 0.265479 0.754303 0.072191 0.0724628 0.856983
2 0.498932 0.459169 0.0717509 0.0715101 0.856712
2 0.596833 0.433542 0.0726124 0.0736263 0.856631
2 0.0672685 0.51924 0.0712402 0.071227 0.856155
0 0.483217 0.978679 0.0739808 0.042643 0.856139
0 0.0261386 0.365444 0.0520787 0.0724706 0.855892
0 0.97233 0.512706 0.055158 0.0762049 0.855564
1 0.761469 0.223827 0.0782059 0.078455 0.855477
1 0.771866 0.594682 0.0740114 0.0746143 0.855133
2 0.190447 0.88114 0.0734972 0.0737473 0.854913
1 0.773131 0.697768 0.0738281 0.0741646 0.854665
2 0.658595 0.425189 0.0728577 0.0734135 0.854539
2 0.450186 0.436042 0.0724728 0.0718948 0.854283
2 0.280826 0.354447 0.0734743 0.0732903 0.854262
1 0.711764 0.15745 0.0751225 0.0752001 0.853805
1 0.827992 0.203102 0.0756058 0.0761519 0.853786
1 0.288897 0.827678 0.0738393 0.0738621 0.85372
0 0.627696 0.959498 0.0732344 0.0742439 0.853576
2 0.266119 0.943872 0.0721978 0.0714891 0.853213
2 0.771986 0.303792 0.0757975 0.0763479 0.852297
1 0.939001 0.587128 0.0763462 0.0765743 0.851514
1 0.820339 0.0793899 0.075733 0.0753164 0.850909
2 0.855853 0.885574 0.0760555 0.0761292 0.850617
2 0.972502 0.876705 0.0549335 0.0724937 0.850583
2 0.793926 0.975415 0.0728388 0.0487904 0.85051
2 0.833197 0.365738 0.0751877 0.0754087 0.850111
1 0.89282 0.18814 0.0776587 0.0783522 0.84952
2 0.657613 0.873665 0.0743093 0.0755417 0.849466
1 0.529921 0.658337 0.0729473 0.0722515 0.849435
1 0.702511 0.189035 0.0752247 0.0751759 0.849383
2 0.815497 0.978795 0.0721252 0.0424106 0.849246
1 0.748901 0.541195 0.0757518 0.0756785 0.849175
0 0.564052 0.773622 0.0745687 0.0749701 0.849117
0 0.969948 0.607978 0.0601043 0.0755433 0.849084
1 0.78218 0.557228 0.0741794 0.0751286 0.848994
2 0.893057 0.150344 0.0775291 0.0778902 0.848778
1 0.851563 0.65917 0.0755939 0.0750492 0.848706
1 0.440222 0.594204 0.0724795 0.0727192 0.848675
1 0.731065 0.117602 0.0764898 0.0760056 0.848604
1 0.143119 0.718884 0.0735115 0.0742894 0.84849
2 0.432045 0.365214 0.0718808 0.0714892 0.848071
1 0.180112 0.960189 0.0738065 0.0724895 0.848068
1 0.656389 0.621344 0.0753573 0.0750404 0.848027
2 0.626164 0.0732787 0.0748074 0.0742811 0.847795
0 0.654012 0.792325 0.0750139 0.0753469 0.847717
2 0.674024 0.0599432 0.0738761 0.0743725 0.847311
1 0.433898 0.338633 0.0735903 0.0731419 0.847274
1 0.282212 0.975703 0.0703119 0.0485938 0.847202
1 0.783466 0.217837 0.0768978 0.0770413 0.847071
1 0.856309 0.584174 0.0751362 0.0749498 0.84659
0 0.482014 0.773373 0.0733982 0.0725077 0.846546
1 0.289021 0.965376 0.0718427 0.0680649 0.846505
0 0.409839 0.0385301 0.0715643 0.0715197 0.846374
2 0.905002 0.246734 0.0767298 0.0772423 0.844841
0 0.870878 0.977204 0.0731491 0.0455919 0.844812
2 0.143072 0.558668 0.0715602 0.0719426 0.844783
1 0.365717 0.147179 0.0729807 0.073632 0.844596
1 0.524135 0.354709 0.0733997 0.0740057 0.844289
2 0.974165 0.934411 0.0516698 0.0683369 0.844099
1 0.710361 0.130342 0.0764791 0.076569 0.843805
0 0.557747 0.73207 0.0740296 0.0737164 0.843132
1 0.830677 0.766034 0.075016 0.0748515 0.842532
1 0.0673764 0.841778 0.0723597 0.0724468 0.842258
1 0.356792 0.923271 0.0736618 0.0731411 0.841627
0 0.973137 0.350954 0.0537256 0.0731751 0.841041
2 0.76245 0.439721 0.0757143 0.0762591 0.840861
0 0.0318269 0.0526305 0.0636538 0.0708573 0.84086
2 0.253648 0.970945 0.0732615 0.0581108 0.84059
0 0.122781 0.14396 0.0723705 0.0723591 0.840159
0 0.102483 0.268388 0.0729815 0.0734734 0.839048
1 0.853938 0.128903 0.0770449 0.0769004 0.838573
1 0.342821 0.640519 0.0738303 0.0732992 0.838399
1 0.979544 0.417441 0.0409117 0.0760339 0.837957
2 0.235371 0.342507 0.0723245 0.0724898 0.836834
0 0.659225 0.135053 0.0751675 0.0749174 0.836826
0 0.740462 0.869619 0.076582 0.0753309 0.836681
1 0.457478 0.837025 0.0724306 0.0719503 0.836609
2 0.057263 0.919381 0.0732715 0.0731358 0.835767
2 0.821106 0.889822 0.0738804 0.0726328 0.835515
1 0.142881 0.923812 0.0724255 0.0730465 0.835374
2 0.86499 0.941242 0.0717911 0.0717991 0.835314
1 0.509784 0.59191 0.0715143 0.0715858 0.835223
0 0.295012 0.316066 0.0735058 0.0727893 0.83471
0 0.613709 0.917399 0.0728964 0.0741606 0.834574
0 0.981737 0.620581 0.0361433 0.0745085 0.833546
0 0.508254 0.813074 0.0728581 0.0721825 0.83353
1 0.906581 0.5708 0.075353 0.0752281 0.833307
0 0.625073 0.924033 0.0733059 0.0727955 0.833303
2 0.16154 0.489698 0.0717073 0.0729376 0.833229
2 0.422758 0.946505 0.074248 0.0741108 0.833156
0 0.14484 0.16041 0.0731035 0.0729612 0.832644
1 0.564844 0.562505 0.0734453 0.0738787 0.832213
2 0.671888 0.551919 0.0739698 0.0739487 0.830718
1 0.481057 0.32202 0.0728431 0.0727456 0.830689
1 0.598721 0.377876 0.0733845 0.0727794 0.830292
1 0.0276723 0.698162 0.0553447 0.0719551 0.829933
2 0.213748 0.37187 0.0722458 0.0726244 0.829882
1 0.452594 0.17444 0.0731272 0.0728587 0.82971
2 0.147986 0.841805 0.0728853 0.0737459 0.829657
0 0.018723 0.0912461 0.037446 0.0740078 0.829189
2 0.666671 0.0200334 0.0735034 0.0400668 0.829085
1 0.101784 0.685766 0.0730295 0.0728756 0.829049
1 0.769164 0.19854 0.0765366 0.0767452 0.828901
2 0.38056 0.776907 0.0736216 0.0744446 0.828784
2 0.425182 0.391355 0.0725578 0.0721892 0.827831
2 0.181778 0.0291989 0.0730664 0.0583017 0.827811
0 0.979195 0.971876 0.0416091 0.0562471 0.827794
1 0.87338 0.291579 0.0751743 0.0752535 0.827643
2 0.864094 0.605301 0.0756145 0.0762548 0.827491
1 0.383866 0.701616 0.0726118 0.0720774 0.827212
2 0.684919 0.712072 0.073354 0.0742074 0.82691
0 0.704752 0.679422 0.0750445 0.0746708 0.82674
2 0.702028 0.877581 0.0736767 0.0743643 0.826151
2 0.838213 0.433198 0.0763527 0.0763599 0.826103
2 0.0189017 0.854955 0.0378033 0.072937 0.825847
2 0.856595 0.618891 0.0747997 0.0745693 0.825468
2 0.827373 0.32236 0.0754625 0.0753101 0.824481
1 0.330104 0.419421 0.0728496 0.072384 0.823836
2 0.709003 0.768608 0.0745013 0.0742547 0.8226
1 0.808474 0.220333 0.0761538 0.0758965 0.822473
2 0.754822 0.759893 0.0753266 0.074926 0.821499
1 0.287855 0.103662 0.0723668 0.0725807 0.820965
2 0.635882 0.863746 0.0736792 0.0743868 0.820866
1 0.567509 0.57979 0.0723822 0.07307 0.819376
2 0.0250298 0.0728681 0.0500597 0.073887 0.819345
0 0.146386 0.433339 0.0709783 0.0714964 0.818305
0 0.67343 0.975856 0.072358 0.0482876 0.818138
2 0.255925 0.758643 0.0720475 0.0717629 0.818021
1 0.630001 0.611053 0.0738038 0.0733011 0.817657
0 0.656704 0.756364 0.0745707 0.0746346 0.817096
2 0.271832 0.380927 0.0735573 0.0733564 0.817077
1 0.549813 0.203055 0.0756639 0.0752583 0.817066
1 0.754856 0.187783 0.0756942 0.0755476 0.816775
1 0.738233 0.65913 0.0733974 0.0734165 0.816422
2 0.69012 0.972675 0.0738317 0.0546497 0.816056
0 0.816551 0.295917 0.0750458 0.0754223 0.81574
0 0.106741 0.896621 0.0727311 0.0728565 0.813359
2 0.393652 0.649597 0.0727915 0.0719154 0.812353
2 0.637676 0.384816 0.0726133 0.0725572 0.812235
2 0.922316 0.624913 0.0745911 0.0755113 0.811433
2 0.0621832 0.762702 0.0729906 0.0730456 0.810244
1 0.514879 0.202817 0.0739607 0.0736737 0.809784
1 0.184908 0.77194 0.0732738 0.0739077 0.808853
2 0.230601 0.106061 0.0726422 0.0724047 0.808576
1 0.888254 0.328453 0.0764622 0.0765211 0.807791
1 0.899831 0.21622 0.0792595 0.077936 0.806937
0 0.98031 0.683158 0.0389225 0.0743406 0.806014
1 0.331876 0.95762 0.0715356 0.0723339 0.805448
2 0.41073 0.0267212 0.0731028 0.0533752 0.804233
1 0.614161 0.421078 0.0733005 0.0736194 0.80412
1 0.366392 0.0739569 0.0705598 0.0719805 0.803759
2 0.743005 0.973005 0.0737125 0.0537312 0.803095
2 0.0430788 0.773332 0.0732301 0.0722574 0.802311
0 0.131822 0.46186 0.0718345 0.0716738 0.801578
2 0.0568093 0.130277 0.0733382 0.0730206 0.80125
2 0.149028 0.0224417 0.07019 0.0444876 0.801157
0 0.517702 0.769418 0.0733811 0.0730511 0.80091
2 0.717739 0.734256 0.0749187 0.0748419 0.800793
2 0.971671 0.322425 0.0566587 0.0764256 0.800222
1 0.320916 0.508659 0.0717015 0.0728252 0.796937
1 0.560515 0.328495 0.0738945 0.0735487 0.796871
1 0.41976 0.276538 0.0738589 0.0729488 0.796646
1 0.633701 0.637442 0.0743427 0.0746014 0.796577
2 0.81322 0.920744 0.0720503 0.0737175 0.796119
1 0.326537 0.861247 0.0727249 0.0734411 0.794001
1 0.80281 0.0279747 0.0746252 0.055941 0.792335
2 0.980697 0.908848 0.0385477 0.0705734 0.79018
2 0.670546 0.527704 0.0746663 0.0745329 0.787976
0 0.555731 0.801215 0.0742105 0.073568 0.787519
2 0.22304 0.863151 0.0730559 0.0736023 0.787146
2 0.575837 0.749817 0.0744925 0.0748661 0.786701
1 0.378561 0.317203 0.0726537 0.0727681 0.785744
1 0.124107 0.732516 0.073117 0.0727569 0.785684
1 0.935284 0.677963 0.0761284 0.0766415 0.783651
0 0.759762 0.917577 0.0742918 0.0739079 0.782876
0 0.974765 0.493437 0.0504698 0.0769271 0.782805
2 0.479359 0.42927 0.0715092 0.0719442 0.782748
1 0.334603 0.329669 0.0734716 0.0733565 0.782448
1 0.959843 0.596288 0.0732216 0.0741243 0.782174
1 0.59994 0.181473 0.0761389 0.0758151 0.78204
2 0.290517 0.381127 0.0733079 0.0731945 0.78162
2 0.655913 0.757412 0.0741312 0.0739387 0.78068
2 0.976999 0.29039 0.0460029 0.0777784 0.778887
0 0.287034 0.0250293 0.070979 0.0496627 0.77851
1 0.275689 0.886665 0.0726283 0.0723879 0.778189
2 0.689458 0.0187621 0.0729645 0.0375242 0.777246
1 0.267572 0.12447 0.0725198 0.0728524 0.777243
0 0.869388 0.90943 0.0733852 0.0738369 0.777119
2 0.2587 0.702951 0.0728617 0.0731447 0.776324
0 0.981675 0.956166 0.0365685 0.0718163 0.775807
0 0.637593 0.908741 0.0730614 0.0744621 0.775064
2 0.437403 0.493351 0.0712551 0.0717983 0.775041
1 0.501155 0.940766 0.0736668 0.0727829 0.774805
2 0.449681 0.040519 0.0718952 0.0729704 0.774079
1 0.330438 0.971732 0.0733185 0.0565365 0.772942
2 0.75586 0.982667 0.073151 0.0346668 0.771707
2 0.601439 0.956037 0.0732455 0.0740963 0.769957
1 0.351406 0.591259 0.0721253 0.0714897 0.769716
2 0.070384 0.368123 0.073277 0.072996 0.768982
1 0.375237 0.108957 0.0726122 0.0723495 0.767496
2 0.9384 0.262013 0.0785503 0.0781866 0.767466
2 0.934528 0.472911 0.0773735 0.0774233 0.765982
2 0.520825 0.027029 0.0729789 0.054058 0.765704
2 0.955481 0.71265 0.076479 0.0766024 0.765147
1 0.627813 0.256164 0.0762865 0.0760215 0.762762
1 0.91525 0.760161 0.07575 0.0752069 0.762014
2 0.524462 0.304113 0.0726028 0.0734293 0.761995
2 0.96728 0.884294 0.0654409 0.07155 0.761684
2 0.3305 0.0279418 0.0713556 0.0557193 0.761343
2 0.436951 0.979943 0.0744351 0.0401136 0.760278
0 0.830495 0.930461 0.0732767 0.0732838 0.760148
1 0.972225 0.740887 0.0555506 0.0743902 0.760144
1 0.0852167 0.69303 0.070904 0.0708349 0.758667
2 0.418257 0.574733 0.0727994 0.0721344 0.757585
0 0.852172 0.351196 0.0754749 0.0751621 0.755698
2 0.0865289 0.0873762 0.0721113 0.0714669 0.755037
1 0.749016 0.706899 0.0726064 0.0729403 0.754819
0 0.976181 0.832068 0.0476372 0.0734457 0.754005
1 0.602379 0.121822 0.0738005 0.0738621 0.752593
0 0.0225288 0.318459 0.0450575 0.0721606 0.752077
2 0.532213 0.835436 0.0735794 0.0726751 0.751392
1 0.302961 0.90362 0.0733851 0.0733971 0.751165
2 0.423947 0.21571 0.073074 0.0732193 0.749512
1 0.486712 0.601887 0.0698321 0.0707111 0.74825
1 0.976251 0.798074 0.0471516 0.0708127 0.747377
1 0.235841 0.88458 0.0727172 0.0732918 0.743257
2 0.968853 0.981378 0.0616261 0.0372432 0.742666
1 0.576153 0.226266 0.076033 0.0756522 0.742077
1 0.7394 0.0719041 0.0752188 0.0754224 0.741958
2 0.931387 0.8971 0.0722792 0.0713488 0.740734
2 0.977845 0.595204 0.0443062 0.0744621 0.740473
2 0.16426 0.394484 0.0710392 0.0717441 0.739775
0 0.165374 0.570556 0.0721219 0.0716081 0.739401
1 0.353737 0.419255 0.0729203 0.0733137 0.737136
0 0.821254 0.858058 0.0742084 0.0746807 0.736926
0 0.113314 0.410536 0.0713688 0.0720377 0.734867
2 0.211801 0.215533 0.073994 0.0744091 0.733289
1 0.543388 0.313207 0.0726965 0.0724702 0.733232
2 0.0270762 0.426737 0.053618 0.0716433 0.732034
2 0.918927 0.435047 0.0765472 0.0765282 0.731715
2 0.649982 0.284671 0.0746483 0.0748878 0.731491
1 0.247044 0.469887 0.0722668 0.0723409 0.730355
1 0.534297 0.267978 0.0740192 0.0743827 0.730239
1 0.427956 0.305968 0.0729428 0.0734092 0.730206
1 0.641893 0.677015 0.074567 0.0749741 0.73016
0 0.599515 0.974123 0.0741091 0.0517546 0.729955
1 0.868923 0.0908986 0.0750446 0.0751014 0.729736
0 0.154035 0.341495 0.0718933 0.0716838 0.727568
2 0.692434 0.252178 0.0765194 0.0743909 0.726917
1 0.456851 0.601933 0.0716272 0.0717406 0.725264
1 0.555368 0.599573 0.0733006 0.0719355 0.723637
2 0.544722 0.498395 0.0730309 0.0716105 0.72329
1 0.973905 0.46891 0.0521894 0.0727316 0.722318
1 0.0462452 0.56196 0.0718168 0.0703558 0.721703
1 0.298988 0.148377 0.0742105 0.0746421 0.721048
2 0.839795 0.820106 0.0733334 0.0742365 0.7208
2 0.898329 0.62113 0.0761902 0.0750769 0.717528
2 0.149966 0.37915 0.0716447 0.071474 0.716005
2 0.120739 0.14466 0.0730205 0.0737473 0.715885
2 0.940778 0.196109 0.0799 0.0802404 0.715864
2 0.441052 0.636745 0.0723749 0.0727459 0.715388
2 0.605238 0.967081 0.0742351 0.0658388 0.714349
2 0.53175 0.504103 0.0719607 0.0714413 0.713849
1 0.450176 0.544762 0.0704736 0.0704836 0.713729
0 0.188488 0.115529 0.0732118 0.0731206 0.711844
2 0.506417 0.502624 0.0712849 0.0701441 0.711805
1 0.620034 0.165594 0.0761007 0.0762054 0.710176
1 0.310879 0.220509 0.0753971 0.0749357 0.708744
1 0.893036 0.657291 0.0767645 0.0776487 0.707207
2 0.753346 0.0190678 0.0747768 0.0380076 0.7064
1 0.0282828 0.469205 0.0565656 0.0740824 0.706097
1 0.271341 0.852099 0.0732903 0.0731998 0.705872
2 0.0749383 0.762622 0.0705776 0.0705357 0.705552
1 0.407075 0.553881 0.0724182 0.0720835 0.705532
2 0.431463 0.969895 0.073668 0.0601252 0.704885
1 0.194274 0.685927 0.0746329 0.0748005 0.700888
1 0.38336 0.915977 0.0708399 0.0717903 0.700787
1 0.401534 0.0941298 0.0725286 0.0729696 0.699037
2 0.464982 0.619475 0.0715966 0.0724836 0.698591
2 0.830699 0.930289 0.0724415 0.0727861 0.696003
1 0.347451 0.123583 0.0743281 0.0741224 0.693481
2 0.809941 0.845465 0.0743055 0.0745159 0.689399
1 0.332358 0.388469 0.0731067 0.0727777 0.689109
0 0.787304 0.462247 0.0751386 0.0749653 0.687704
2 0.232 0.952967 0.0739021 0.0728989 0.686994
2 0.474969 0.765983 0.0728058 0.0727146 0.686625
2 0.304121 0.467174 0.0716486 0.0719253 0.681403
2 0.293078 0.017981 0.0715899 0.035962 0.680497
1 0.333182 0.940675 0.0738728 0.072892 0.680396
2 0.688795 0.788203 0.0755764 0.0753078 0.67754
2 0.293225 0.192884 0.0739691 0.0743828 0.67506
1 0.868695 0.152032 0.0765499 0.0768138 0.67392
0 0.632625 0.456405 0.0749025 0.0744219 0.673222
1 0.0158077 0.940665 0.0316025 0.0721565 0.670522
2 0.504941 0.182764 0.074239 0.0731047 0.669654
2 0.755133 0.0596072 0.0759626 0.0757583 0.668028
2 0.053268 0.195611 0.0716216 0.0721464 0.666117
2 0.680338 0.829316 0.0761657 0.0763252 0.66535
2 0.540964 0.0172167 0.0732882 0.0344335 0.663824
1 0.185403 0.670357 0.0739279 0.0737506 0.662586
2 0.975897 0.949834 0.0479841 0.070223 0.661898
1 0.624087 0.35762 0.0733998 0.072995 0.659047
0 0.174084 0.420298 0.071721 0.0723994 0.657791
2 0.181278 0.480119 0.0722111 0.0722295 0.656981
2 0.478651 0.793216 0.072507 0.0738289 0.656418
0 0.0211534 0.272654 0.0423068 0.0725962 0.65626
0 0.149831 0.376704 0.0717943 0.0717722 0.654204
2 0.0318566 0.981528 0.0625747 0.0369434 0.653612
2 0.215954 0.0249663 0.0707667 0.0499327 0.653406
1 0.193389 0.641448 0.0749435 0.0753326 0.65279
1 0.881658 0.0260625 0.0731327 0.0521248 0.652129
2 0.340723 0.714375 0.0728958 0.0725834 0.650488
1 0.329054 0.567483 0.0718817 0.072504 0.650473
2 0.212071 0.309046 0.0717721 0.0728125 0.650341
0 0.21763 0.485878 0.0728398 0.0720587 0.647781
0 0.918821 0.435406 0.0770237 0.0765444 0.647359
1 0.519345 0.0888356 0.0728119 0.0729032 0.645067
2 0.919299 0.25269 0.0776379 0.0777762 0.643492
2 0.495212 0.263985 0.0730003 0.0732212 0.643114
1 0.357499 0.328883 0.0727538 0.0728075 0.641191
2 0.924432 0.416939 0.0765524 0.0764782 0.63922
1 0.376528 0.301162 0.0724866 0.0728712 0.638113
1 0.390121 0.619165 0.0714883 0.0717129 0.635481
2 0.598854 0.973849 0.0744556 0.0523024 0.628911
2 0.140777 0.0903313 0.0730515 0.0727136 0.628694
1 0.567942 0.289978 0.0740728 0.0737654 0.6267
2 0.614242 0.981704 0.0733178 0.0365927 0.625258
0 0.04901 0.0739554 0.0741633 0.0740511 0.624644
1 0.870825 0.705189 0.0775116 0.0774414 0.623191
2 0.368057 0.628137 0.0721308 0.0710253 0.622424
2 0.768539 0.452444 0.0761381 0.0763153 0.621381
1 0.693115 0.553273 0.0733604 0.0737958 0.617464
0 0.275271 0.667469 0.0734816 0.0732379 0.612254
2 0.752304 0.803354 0.0750635 0.0746016 0.611696
1 0.961092 0.129385 0.0766636 0.0778931 0.609786
1 0.497197 0.408707 0.0724146 0.0726581 0.606951
1 0.47289 0.171396 0.0725607 0.0727381 0.606624
1 0.467781 0.220986 0.0724944 0.0730966 0.602966
1 0.174828 0.847149 0.0748696 0.0738094 0.602472
2 0.39067 0.0181577 0.0747083 0.0363154 0.602422
0 0.575297 0.736688 0.0730895 0.0743647 0.599519
2 0.390123 0.618713 0.0709993 0.0716696 0.598911
1 0.385632 0.273252 0.0729245 0.0726516 0.59751
2 0.439543 0.688876 0.0717299 0.0716513 0.596973
1 0.593209 0.156921 0.0750489 0.07584 0.594167
1 0.271258 0.51881 0.0720953 0.0714666 0.59413
0 0.971582 0.654773 0.0568367 0.0744194 0.589628
1 0.208457 0.517761 0.0719319 0.0728479 0.588233
1 0.692585 0.22118 0.0766096 0.0770491 0.587377
0 0.643849 0.193584 0.0751416 0.0750473 0.587204
1 0.608196 0.364168 0.0731858 0.0726258 0.587192
1 0.319397 0.579053 0.0725024 0.0721076 0.584684
1 0.0153911 0.723736 0.0307822 0.0721513 0.583148
0 0.0324564 0.204685 0.0646624 0.0709003 0.582249
2 0.39144 0.573018 0.0718167 0.0714127 0.580749
2 0.785058 0.0332561 0.072471 0.0665123 0.579854
2 0.300882 0.348789 0.0719379 0.0724682 0.579567
1 0.361676 0.457236 0.0719806 0.0722374 0.579508
1 0.829534 0.541726 0.07378 0.0737811 0.577034
1 0.3124 0.979499 0.0733339 0.0410017 0.571899
1 0.206538 0.642392 0.0742086 0.0739494 0.57179
0 0.140802 0.0900671 0.0727304 0.0725517 0.570743
2 0.538253 0.688693 0.0730552 0.0736057 0.57021
2 0.925659 0.980545 0.0723831 0.0388346 0.568931
2 0.786573 0.807404 0.0747664 0.0752516 0.568416
1 0.266441 0.41658 0.0733094 0.0726642 0.567906
1 0.105045 0.563018 0.0710688 0.0705551 0.566477
1 0.843054 0.0247473 0.0750824 0.0491624 0.561954
0 0.375163 0.01946 0.0732178 0.03892 0.561794
2 0.0238966 0.753049 0.0477933 0.0714366 0.557038
0 0.170324 0.383116 0.0714774 0.0722619 0.556949
1 0.708012 0.692534 0.074464 0.0745655 0.556228
2 0.274938 0.666423 0.0727367 0.0725162 0.555494
1 0.433323 0.260546 0.0719984 0.072374 0.55498
1 0.300874 0.408561 0.0727509 0.0731072 0.554269
1 0.0435233 0.586515 0.0720794 0.0714849 0.553711
1 0.26992 0.803006 0.0723207 0.0726555 0.552844
1 0.531376 0.537033 0.0729673 0.0723207 0.551703
0 0.606427 0.967229 0.0744892 0.065543 0.550591
1 0.98477 0.456194 0.0304598 0.0785244 0.545133
2 0.711032 0.717517 0.0753359 0.0757837 0.542216
2 0.617089 0.796905 0.0747454 0.0742598 0.541986
1 0.351846 0.518483 0.0707791 0.0718024 0.540526
0 0.501927 0.791125 0.0731451 0.0733284 0.540412
1 0.247978 0.161426 0.0729523 0.0730726 0.539302
0 0.970281 0.906749 0.0594387 0.0706438 0.538193
2 0.770827 0.628191 0.0747818 0.0742666 0.53647
1 0.482854 0.68433 0.0715211 0.0711273 0.53641
1 0.256698 0.203722 0.0733013 0.0735762 0.535402
1 0.518936 0.576679 0.0720393 0.0713491 0.534992
2 0.851617 0.441579 0.0773495 0.0766385 0.529569
1 0.0233998 0.513662 0.0467995 0.0697496 0.528906
2 0.376578 0.0214507 0.0722363 0.0424991 0.528798
0 0.473559 0.0358229 0.0696489 0.0694356 0.521659
1 0.986921 0.784128 0.0255558 0.0744368 0.518034
1 0.396233 0.901701 0.0717631 0.0722401 0.515645
1 0.701891 0.604205 0.0735381 0.0731245 0.512937
2 0.873453 0.849218 0.0735241 0.0748802 0.506856
2 0.278118 0.0760211 0.0726391 0.0717322 0.505927
0 0.855387 0.98341 0.0721329 0.0331808 0.505829
1 0.342192 0.610905 0.0736539 0.0729015 0.50579
2 0.681803 0.469664 0.07415 0.0751643 0.500461
