0 0.0763641 0.111245 0.0674896 0.0676381 0.931597
2 0.731188 0.960285 0.0749876 0.0741051 0.93118
2 0.62861 0.898294 0.0737458 0.0731298 0.929537
0 0.778306 0.766207 0.0764732 0.0758854 0.929291
0 0.512238 0.444588 0.0728947 0.0728891 0.929052
0 0.839726 0.0521271 0.0751339 0.0745622 0.928722
2 0.379341 0.443076 0.0728246 0.0726459 0.927443
0 0.581595 0.331205 0.0744942 0.0749454 0.926975
0 0.206442 0.233705 0.0696516 0.0700914 0.925687
0 0.196029 0.343594 0.0687176 0.06921 0.925199
0 0.868237 0.096928 0.0760635 0.0762275 0.924743
0 0.368648 0.80816 0.0716127 0.071254 0.924673
0 0.289095 0.621088 0.0722154 0.0726318 0.92253
0 0.085412 0.813812 0.0695293 0.0691019 0.922264
0 0.543006 0.441749 0.0746534 0.0744198 0.922225
0 0.629714 0.468789 0.0755774 0.0750822 0.92176
0 0.777227 0.0314697 0.0738483 0.0624505 0.921573
1 0.868284 0.920164 0.0767462 0.0761929 0.921371
0 0.56733 0.031051 0.0720038 0.0619181 0.921333
0 0.079743 0.0537851 0.0670335 0.0668988 0.921244
0 0.0857075 0.102758 0.0671222 0.0672418 0.920993
0 0.352988 0.404722 0.0710295 0.071332 0.920755
0 0.561709 0.917632 0.0737053 0.0736587 0.920501
0 0.343618 0.369383 0.0706025 0.0706296 0.920421
0 0.578565 0.0550356 0.0721724 0.0718414 0.920012
0 0.306336 0.419183 0.0713716 0.0708227 0.919632
0 0.333257 0.230218 0.0718463 0.0719802 0.919415
0 0.899433 0.24754 0.0779873 0.0774193 0.918992
0 0.937187 0.903232 0.0772345 0.077257 0.918921
0 0.216935 0.428116 0.0710265 0.0703453 0.918776
0 0.321631 0.13936 0.0731186 0.0721336 0.918478
0 0.610573 0.0575548 0.0722158 0.0725498 0.918277
0 0.284548 0.151997 0.072042 0.071674 0.918163
0 0.753273 0.0612867 0.0755515 0.0757018 0.918086
2 0.53183 0.812736 0.0743999 0.0738155 0.917608
0 0.570921 0.0441607 0.0720818 0.0716133 0.917539
1 0.792499 0.518185 0.0765485 0.076614 0.91741
0 0.694191 0.278682 0.0758394 0.0751986 0.917182
0 0.727598 0.850124 0.0759571 0.0755676 0.917069
0 0.0799435 0.695259 0.0717977 0.0710178 0.916867
0 0.0737907 0.0381676 0.0665888 0.0662476 0.916853
0 0.76945 0.0671931 0.0753592 0.0757619 0.916579
2 0.0377086 0.753438 0.0709084 0.0721004 0.916467
0 0.400004 0.409372 0.0712916 0.0721271 0.916466
0 0.917405 0.955418 0.077927 0.0776802 0.91646
0 0.93355 0.0707581 0.0771875 0.076737 0.916269
0 0.831518 0.957316 0.0774295 0.077 0.916212
0 0.797465 0.162628 0.0775545 0.0772263 0.916009
0 0.425715 0.365939 0.0727227 0.0725908 0.915934
0 0.771527 0.0807965 0.0755643 0.0751549 0.915759
0 0.668415 0.367883 0.0755822 0.075246 0.915704
0 0.251466 0.344209 0.0689915 0.0700478 0.915702
0 0.294167 0.396951 0.0702822 0.0695204 0.91569
0 0.0447254 0.130038 0.0685753 0.0683404 0.915587
2 0.821479 0.768642 0.0767176 0.0762764 0.915482
0 0.567011 0.302228 0.0751585 0.0752172 0.915481
0 0.41445 0.161778 0.0724509 0.0722636 0.91512
2 0.710586 0.0661741 0.0720482 0.0721883 0.91489
0 0.241741 0.369084 0.0699537 0.0698044 0.914863
2 0.57407 0.252578 0.0758364 0.0758302 0.914807
0 0.086804 0.323082 0.0703954 0.070845 0.914805
2 0.662356 0.766827 0.0771318 0.0763988 0.914787
2 0.500355 0.458535 0.0732849 0.0738585 0.914674
0 0.505586 0.477816 0.073909 0.072991 0.914603
1 0.873969 0.535851 0.0791252 0.0785081 0.914399
0 0.194186 0.430638 0.0722286 0.0710367 0.914374
0 0.849853 0.749707 0.0777908 0.0777893 0.914366
0 0.0672588 0.226611 0.069579 0.0691813 0.914336
0 0.576649 0.342571 0.0752848 0.0750584 0.914311
0 0.85882 0.959582 0.0768661 0.0777058 0.914254
0 0.0729717 0.0910341 0.06619 0.0672278 0.914245
0 0.771978 0.0244056 0.0726661 0.0487881 0.913869
0 0.146864 0.0506379 0.0682843 0.0670949 0.913844
0 0.366769 0.606631 0.0728135 0.07288 0.913497
0 0.885812 0.85263 0.075816 0.0757862 0.913483
0 0.841774 0.133876 0.0769369 0.0763908 0.913462
0 0.117311 0.688372 0.0721134 0.0708511 0.913279
0 0.18522 0.358421 0.0695034 0.0696443 0.913183
0 0.397471 0.890453 0.0709256 0.0711063 0.913142
0 0.254761 0.753823 0.0708325 0.0703814 0.913116
2 0.674263 0.328833 0.0750643 0.0751227 0.913083
0 0.834732 0.94465 0.0775393 0.0772896 0.913006
0 0.0903639 0.0644012 0.0677399 0.0674913 0.912943
0 0.104492 0.712487 0.0716209 0.0710262 0.912901
0 0.380652 0.149535 0.0740037 0.0730022 0.912861
1 0.880434 0.933694 0.0768593 0.0770081 0.912852
2 0.230143 0.68788 0.0703832 0.0703455 0.912797
0 0.1133 0.329915 0.070558 0.0708254 0.912535
0 0.227044 0.396352 0.0695233 0.0698941 0.912468
0 0.937307 0.927123 0.0771412 0.0764736 0.912451
2 0.698234 0.371245 0.0753172 0.0750142 0.912388
0 0.775536 0.891363 0.0767645 0.0754536 0.912248
0 0.210682 0.392639 0.0692151 0.0700532 0.912161
0 0.327716 0.60021 0.0732647 0.0726447 0.912139
0 0.88109 0.0273431 0.0757957 0.0544664 0.912113
0 0.550335 0.392793 0.0739159 0.0736129 0.912112
0 0.615094 0.870607 0.0736591 0.0742397 0.912098
2 0.716063 0.932187 0.0747709 0.0748331 0.911933
2 0.632258 0.5088 0.0755075 0.0752855 0.911926
0 0.966084 0.267959 0.0678327 0.0771089 0.911918
0 0.15854 0.17459 0.0702007 0.0688407 0.911903
1 0.087794 0.839343 0.0686226 0.0687717 0.911873
0 0.170123 0.0676949 0.0685593 0.0685131 0.911868
0 0.671428 0.0344465 0.0727913 0.0687871 0.911808
0 0.11194 0.29685 0.069923 0.0711023 0.911657
0 0.477557 0.627263 0.0727705 0.0727339 0.911584
0 0.88738 0.0415784 0.0762295 0.0751158 0.911329
2 0.827291 0.753619 0.0767353 0.0766119 0.911123
0 0.0979819 0.143823 0.068583 0.0693749 0.910809
0 0.738353 0.154489 0.0758926 0.0753635 0.910791
0 0.910177 0.853616 0.0761875 0.0761341 0.91075
0 0.472475 0.161836 0.0735657 0.0736678 0.910689
0 0.50314 0.0950251 0.0727141 0.0728642 0.910687
2 0.695861 0.914719 0.0750831 0.0747219 0.910686
0 0.174917 0.69901 0.0700362 0.0697104 0.910661
0 0.814172 0.172961 0.0779356 0.0777148 0.910645
0 0.31679 0.306347 0.0707171 0.0710983 0.910563
0 0.0565058 0.119696 0.0683817 0.0677453 0.910328
0 0.467454 0.354854 0.0738425 0.0735934 0.910082
0 0.743296 0.124677 0.0758439 0.0757739 0.90994
2 0.732049 0.0576129 0.0747276 0.0746603 0.909881
0 0.164466 0.419896 0.0704096 0.0711138 0.909737
2 0.709483 0.118663 0.0745704 0.0748223 0.909519
0 0.398092 0.92895 0.0713255 0.0718052 0.909423
0 0.453586 0.34182 0.0736404 0.0735109 0.909348
0 0.522865 0.497789 0.0713614 0.0716194 0.909243
1 0.710744 0.295926 0.0753735 0.0748496 0.909142
0 0.472204 0.322864 0.0737165 0.0736639 0.909139
2 0.294809 0.37758 0.0707756 0.0698961 0.909065
0 0.549929 0.0932472 0.0726166 0.0718161 0.909031
0 0.843088 0.167361 0.0776196 0.076914 0.908874
0 0.869439 0.0312492 0.0753746 0.0624803 0.908852
2 0.111347 0.668877 0.0712561 0.0720362 0.908552
0 0.306442 0.387866 0.0709167 0.0701886 0.908521
0 0.249267 0.726374 0.0697399 0.0699385 0.908473
0 0.413014 0.727827 0.0720208 0.0715126 0.908347
0 0.90085 0.893533 0.076754 0.0761326 0.908225
2 0.298035 0.660653 0.0713912 0.0716547 0.908211
0 0.649627 0.029288 0.0710028 0.0585105 0.908144
0 0.0330989 0.373989 0.0661977 0.0704565 0.908004
0 0.336221 0.46493 0.0696992 0.0696198 0.90763
0 0.131566 0.61014 0.0708971 0.0703339 0.907607
0 0.703195 0.896271 0.0750072 0.0749664 0.90756
0 0.742646 0.109519 0.0750061 0.0744664 0.907451
0 0.657741 0.236653 0.0748268 0.0745346 0.907383
0 0.354928 0.391247 0.0718694 0.0711813 0.907138
2 0.240312 0.29723 0.0684623 0.0689394 0.907124
2 0.596175 0.411089 0.0748798 0.0747158 0.907075
0 0.21584 0.470762 0.0732404 0.0733128 0.907059
2 0.832386 0.498013 0.0773447 0.0776066 0.907025
0 0.115951 0.120408 0.0678345 0.0678393 0.906883
0 0.524824 0.344376 0.0739546 0.0743924 0.9068
2 0.608772 0.932057 0.0735118 0.0738018 0.906695
0 0.529864 0.145876 0.0746767 0.0743091 0.90647
0 0.48576 0.351659 0.0740931 0.0742694 0.906462
2 0.0624241 0.801227 0.0707373 0.0704589 0.90644
0 0.943769 0.0548087 0.0760258 0.0762039 0.906392
2 0.680611 0.90977 0.0745905 0.0743355 0.90639
0 0.0688109 0.159784 0.0699018 0.0691649 0.906326
0 0.70917 0.95737 0.074168 0.0747185 0.906303
2 0.278483 0.167868 0.0716664 0.072319 0.906264
0 0.0288167 0.589139 0.0576333 0.0672332 0.906192
0 0.919056 0.0400649 0.0765572 0.076607 0.90616
0 0.112512 0.0544307 0.0668465 0.0677293 0.906155
2 0.577445 0.814967 0.0747675 0.0751457 0.906146
2 0.62766 0.930459 0.073251 0.0738605 0.906138
0 0.820363 0.0484536 0.0746609 0.0739778 0.906126
2 0.143477 0.209289 0.0707588 0.0704176 0.906095
0 0.210186 0.314242 0.0679355 0.0678227 0.906076
2 0.494263 0.178145 0.0754904 0.0755949 0.905982
1 0.745513 0.941076 0.0761872 0.0758415 0.905813
0 0.467896 0.111685 0.0734831 0.0729723 0.905751
0 0.921909 0.0595137 0.0764244 0.076156 0.905732
0 0.485339 0.110866 0.072612 0.0725694 0.905642
0 0.11201 0.608844 0.0701191 0.070085 0.90556
0 0.855833 0.0322243 0.0751324 0.0642096 0.905458
0 0.0745178 0.364623 0.0705465 0.0708368 0.905422
0 0.235175 0.322568 0.068126 0.0684203 0.905246
0 0.194283 0.321598 0.0679327 0.0673659 0.905185
0 0.183466 0.775143 0.0689493 0.0701651 0.905122
0 0.363116 0.413139 0.070635 0.0704293 0.905094
2 0.334587 0.0754616 0.0714253 0.0713171 0.905018
0 0.373579 0.739749 0.0709546 0.0708961 0.904868
0 0.0564236 0.48531 0.0714317 0.0701429 0.904855
0 0.0833395 0.263919 0.0696597 0.0694693 0.904648
0 0.282852 0.604109 0.072783 0.0724997 0.904471
2 0.855737 0.200863 0.0782066 0.0790865 0.904308
0 0.324932 0.311667 0.0700051 0.0710122 0.904167
0 0.529214 0.579881 0.0753265 0.0744926 0.904137
0 0.468803 0.429617 0.0729083 0.073546 0.904137
0 0.341428 0.12191 0.0735526 0.0727883 0.904106
0 0.674505 0.851991 0.0752296 0.0752964 0.904021
0 0.267602 0.205168 0.0709975 0.0706603 0.903939
2 0.32175 0.327009 0.0709296 0.0701961 0.903931
0 0.231208 0.492421 0.0736254 0.0728987 0.903838
0 0.657659 0.328164 0.0749763 0.0751567 0.903763
0 0.598854 0.124577 0.0728353 0.0731465 0.903727
0 0.572872 0.479684 0.0745803 0.0744172 0.903717
2 0.458583 0.462249 0.0723405 0.0721861 0.903653
2 0.880856 0.838122 0.0767849 0.0767242 0.903552
0 0.638483 0.396168 0.0750294 0.0747169 0.903487
1 0.895854 0.546998 0.0785124 0.0788496 0.903416
0 0.0296744 0.0803409 0.0593489 0.0672162 0.90323
0 0.513012 0.171038 0.0748358 0.0746343 0.903122
2 0.761086 0.965549 0.0764988 0.0689028 0.903102
0 0.11285 0.213939 0.0695833 0.0691097 0.903073
2 0.19257 0.208149 0.0699084 0.0697572 0.903023
0 0.267674 0.369831 0.0706064 0.0702785 0.902882
0 0.460213 0.407042 0.0732389 0.0735983 0.902855
0 0.11725 0.737156 0.0723314 0.0709193 0.902828
0 0.36531 0.908589 0.071319 0.0717062 0.902607
2 0.666623 0.554512 0.0753912 0.0754574 0.902569
2 0.207715 0.710743 0.0700686 0.0701093 0.902522
2 0.280881 0.215845 0.0717624 0.0707537 0.902514
0 0.65349 0.835885 0.0756355 0.0763765 0.90237
0 0.425951 0.32583 0.0726776 0.0729239 0.902343
0 0.702036 0.187562 0.0753722 0.0750824 0.902311
0 0.632511 0.0886047 0.0732971 0.0729626 0.902294
0 0.323548 0.669716 0.071371 0.0717319 0.90217
0 0.221137 0.102803 0.0687519 0.0686303 0.902158
1 0.945609 0.207984 0.0783565 0.0779246 0.902144
2 0.418437 0.443242 0.0724606 0.0720436 0.902077
0 0.0701118 0.492874 0.0705471 0.0710764 0.902061
0 0.0530976 0.15331 0.0692979 0.0687099 0.902011
0 0.648097 0.0718213 0.0720306 0.0724435 0.901985
0 0.742732 0.900361 0.0760328 0.074818 0.901935
0 0.509953 0.355449 0.0731345 0.0735293 0.901917
0 0.675999 0.0231471 0.0712214 0.0462942 0.901863
0 0.230214 0.175202 0.0708043 0.0691738 0.901774
0 0.37358 0.895551 0.0710126 0.0712307 0.901739
0 0.243701 0.499798 0.0728247 0.0716257 0.901611
0 0.394154 0.342496 0.0721381 0.0713008 0.901467
2 0.421325 0.0804275 0.070831 0.0709992 0.90136
0 0.465623 0.0472993 0.0712606 0.0705271 0.901244
0 0.152593 0.255491 0.0693498 0.0688565 0.901191
0 0.67183 0.88285 0.0746826 0.0737751 0.901143
0 0.558486 0.853432 0.0743116 0.0742659 0.90112
0 0.919299 0.905023 0.0772408 0.076749 0.901118
1 0.353029 0.717823 0.0718555 0.0716407 0.901103
2 0.404062 0.0700252 0.0721275 0.0723465 0.901069
0 0.0949083 0.050554 0.067278 0.0661905 0.90106
0 0.458286 0.0647629 0.0724255 0.0709217 0.901024
0 0.466024 0.0921505 0.0728975 0.0725243 0.901019
0 0.635927 0.947958 0.0734158 0.0730038 0.901008
2 0.845852 0.504128 0.0768665 0.0772791 0.901008
0 0.273321 0.36009 0.0699417 0.0700613 0.900996
0 0.29049 0.303704 0.0696993 0.0707313 0.90092
2 0.138772 0.193535 0.0696979 0.0701349 0.900908
0 0.62632 0.294306 0.0747479 0.0752054 0.900905
0 0.433078 0.337066 0.0720024 0.0715044 0.900896
0 0.708323 0.210611 0.0742449 0.0744478 0.900758
0 0.287342 0.103385 0.0720744 0.07211 0.900751
0 0.218567 0.556505 0.0732173 0.0725968 0.90066
0 0.345672 0.0479942 0.0708441 0.0706324 0.900655
0 0.432965 0.502707 0.0733364 0.0728233 0.90063
0 0.0576961 0.595271 0.0711289 0.0708845 0.900542
2 0.897433 0.967522 0.0772694 0.0649553 0.900494
1 0.966451 0.384281 0.0669029 0.078063 0.900392
0 0.23252 0.592422 0.0728356 0.0725979 0.900318
2 0.375981 0.580995 0.0721631 0.0729265 0.900251
2 0.257054 0.110617 0.0710392 0.0700605 0.900086
0 0.5118 0.0779237 0.071624 0.0721791 0.900052
1 0.77289 0.748367 0.0761496 0.0759426 0.899974
2 0.0600766 0.746325 0.0717408 0.0721639 0.899865
0 0.233104 0.443905 0.0716875 0.0717363 0.899821
0 0.0811736 0.0823687 0.0677977 0.0676268 0.899705
0 0.0268817 0.906722 0.0535632 0.0703878 0.899678
0 0.108084 0.359632 0.0720629 0.0716425 0.899668
0 0.080956 0.464355 0.0732395 0.0726477 0.899565
0 0.158317 0.0981939 0.0682631 0.0682171 0.899548
0 0.439489 0.0785848 0.0724562 0.0717117 0.899158
0 0.598009 0.788828 0.0755586 0.0754009 0.899062
0 0.331294 0.438254 0.0711474 0.070071 0.898869
0 0.157313 0.0679041 0.0680505 0.0679437 0.898849
0 0.133694 0.285815 0.069213 0.0690909 0.898692
2 0.132607 0.728615 0.0718724 0.071248 0.898587
2 0.281847 0.73008 0.0710417 0.0707855 0.898219
0 0.661345 0.575356 0.0749899 0.0740189 0.898176
1 0.797247 0.642732 0.075788 0.0754536 0.897946
0 0.230381 0.0858179 0.0702228 0.0693005 0.897927
0 0.368252 0.382109 0.0720381 0.0718983 0.897754
0 0.415963 0.219053 0.0745002 0.0738027 0.897733
1 0.946033 0.15326 0.0780395 0.0774401 0.89773
0 0.673272 0.0708998 0.0719927 0.072267 0.897532
2 0.302062 0.245046 0.0706717 0.0714306 0.897432
0 0.0431238 0.0198794 0.0646738 0.0391173 0.897427
0 0.601835 0.269848 0.0757232 0.0752297 0.897385
2 0.58347 0.318332 0.0753021 0.0749089 0.897371
0 0.443524 0.408123 0.0733459 0.0727818 0.897358
1 0.713131 0.610446 0.0742699 0.0750141 0.897227
0 0.0342289 0.50423 0.0674436 0.0691795 0.897224
0 0.407882 0.0346304 0.0704963 0.0685794 0.897183
1 0.644015 0.373101 0.0750972 0.0746528 0.89718
0 0.118165 0.0376405 0.0675898 0.0672545 0.897129
1 0.94572 0.809148 0.0774624 0.077287 0.897087
0 0.19802 0.398599 0.0692357 0.0692225 0.897035
0 0.424518 0.198944 0.0738449 0.0736799 0.897015
0 0.386521 0.368427 0.0708181 0.0716699 0.897005
0 0.973642 0.80055 0.0527166 0.0788692 0.896954
0 0.293766 0.335837 0.0706113 0.0696247 0.896928
0 0.315035 0.408877 0.0695028 0.070516 0.896862
0 0.0535179 0.548337 0.070292 0.069488 0.896797
0 0.0527652 0.298888 0.0705021 0.0700646 0.896791
1 0.859253 0.564042 0.0773754 0.0774931 0.896769
0 0.104228 0.646846 0.0719891 0.0719854 0.896692
0 0.174626 0.282727 0.0675706 0.0684623 0.896593
1 0.684106 0.59395 0.075514 0.0750939 0.896591
0 0.174352 0.309238 0.0681378 0.0685529 0.896495
2 0.653211 0.506822 0.0760387 0.0762644 0.896407
0 0.51153 0.653043 0.074683 0.0744184 0.896302
0 0.0635408 0.517394 0.0694857 0.0692013 0.896299
0 0.0460173 0.0321135 0.0664979 0.062116 0.896266
0 0.251368 0.327945 0.069052 0.0696651 0.896257
0 0.780713 0.683655 0.0751036 0.075289 0.896229
0 0.843177 0.0401911 0.0753468 0.0752251 0.896124
0 0.436364 0.311797 0.0727658 0.0724881 0.896041
2 0.454553 0.451297 0.0734055 0.0723341 0.895848
0 0.219743 0.65846 0.0716056 0.0709901 0.895808
2 0.455971 0.43883 0.0734764 0.0732694 0.895456
0 0.706851 0.0228921 0.0731508 0.0457763 0.895296
2 0.678493 0.543739 0.0756786 0.0747595 0.895289
1 0.376688 0.840975 0.071651 0.0713532 0.895254
0 0.167529 0.587751 0.0720932 0.0708271 0.89517
0 0.436861 0.0316364 0.070023 0.0631917 0.894978
0 0.931089 0.854797 0.0767185 0.0763613 0.894949
1 0.934525 0.59368 0.0792335 0.0786193 0.894889
0 0.154594 0.304693 0.069783 0.0695089 0.894811
0 0.457568 0.317232 0.0740086 0.0737209 0.894803
2 0.235969 0.160593 0.0692264 0.0695331 0.894771
0 0.130956 0.783452 0.0707815 0.070248 0.894743
0 0.0340949 0.0932439 0.0643231 0.0641185 0.894595
1 0.863096 0.672269 0.0772491 0.0768971 0.894557
0 0.0277469 0.392031 0.0554937 0.070242 0.894461
0 0.605188 0.044116 0.0723465 0.0721495 0.894399
2 0.639351 0.137597 0.0733335 0.0733861 0.894318
0 0.688539 0.248049 0.0749213 0.0745976 0.894267
0 0.841691 0.0836596 0.0753113 0.0750383 0.894264
2 0.346046 0.509426 0.0711279 0.0711938 0.894214
0 0.074264 0.547989 0.0695673 0.0695436 0.894214
0 0.639436 0.243537 0.0747915 0.0743889 0.894172
0 0.0386677 0.297272 0.0700689 0.0697637 0.894052
0 0.227828 0.193321 0.0698891 0.0704092 0.893995
2 0.078428 0.0282304 0.0658238 0.0561112 0.893977
1 0.722153 0.470741 0.0766644 0.0763035 0.893896
1 0.146884 0.840942 0.068955 0.068915 0.893884
0 0.646004 0.107256 0.0725841 0.0730412 0.893775
0 0.0244325 0.550061 0.0483809 0.0714188 0.893693
0 0.264523 0.337539 0.0697947 0.0691759 0.893631
1 0.891124 0.177963 0.0772745 0.0771976 0.893569
1 0.202453 0.828193 0.068301 0.0683905 0.893521
0 0.4372 0.129366 0.0737278 0.0736946 0.893428
0 0.55395 0.198288 0.0757015 0.0756788 0.893317
0 0.019978 0.107464 0.039956 0.0657279 0.893251
0 0.284248 0.189929 0.0720674 0.0718733 0.893099
0 0.218314 0.53757 0.0733704 0.073312 0.893076
0 0.431542 0.353538 0.0727839 0.0719361 0.89299
1 0.721215 0.404647 0.075799 0.0767076 0.892857
0 0.0240292 0.969204 0.0476848 0.0610907 0.892654
1 0.921611 0.728164 0.0784138 0.0785578 0.892579
0 0.439131 0.713692 0.0718526 0.0718231 0.892287
2 0.254263 0.196737 0.0713583 0.0707827 0.892083
0 0.0384804 0.0693219 0.0656628 0.0661173 0.891839
0 0.545575 0.181711 0.0755972 0.0752092 0.891791
1 0.942525 0.428193 0.0772709 0.0778528 0.891705
0 0.185669 0.0627644 0.067277 0.0674929 0.891658
0 0.950348 0.95762 0.0779549 0.076741 0.891227
0 0.0332667 0.418256 0.0659525 0.0683921 0.891204
1 0.371752 0.87088 0.0710089 0.0710854 0.89114
0 0.972122 0.880505 0.0557568 0.076866 0.891099
0 0.129626 0.561437 0.0706674 0.0706751 0.890981
0 0.658211 0.203557 0.0746164 0.0746955 0.890811
0 0.808382 0.0272621 0.0739658 0.0544846 0.890686
1 0.907316 0.450946 0.0781452 0.0791781 0.890644
1 0.698619 0.567126 0.0760034 0.0754915 0.890589
0 0.979453 0.893435 0.0409542 0.0761505 0.890525
0 0.669923 0.19413 0.0743532 0.0742071 0.890352
0 0.133072 0.270015 0.0706737 0.0710046 0.890239
2 0.94708 0.0698276 0.077026 0.0763181 0.88989
0 0.0900669 0.194598 0.0702441 0.0697586 0.889882
0 0.726815 0.0233716 0.0724632 0.0464469 0.889794
0 0.443622 0.305404 0.0738667 0.0741075 0.889578
0 0.39263 0.396476 0.0721861 0.0718829 0.889559
0 0.51386 0.31088 0.0737047 0.0743136 0.889547
0 0.166285 0.340782 0.070525 0.0696259 0.889353
0 0.205483 0.374805 0.0695106 0.0685982 0.88919
0 0.487813 0.147279 0.074861 0.0745638 0.88905
0 0.0225571 0.517475 0.0451143 0.0698807 0.889017
2 0.272857 0.646996 0.0717015 0.0717925 0.888816
2 0.219064 0.683735 0.0700121 0.0699873 0.88865
2 0.207656 0.670952 0.0707533 0.0709082 0.8884
0 0.25007 0.388137 0.0688118 0.069128 0.888143
1 0.851627 0.293226 0.0761419 0.0763329 0.887969
1 0.829233 0.692455 0.0760901 0.0756943 0.887929
0 0.329488 0.631369 0.0733178 0.0731243 0.887889
2 0.273253 0.139359 0.0707675 0.0705391 0.887836
0 0.322029 0.38202 0.0694756 0.0705212 0.887757
1 0.962959 0.331029 0.074081 0.0767739 0.88767
1 0.948941 0.135976 0.0774836 0.077044 0.887556
0 0.682104 0.186516 0.0746202 0.0740937 0.887522
1 0.185893 0.863277 0.0693608 0.0698912 0.887352
2 0.0385048 0.766874 0.0716719 0.0711412 0.887246
1 0.744442 0.757845 0.076095 0.0756807 0.887244
2 0.370713 0.788894 0.0715341 0.0706934 0.887155
1 0.404859 0.803902 0.0721508 0.0717502 0.887139
1 0.770459 0.643531 0.0755625 0.0752869 0.887131
2 0.193755 0.708321 0.0704618 0.0703268 0.887026
0 0.279407 0.253321 0.07063 0.0704095 0.887007
1 0.778397 0.566609 0.0757241 0.0755032 0.886831
1 0.889918 0.333463 0.077239 0.076938 0.886773
1 0.770121 0.722281 0.0760748 0.0767651 0.886579
2 0.0969984 0.274267 0.0704569 0.069509 0.886563
1 0.754337 0.356742 0.075437 0.0755233 0.886357
0 0.0721642 0.479715 0.0713211 0.0722846 0.886249
2 0.432084 0.296124 0.0738149 0.0734184 0.886218
2 0.265181 0.409672 0.0701373 0.0701313 0.88606
2 0.814769 0.14638 0.0761337 0.0766463 0.885989
1 0.216565 0.732616 0.0700201 0.0700068 0.88594
0 0.318164 0.264313 0.0717057 0.070394 0.885762
0 0.744003 0.188235 0.0752179 0.0751968 0.88574
1 0.856378 0.477554 0.0782936 0.078705 0.885628
2 0.412819 0.483586 0.0724283 0.0724453 0.885517
0 0.149478 0.612769 0.068765 0.0696568 0.885506
0 0.890195 0.0651104 0.0770479 0.0764359 0.885101
0 0.332375 0.69738 0.0707038 0.0712488 0.885034
0 0.16523 0.316163 0.0689715 0.0689534 0.884994
2 0.400849 0.325412 0.0727412 0.0725615 0.884908
2 0.0340023 0.824589 0.0680045 0.071879 0.88482
0 0.367304 0.0576224 0.071931 0.0717664 0.884555
0 0.216426 0.786819 0.0687762 0.0682896 0.884496
2 0.96229 0.234344 0.0754204 0.0776132 0.884416
0 0.258097 0.283078 0.0701283 0.0698583 0.884407
0 0.163319 0.0445566 0.0676146 0.0685839 0.884402
0 0.895604 0.955335 0.0779037 0.0775036 0.884331
0 0.609122 0.966712 0.0729171 0.0665757 0.884253
0 0.718397 0.183076 0.0749857 0.0749144 0.884235
0 0.168682 0.410794 0.0706013 0.0706257 0.884223
0 0.568729 0.632737 0.0769991 0.0762526 0.883963
0 0.655879 0.171951 0.0752682 0.0746699 0.883937
0 0.161341 0.611543 0.0702421 0.0701559 0.883863
0 0.571414 0.137935 0.074186 0.0737835 0.883848
0 0.951208 0.0250031 0.0765869 0.0495613 0.883622
1 0.885067 0.461918 0.0788017 0.0785664 0.883472
1 0.832452 0.62374 0.0759159 0.0761639 0.883412
2 0.262437 0.154423 0.0696309 0.0705334 0.883298
2 0.703298 0.930707 0.0747675 0.075144 0.882808
2 0.26164 0.175382 0.0706428 0.0709914 0.882793
2 0.246403 0.253811 0.0696599 0.0706345 0.882754
0 0.0222733 0.051195 0.0445467 0.0659642 0.882698
0 0.379639 0.41677 0.0726452 0.0717757 0.882473
2 0.810012 0.502814 0.0772835 0.0771377 0.882352
0 0.0290678 0.0231488 0.0574663 0.0461474 0.882198
0 0.461829 0.660019 0.0740623 0.0736044 0.88207
0 0.452336 0.418458 0.0723658 0.072558 0.882036
1 0.738743 0.643945 0.0759724 0.0754459 0.881711
0 0.5582 0.122782 0.0736975 0.0737265 0.881675
0 0.0300049 0.56602 0.0600097 0.0701065 0.881489
1 0.915795 0.341958 0.0761726 0.0770679 0.88143
1 0.334722 0.939903 0.0702748 0.0698456 0.881388
2 0.185191 0.685634 0.0700124 0.0701284 0.881342
0 0.0270299 0.223811 0.0539009 0.0695127 0.881326
0 0.549483 0.267739 0.075775 0.0753924 0.881299
1 0.698861 0.6485 0.0750433 0.0749989 0.881177
0 0.189388 0.238956 0.0690467 0.0690328 0.880925
1 0.778393 0.289483 0.0753835 0.0753047 0.88081
0 0.104668 0.445789 0.0733355 0.072473 0.880727
2 0.321132 0.361994 0.0706072 0.0693924 0.880698
0 0.116344 0.595171 0.070118 0.0700931 0.880629
0 0.247777 0.415785 0.0708333 0.0707438 0.880543
0 0.200979 0.357832 0.0683064 0.0698503 0.880537
0 0.153933 0.348182 0.0701227 0.0690505 0.880291
0 0.0611856 0.096049 0.065753 0.0663353 0.880279
0 0.753984 0.0275466 0.0726932 0.0550458 0.880113
0 0.050808 0.0763826 0.0656505 0.0657404 0.880099
1 0.972202 0.364487 0.0555954 0.0774034 0.87991
1 0.949828 0.35073 0.0775314 0.0772043 0.879909
2 0.445456 0.733007 0.0725677 0.0718077 0.879684
2 0.213003 0.151872 0.0685102 0.0686204 0.879604
0 0.0396428 0.149376 0.0695921 0.068175 0.879399
1 0.907516 0.484413 0.0786654 0.0791903 0.879149
0 0.170278 0.146077 0.0688177 0.0684406 0.879125
1 0.761712 0.788594 0.076003 0.0758526 0.87854
1 0.787355 0.31346 0.0755423 0.0750475 0.878403
0 0.236649 0.0321929 0.067941 0.0632787 0.878295
2 0.614357 0.154257 0.0754104 0.0749175 0.878242
2 0.877522 0.146716 0.0776688 0.0774898 0.878051
1 0.960853 0.592825 0.0777451 0.0802548 0.877974
0 0.274647 0.304478 0.0693689 0.0699714 0.877912
1 0.93899 0.62171 0.0800652 0.0792137 0.877846
1 0.966554 0.779221 0.0668926 0.0771135 0.8777
1 0.932856 0.319 0.0763542 0.0758326 0.877595
0 0.660266 0.971137 0.0741935 0.0574873 0.876992
1 0.0720138 0.872718 0.0697948 0.0695663 0.876745
2 0.352943 0.454929 0.0709379 0.0710577 0.876712
1 0.676745 0.459667 0.0767349 0.0763162 0.875952
0 0.556198 0.024936 0.0710886 0.0496136 0.875765
0 0.0182567 0.140483 0.0365133 0.0690647 0.875753
1 0.749725 0.390218 0.0772098 0.0770221 0.875748
0 0.518942 0.100388 0.0731966 0.0737617 0.875687
0 0.0999593 0.315079 0.0696049 0.0699401 0.875609
0 0.535142 0.0258643 0.0708488 0.0517286 0.87549
0 0.154087 0.416607 0.0720247 0.0718369 0.875239
0 0.0996881 0.0361615 0.0667458 0.0675799 0.875206
0 0.232119 0.412019 0.0697624 0.069786 0.875142
1 0.257284 0.808785 0.0689673 0.0682062 0.874651
0 0.628677 0.352333 0.0741325 0.0736398 0.874608
2 0.96327 0.067196 0.0729313 0.0771387 0.87454
1 0.942115 0.336148 0.0771095 0.0767919 0.874404
0 0.240288 0.0193163 0.0678141 0.0386113 0.874347
1 0.838151 0.375829 0.0772102 0.0770838 0.874236
2 0.402324 0.58222 0.0732225 0.0736595 0.874089
1 0.911494 0.107506 0.0775669 0.0770411 0.874
0 0.903515 0.0240772 0.0743673 0.0481545 0.873921
0 0.977696 0.870595 0.0446085 0.0770546 0.873332
0 0.328938 0.0214859 0.0709454 0.0427397 0.873282
0 0.48819 0.0749852 0.0705639 0.0713426 0.872932
2 0.14362 0.115181 0.0671953 0.0668543 0.872794
0 0.11257 0.56524 0.0694419 0.0701945 0.872793
1 0.828231 0.294643 0.0764137 0.0761657 0.872668
0 0.190616 0.765708 0.070332 0.0697739 0.872501
0 0.0223807 0.156074 0.0446949 0.0693114 0.872493
2 0.110132 0.792534 0.0693384 0.0689535 0.872368
1 0.368992 0.967529 0.0701865 0.0649426 0.872065
1 0.328491 0.751895 0.070399 0.0701302 0.871857
0 0.309324 0.294368 0.0700698 0.0699443 0.871806
2 0.40552 0.198514 0.0736645 0.0725858 0.871578
2 0.930721 0.829986 0.0777439 0.0772213 0.87093
0 0.882096 0.0848848 0.0767056 0.0762662 0.870501
0 0.976616 0.956535 0.0467678 0.0757156 0.870482
0 0.687623 0.200274 0.0743325 0.0749424 0.870416
0 0.075461 0.0177893 0.0649012 0.0355071 0.870392
0 0.198975 0.089179 0.068287 0.0673405 0.87032
2 0.496884 0.856211 0.0737269 0.0739761 0.869739
2 0.625655 0.32815 0.0751272 0.0747951 0.869384
0 0.428266 0.891883 0.0732846 0.0732506 0.86903
0 0.142366 0.0295777 0.0685585 0.0585582 0.869012
2 0.467012 0.0262222 0.071114 0.0521649 0.868814
2 0.671269 0.745683 0.0766191 0.0771879 0.868461
0 0.0271384 0.176388 0.0537751 0.0693793 0.868278
0 0.455262 0.171924 0.0750942 0.0741392 0.868028
1 0.877299 0.293462 0.0774939 0.0768932 0.867756
1 0.786439 0.58625 0.0758254 0.0757149 0.8677
2 0.48144 0.937888 0.0731537 0.0727669 0.867684
2 0.513827 0.541196 0.0726618 0.0724773 0.867643
0 0.040191 0.523334 0.0703654 0.069445 0.867231
0 0.884046 0.976201 0.0776684 0.0475973 0.867177
2 0.53022 0.771785 0.0750133 0.074752 0.866376
0 0.642936 0.21696 0.0750822 0.0758338 0.865951
0 0.935865 0.0252955 0.0759071 0.0503389 0.865924
2 0.332564 0.350366 0.0713903 0.0699313 0.865506
2 0.268002 0.0275581 0.0697639 0.0547052 0.865497
0 0.694002 0.962186 0.0738472 0.0717554 0.86537
1 0.13002 0.866324 0.0688294 0.0687107 0.865263
0 0.0744401 0.58518 0.0697489 0.0695055 0.865247
1 0.934251 0.490928 0.0794563 0.079621 0.865019
0 0.292487 0.319197 0.0706939 0.0708505 0.864305
0 0.376672 0.0371718 0.0704482 0.0694805 0.864032
0 0.0201364 0.321464 0.0402728 0.068146 0.863665
0 0.243237 0.648403 0.0721712 0.0714001 0.863603
1 0.917699 0.366135 0.0756384 0.0758884 0.863532
2 0.560594 0.323456 0.0746054 0.0746646 0.863226
2 0.371576 0.10206 0.0730801 0.0725804 0.863153
1 0.786458 0.536036 0.0756857 0.0757364 0.863038
0 0.296335 0.277749 0.070564 0.0706546 0.862462
2 0.35653 0.325183 0.072335 0.071558 0.862188
0 0.380122 0.403754 0.0724742 0.0723551 0.862131
0 0.173034 0.351548 0.0687754 0.0687758 0.861958
2 0.123109 0.829708 0.0697734 0.0706467 0.861752
0 0.0927435 0.571487 0.0706943 0.0700127 0.861624
0 0.583182 0.0389289 0.0720573 0.0715431 0.8615
0 0.736839 0.253455 0.0751587 0.0752626 0.861366
0 0.646034 0.43304 0.075108 0.0750148 0.861312
2 0.392966 0.743436 0.0724468 0.0720392 0.86091
0 0.0621066 0.350343 0.0688345 0.0699031 0.860892
2 0.0207025 0.780231 0.041405 0.070778 0.860789
0 0.928743 0.913365 0.0759913 0.075489 0.859924
0 0.581373 0.132233 0.0723293 0.0725761 0.85963
1 0.868414 0.315887 0.0769875 0.0766137 0.859062
1 0.830596 0.709266 0.0766556 0.0761876 0.858735
2 0.271476 0.773231 0.0688658 0.0682273 0.857326
1 0.934806 0.177979 0.0786705 0.0789029 0.85648
2 0.860472 0.249795 0.0762596 0.0773022 0.855753
2 0.704939 0.845743 0.076338 0.075919 0.855606
0 0.0168058 0.417261 0.0334323 0.070269 0.855228
0 0.960707 0.878798 0.0759647 0.0773279 0.855146
0 0.016323 0.061882 0.0326459 0.0660094 0.854857
2 0.233045 0.772253 0.0685283 0.0691301 0.854688
0 0.646926 0.953063 0.0738008 0.0738136 0.854539
0 0.758646 0.976301 0.0761148 0.047398 0.854406
1 0.315838 0.925956 0.0720694 0.0710684 0.853784
2 0.872799 0.245025 0.0776989 0.0767118 0.853322
0 0.981287 0.97273 0.0364368 0.0545393 0.852444
1 0.853603 0.589635 0.0761391 0.0757916 0.85242
0 0.0462601 0.102481 0.0664391 0.0673494 0.852183
0 0.519283 0.976411 0.0736059 0.047178 0.851959
2 0.198701 0.531014 0.0733843 0.0741903 0.851808
0 0.0408153 0.204892 0.0692712 0.0689181 0.850412
2 0.459724 0.639291 0.0730839 0.0734061 0.850014
0 0.971379 0.909416 0.0572426 0.0720669 0.849842
2 0.86511 0.732822 0.0781681 0.0775389 0.849645
2 0.503441 0.613096 0.0743026 0.0749716 0.849262
0 0.141503 0.79305 0.0706171 0.0701723 0.849168
1 0.642204 0.887632 0.0736175 0.0735363 0.848413
1 0.899462 0.31845 0.0773317 0.0761826 0.848269
2 0.649728 0.154604 0.0753717 0.0747511 0.84783
2 0.455021 0.532709 0.0737541 0.0734081 0.847747
2 0.0684216 0.215164 0.0693257 0.0685544 0.847202
2 0.81545 0.537112 0.0760338 0.0763453 0.846693
1 0.221474 0.861184 0.0692193 0.0692238 0.846364
0 0.610913 0.0997184 0.0714194 0.0723277 0.84606
2 0.388107 0.0238124 0.0697257 0.047272 0.845719
2 0.23317 0.338173 0.0693165 0.0677257 0.84489
0 0.0280166 0.190886 0.0560332 0.0674699 0.844846
0 0.146795 0.557639 0.0709193 0.0708624 0.84477
0 0.397675 0.382555 0.0714291 0.0709353 0.84402
0 0.463684 0.129998 0.0722282 0.07334 0.843885
0 0.887759 0.913712 0.0758465 0.0752247 0.843704
1 0.959807 0.436201 0.0781918 0.0791498 0.843194
0 0.522117 0.0230214 0.0704465 0.0460427 0.843162
1 0.504618 0.952979 0.073172 0.0726406 0.843042
0 0.492154 0.40224 0.0725226 0.0727474 0.842506
2 0.198814 0.632011 0.0708927 0.0716235 0.842049
2 0.0988169 0.026213 0.0664799 0.052426 0.841931
0 0.0243507 0.295283 0.0487013 0.0687404 0.841708
1 0.890121 0.296569 0.0769485 0.0770269 0.841689
0 0.215017 0.34724 0.0691154 0.0699467 0.840744
0 0.489794 0.714868 0.0742291 0.0730754 0.840724
0 0.590507 0.0272667 0.070817 0.0542458 0.840631
1 0.222808 0.823218 0.0684941 0.0681387 0.840424
0 0.0209366 0.575712 0.0418733 0.0705284 0.839913
2 0.111518 0.25747 0.0690121 0.070071 0.839322
2 0.592053 0.156005 0.0752535 0.0747998 0.839133
1 0.932489 0.461676 0.0780388 0.0790243 0.838933
1 0.78026 0.473517 0.0770452 0.0770638 0.837334
0 0.716568 0.125249 0.0745508 0.0742311 0.837249
0 0.970827 0.962276 0.058057 0.073806 0.837042
0 0.262766 0.714234 0.0700922 0.069702 0.837017
0 0.0180286 0.819095 0.0360571 0.071559 0.83611
2 0.192295 0.166206 0.0694613 0.0688547 0.835922
2 0.446669 0.947788 0.0724487 0.072229 0.835801
0 0.970134 0.827223 0.0596838 0.0768477 0.835517
0 0.0358373 0.357222 0.0686914 0.0707014 0.835188
0 0.201533 0.125231 0.0686032 0.0690858 0.834261
0 0.0198861 0.219747 0.0397723 0.0682894 0.833248
2 0.920185 0.220557 0.0776548 0.0777176 0.833208
2 0.676537 0.132086 0.0734768 0.0733711 0.833182
1 0.97336 0.765613 0.0532797 0.0779763 0.832526
0 0.184984 0.403601 0.0690601 0.0689123 0.832327
1 0.250478 0.972095 0.0710343 0.0554918 0.832293
0 0.266991 0.0200695 0.0702787 0.040139 0.832142
0 0.32554 0.41626 0.0704931 0.0709009 0.829245
0 0.702262 0.0431346 0.0716463 0.072228 0.828572
2 0.933022 0.961163 0.0774857 0.0765903 0.827463
2 0.853735 0.939548 0.0781914 0.078669 0.826808
0 0.282394 0.346363 0.0704637 0.0704085 0.826337
1 0.543795 0.457494 0.0741058 0.073981 0.826268
0 0.541877 0.0205264 0.0709301 0.0410528 0.825913
0 0.633946 0.0764092 0.0729408 0.0730028 0.825632
0 0.0174199 0.119584 0.0348399 0.066766 0.82517
1 0.497538 0.763346 0.0708954 0.0724079 0.825155
0 0.796392 0.807483 0.0752101 0.0761036 0.824503
0 0.619374 0.14199 0.0746065 0.0740438 0.822896
2 0.840911 0.792664 0.0776693 0.0775082 0.820466
0 0.146525 0.230429 0.0702018 0.0700834 0.819462
1 0.860966 0.347801 0.0773235 0.0767742 0.81945
0 0.281516 0.409161 0.071166 0.0703477 0.818824
0 0.973478 0.0813645 0.0530444 0.0734148 0.818785
0 0.563244 0.392299 0.0741545 0.0745604 0.818296
0 0.787491 0.879136 0.076337 0.0758854 0.817084
0 0.378322 0.160768 0.0728869 0.0723027 0.816964
0 0.764993 0.946767 0.076545 0.0759142 0.81691
2 0.618734 0.527583 0.0752407 0.0751997 0.816607
1 0.97826 0.391578 0.04348 0.0781278 0.81653
0 0.240117 0.400023 0.0705472 0.0697302 0.816189
1 0.39259 0.975157 0.069656 0.0496855 0.815663
0 0.418672 0.518683 0.0721157 0.0717655 0.815287
0 0.695497 0.154207 0.0737942 0.0743528 0.814762
0 0.0185234 0.800865 0.0370262 0.0700729 0.814452
2 0.203831 0.181899 0.0692562 0.0690163 0.814444
2 0.237904 0.0534538 0.0686333 0.0685585 0.814
0 0.68603 0.0186823 0.069607 0.0373645 0.812889
1 0.844085 0.41377 0.0766478 0.0769254 0.812341
0 0.777258 0.980261 0.0759958 0.0391724 0.812309
0 0.355174 0.441354 0.0703156 0.0699411 0.812288
2 0.270006 0.72304 0.0702828 0.0697639 0.81186
2 0.634646 0.980436 0.0748447 0.0391287 0.810809
0 0.411233 0.379192 0.0727802 0.0726375 0.810102
0 0.0161425 0.259871 0.0322849 0.0696872 0.809739
0 0.0186065 0.376318 0.037213 0.0702224 0.809198
2 0.354967 0.024729 0.0704098 0.0491553 0.807355
2 0.87069 0.216202 0.0789385 0.0788498 0.806837
1 0.142727 0.654154 0.0712921 0.0708469 0.805198
0 0.0216528 0.236051 0.042913 0.0697033 0.797
0 0.846842 0.957594 0.0762394 0.0773495 0.796199
2 0.68757 0.695502 0.0768129 0.0763876 0.795916
2 0.307989 0.623472 0.0736115 0.0730539 0.794699
1 0.238962 0.832668 0.0679674 0.0687899 0.794165
1 0.285683 0.934026 0.072256 0.0728378 0.793456
0 0.282914 0.514551 0.0720846 0.0709098 0.793013
1 0.763108 0.806006 0.0756316 0.0755047 0.791122
1 0.883644 0.668247 0.0767487 0.0777519 0.789611
0 0.165234 0.0330212 0.0677907 0.0646811 0.789532
2 0.798253 0.719059 0.076165 0.0759739 0.789484
0 0.506365 0.0263394 0.0691193 0.0524996 0.788266
0 0.446225 0.3552 0.0723403 0.0724884 0.787489
0 0.310153 0.977754 0.0711291 0.0444924 0.787089
1 0.145182 0.889273 0.0700209 0.0693028 0.786195
1 0.968098 0.344457 0.0638047 0.0761636 0.785196
0 0.0971862 0.242902 0.0696789 0.0698105 0.784226
2 0.64387 0.340154 0.0748013 0.074589 0.783944
1 0.825393 0.464406 0.0772984 0.0779039 0.783512
2 0.835799 0.191711 0.0782356 0.0780022 0.783237
2 0.707925 0.544731 0.0754375 0.0749081 0.782362
0 0.196027 0.0373443 0.068306 0.0678965 0.782361
0 0.268513 0.0424733 0.0701145 0.0699112 0.781895
2 0.6555 0.253995 0.0748312 0.0742561 0.780706
0 0.824862 0.0367755 0.074382 0.0721187 0.779398
1 0.977588 0.343804 0.0444847 0.0770504 0.778542
2 0.0160306 0.0926485 0.0320611 0.0659925 0.775044
0 0.360443 0.139428 0.0727151 0.0730411 0.774782
2 0.232987 0.218378 0.0691294 0.0689644 0.77408
0 0.839721 0.0238837 0.0750229 0.0477675 0.773614
2 0.539427 0.366619 0.074733 0.0736897 0.773244
0 0.169226 0.0166621 0.0682214 0.0333241 0.772705
0 0.160483 0.241472 0.0705162 0.0703301 0.772145
0 0.428672 0.186215 0.0736168 0.0730343 0.772057
2 0.53236 0.121401 0.0740803 0.0737421 0.771288
0 0.184934 0.580495 0.0721908 0.0728138 0.769891
1 0.906804 0.702148 0.077879 0.0789787 0.769286
1 0.255641 0.833105 0.0687575 0.0692772 0.768334
1 0.802465 0.818087 0.0761705 0.0764368 0.767487
1 0.0896562 0.971935 0.0705344 0.056129 0.766463
2 0.979402 0.814103 0.0411747 0.0789608 0.766156
1 0.241096 0.981025 0.0720918 0.0374847 0.765849
0 0.562372 0.337832 0.0737087 0.0741352 0.765755
2 0.738403 0.971165 0.0745169 0.0576706 0.765286
0 0.211943 0.0357888 0.0682372 0.0677743 0.764533
1 0.85703 0.442566 0.077018 0.0772885 0.763172
2 0.298216 0.587619 0.0717947 0.0717617 0.762003
1 0.973012 0.583976 0.0539759 0.0799547 0.760878
2 0.831813 0.146407 0.076951 0.0770822 0.76036
0 0.901903 0.975834 0.0781185 0.0483326 0.759914
2 0.521362 0.840034 0.0725957 0.0727158 0.759057
2 0.661055 0.130407 0.0731396 0.0734633 0.756534
0 0.977159 0.941954 0.0454422 0.0759169 0.755539
2 0.0903305 0.402289 0.0742443 0.0743833 0.755417
0 0.30316 0.313468 0.0701666 0.0693571 0.754227
2 0.0940378 0.799205 0.070809 0.0691548 0.752543
2 0.277163 0.780756 0.0687532 0.0694025 0.751339
0 0.443045 0.972738 0.072173 0.0545238 0.751122
2 0.506851 0.190144 0.0756561 0.0758255 0.750287
2 0.572195 0.761173 0.0753788 0.0755075 0.749674
0 0.0697937 0.567298 0.0707886 0.0707525 0.746531
0 0.20932 0.440458 0.0715971 0.0709652 0.742806
2 0.678017 0.9318 0.0741836 0.0747364 0.742711
0 0.205543 0.252393 0.0702576 0.0691118 0.739278
1 0.925833 0.403693 0.076915 0.0766275 0.737785
2 0.206744 0.196439 0.0697101 0.0693286 0.735735
1 0.809732 0.241351 0.0764038 0.0762492 0.734809
2 0.166394 0.218864 0.0701715 0.069812 0.733715
0 0.0958277 0.451522 0.0725605 0.0721145 0.733023
1 0.17595 0.746756 0.0695859 0.0702862 0.731466
1 0.725498 0.438883 0.0751822 0.0751746 0.730642
2 0.0217272 0.928129 0.0434545 0.0707123 0.730553
1 0.89429 0.416965 0.0769039 0.07711 0.729529
0 0.1983 0.411755 0.0698303 0.0694188 0.726715
1 0.855526 0.0487769 0.0755871 0.0756991 0.7266
1 0.857629 0.390153 0.0761898 0.0754567 0.726029
1 0.833223 0.332023 0.0760158 0.0762327 0.724663
2 0.20619 0.776542 0.0708102 0.0692177 0.724541
0 0.211284 0.331597 0.06849 0.0692728 0.723705
1 0.758657 0.0340423 0.0727106 0.0669733 0.722968
0 0.0869066 0.800525 0.0701364 0.0694485 0.722948
1 0.354325 0.953456 0.0719457 0.071405 0.722656
0 0.107332 0.827211 0.0708434 0.0701187 0.722167
0 0.421117 0.418407 0.0711624 0.0716542 0.71759
1 0.738117 0.617794 0.0746847 0.0748299 0.717177
1 0.162861 0.960872 0.0702582 0.0714264 0.714254
0 0.233177 0.219187 0.0707584 0.070448 0.713277
0 0.0149252 0.0252273 0.0295293 0.0504547 0.713194
0 0.0206946 0.360722 0.0413892 0.0660274 0.710832
0 0.0171821 0.398446 0.0343642 0.0697113 0.709689
2 0.535182 0.192465 0.0759815 0.075888 0.708702
2 0.193562 0.27477 0.0687999 0.0684033 0.705859
1 0.458829 0.565444 0.0717274 0.0725473 0.704248
1 0.974169 0.0603403 0.0516628 0.074985 0.704072
1 0.801412 0.787407 0.0761597 0.0764013 0.701566
2 0.0535406 0.981541 0.0701599 0.0363972 0.695849
1 0.979926 0.566698 0.040148 0.0796288 0.695377
2 0.386973 0.106706 0.0722804 0.0728092 0.693378
1 0.788907 0.560718 0.0772101 0.0768874 0.691344
2 0.562002 0.337715 0.0739601 0.0740287 0.688282
0 0.756439 0.0179607 0.0724283 0.0359214 0.687989
0 0.760481 0.170672 0.075809 0.0756547 0.686303
1 0.955072 0.658722 0.0790321 0.0788818 0.684769
2 0.680325 0.120813 0.0746764 0.0741812 0.682027
0 0.67292 0.982489 0.0744816 0.034964 0.680496
1 0.561043 0.980668 0.0713808 0.0386634 0.680491
0 0.651951 0.0814117 0.0726638 0.0727121 0.679414
1 0.86978 0.385348 0.0757837 0.0757163 0.673111
2 0.197674 0.578791 0.0725088 0.0724287 0.670809
0 0.215684 0.411346 0.0699686 0.0691192 0.670196
1 0.984019 0.212946 0.0319612 0.0777414 0.670128
2 0.763478 0.0969111 0.0752668 0.0750589 0.669411
2 0.85574 0.776813 0.0770035 0.0788807 0.669152
2 0.690014 0.510583 0.0771681 0.0779331 0.667511
0 0.633182 0.0579036 0.0731336 0.0716456 0.66531
1 0.774547 0.407206 0.0768549 0.0760004 0.66485
2 0.275781 0.588817 0.0721328 0.0723455 0.664784
1 0.954805 0.563411 0.0774237 0.078933 0.664199
0 0.298111 0.0215884 0.0674932 0.0425385 0.662297
0 0.587222 0.0807505 0.0719629 0.0733644 0.661719
2 0.504399 0.802297 0.0734474 0.0728899 0.654111
0 0.738052 0.224646 0.0748377 0.0753554 0.650402
1 0.981054 0.294201 0.037434 0.0770182 0.65034
1 0.452181 0.60143 0.0723439 0.0726614 0.650196
2 0.0254194 0.48896 0.0508388 0.0708174 0.641465
2 0.256533 0.305245 0.070509 0.0702419 0.635651
2 0.410993 0.301798 0.073223 0.0744791 0.634865
2 0.105308 0.161645 0.0694211 0.0690525 0.632567
1 0.493133 0.688437 0.0743672 0.0744846 0.632154
2 0.869711 0.0201099 0.0736401 0.0402199 0.631367
2 0.481504 0.52662 0.0731594 0.0723002 0.626183
2 0.667111 0.302819 0.0743219 0.0750775 0.623515
1 0.406894 0.75456 0.0716703 0.0720063 0.622578
2 0.545561 0.241666 0.0756469 0.0758121 0.621831
0 0.681713 0.229642 0.0742579 0.0748147 0.620915
2 0.979399 0.163083 0.0409668 0.0774366 0.619624
2 0.960203 0.878895 0.0747181 0.0774023 0.617416
1 0.964533 0.046177 0.0701143 0.0760666 0.61691
2 0.980172 0.0760886 0.039657 0.0775347 0.614148
1 0.922038 0.543002 0.0780621 0.0778427 0.613223
2 0.688824 0.531217 0.0753475 0.0748632 0.612788
1 0.980095 0.251065 0.0396975 0.0775421 0.609901
2 0.439879 0.58559 0.0718394 0.0716387 0.609846
2 0.975665 0.643809 0.048547 0.0786995 0.607247
0 0.203858 0.0168691 0.0680387 0.0337382 0.606664
1 0.949608 0.480755 0.0801743 0.0797719 0.606051
2 0.145123 0.72932 0.0702366 0.0698654 0.605144
1 0.961103 0.736645 0.0766705 0.0778507 0.598447
1 0.561661 0.890861 0.073383 0.0735958 0.598256
0 0.182826 0.032235 0.0650618 0.0632851 0.596843
1 0.983174 0.516075 0.033123 0.0771297 0.5953
0 0.0285326 0.364532 0.0569503 0.0699622 0.582813
1 0.894027 0.604025 0.0761631 0.0759533 0.582255
1 0.925178 0.134432 0.0773617 0.0772949 0.581213
1 0.860946 0.634053 0.0772057 0.0769339 0.579315
1 0.970086 0.316892 0.0598288 0.0769816 0.576173
0 0.30759 0.0159234 0.0709414 0.0318469 0.575397
0 0.0166215 0.96452 0.033243 0.0645187 0.572696
1 0.342445 0.983123 0.0700225 0.033753 0.572424
0 0.454905 0.328944 0.0744101 0.0739251 0.572262
2 0.593305 0.826934 0.0732111 0.0736959 0.571341
0 0.131155 0.0163976 0.0674082 0.0327952 0.568649
2 0.183491 0.0324553 0.0686379 0.0642138 0.563615
0 0.492642 0.0234968 0.070532 0.0469935 0.562992
1 0.981606 0.463928 0.0364517 0.077893 0.560757
2 0.139061 0.322139 0.070351 0.0701427 0.558072
1 0.979517 0.700373 0.0399002 0.0738392 0.555411
2 0.255736 0.695947 0.0722207 0.0718487 0.549048
0 0.526183 0.134832 0.0743492 0.0742193 0.547628
0 0.129131 0.0751056 0.0677197 0.0665145 0.546738
1 0.494973 0.530469 0.0727644 0.0732256 0.543906
0 0.493428 0.0155238 0.0686736 0.0310475 0.543594
0 0.0590541 0.170607 0.068457 0.0691405 0.54263
1 0.913883 0.744046 0.0792809 0.0784586 0.541038
2 0.416679 0.871293 0.0727216 0.0724884 0.538759
2 0.0308601 0.106385 0.0616822 0.0675342 0.538313
1 0.908628 0.78682 0.080813 0.0809854 0.53826
1 0.921308 0.168143 0.0768465 0.0765334 0.534055
1 0.312821 0.815149 0.068141 0.0690075 0.531909
0 0.0244286 0.0991591 0.0481424 0.067055 0.530004
2 0.415665 0.765948 0.0708572 0.0710663 0.52912
2 0.38878 0.134101 0.0726507 0.0732843 0.528793
2 0.495263 0.742073 0.0743332 0.0744631 0.527038
2 0.963168 0.797917 0.0729916 0.0790068 0.524125
0 0.83925 0.110131 0.0747374 0.074822 0.521876
0 0.510686 0.0626382 0.0701845 0.070162 0.519355
0 0.436116 0.444417 0.0716192 0.0728647 0.518595
0 0.0805224 0.59587 0.0708 0.0706093 0.515213
2 0.546583 0.981968 0.0737843 0.0358944 0.512142
2 0.494451 0.530239 0.0737886 0.0732159 0.509865
2 0.673284 0.679435 0.0765655 0.0763689 0.507442
2 0.611024 0.100485 0.0722702 0.0720639 0.505242
1 0.672421 0.485814 0.0764597 0.076053 0.500338
