0 0.58326 0.529565 0.0754402 0.0753292 0.937008
0 0.641387 0.5083 0.0748919 0.0747587 0.933642
2 0.563028 0.542392 0.076465 0.0761166 0.931958
0 0.837512 0.771117 0.0775699 0.0767858 0.928039
0 0.416996 0.608057 0.0755198 0.0754477 0.926431
2 0.857119 0.177301 0.0758305 0.077071 0.926425
2 0.377964 0.430766 0.0757697 0.0753933 0.926384
0 0.411674 0.65329 0.0770329 0.0766435 0.925971
0 0.450585 0.734336 0.0758175 0.0759584 0.924695
0 0.837387 0.616625 0.0780123 0.0774714 0.924553
0 0.538249 0.457543 0.0751349 0.0750685 0.923686
2 0.69507 0.805801 0.0758827 0.0759064 0.923668
0 0.105277 0.688315 0.0724636 0.0716893 0.923039
2 0.254236 0.762119 0.0737267 0.0734427 0.92271
0 0.677815 0.305425 0.0768999 0.0759842 0.922586
2 0.462644 0.510783 0.0774527 0.0773539 0.921843
0 0.0672688 0.108037 0.0727174 0.0721687 0.92184
2 0.478974 0.142272 0.0771228 0.0764879 0.92125
2 0.506179 0.882997 0.0760843 0.076836 0.920987
0 0.570592 0.458099 0.0751309 0.0750691 0.920463
0 0.528062 0.875161 0.0764008 0.0764812 0.920287
0 0.145227 0.389269 0.0727817 0.0725037 0.920253
0 0.617702 0.54294 0.0752512 0.0749832 0.919983
0 0.577359 0.442832 0.0757036 0.075724 0.919908
0 0.490791 0.909218 0.0765323 0.0762112 0.919842
1 0.150997 0.0343543 0.0739621 0.0676868 0.919203
0 0.22118 0.459218 0.0730179 0.0728596 0.918886
2 0.46759 0.256963 0.0759491 0.0751234 0.918821
2 0.857406 0.634176 0.0767693 0.0773104 0.918808
2 0.174959 0.681019 0.0730981 0.0736372 0.918412
2 0.42162 0.632394 0.0761921 0.0767118 0.918344
2 0.479199 0.261632 0.0751516 0.0750401 0.917861
0 0.206039 0.934182 0.0742736 0.074617 0.917818
2 0.790461 0.0562626 0.075727 0.0754079 0.917797
2 0.331666 0.432606 0.0738804 0.0742232 0.917489
0 0.402259 0.831357 0.0772095 0.07642 0.917319
0 0.215965 0.659658 0.074062 0.0741324 0.917134
2 0.497583 0.590226 0.0776468 0.0771974 0.917002
0 0.123334 0.82931 0.0739932 0.0738567 0.916916
0 0.395015 0.356668 0.0752589 0.0751243 0.915966
2 0.128326 0.641863 0.0731683 0.0730913 0.91593
2 0.12181 0.609703 0.0728229 0.0725891 0.915667
0 0.538452 0.625626 0.0785241 0.0780275 0.915543
0 0.0863276 0.797335 0.0728738 0.072785 0.915526
0 0.473905 0.496758 0.0757386 0.0755063 0.915451
0 0.0967844 0.900567 0.0733156 0.0725443 0.915407
2 0.425925 0.557726 0.0767751 0.0760755 0.915038
0 0.80877 0.869088 0.0773872 0.0763041 0.914759
2 0.51819 0.0447412 0.0767505 0.0764374 0.91475
2 0.83464 0.739485 0.0770379 0.0771244 0.914699
2 0.0799258 0.961938 0.0707194 0.0715338 0.914599
2 0.844613 0.59051 0.0764826 0.0769465 0.914419
2 0.614569 0.0396677 0.0745055 0.0749882 0.914338
2 0.039202 0.385085 0.0711065 0.0699917 0.914301
2 0.63119 0.564261 0.0749388 0.0748722 0.913999
2 0.370265 0.552347 0.0761622 0.0762383 0.913818
0 0.368062 0.400689 0.0749439 0.0742149 0.913726
0 0.335304 0.129667 0.0737494 0.0741733 0.913654
0 0.282256 0.372293 0.0740105 0.073007 0.913462
0 0.652966 0.552184 0.0764473 0.0764021 0.913218
0 0.330539 0.898953 0.0756079 0.0754847 0.913192
0 0.332795 0.878116 0.0760064 0.0760445 0.913076
2 0.714802 0.562196 0.0761038 0.0759874 0.913054
0 0.679181 0.617876 0.0758022 0.0754589 0.912674
0 0.357035 0.775481 0.076024 0.0756224 0.912567
2 0.877508 0.962261 0.0745422 0.073529 0.912489
0 0.0281403 0.587623 0.0560615 0.0700233 0.912444
0 0.429704 0.84333 0.076546 0.0767593 0.912418
2 0.162419 0.0479054 0.0746518 0.0747812 0.912242
0 0.358975 0.885544 0.076499 0.0767734 0.912091
0 0.319501 0.742421 0.0752002 0.0749062 0.91204
2 0.531643 0.234384 0.0758583 0.0761607 0.911997
0 0.467822 0.691389 0.0770167 0.0774781 0.91198
0 0.358469 0.94279 0.0747636 0.0753902 0.911952
2 0.494563 0.271862 0.0757648 0.0754212 0.911933
0 0.491822 0.321402 0.0762362 0.0754475 0.911892
0 0.466348 0.321969 0.0755622 0.0753761 0.911873
0 0.61668 0.355594 0.076576 0.0766445 0.911779
0 0.896933 0.552519 0.0748898 0.0745947 0.911757
2 0.595553 0.582389 0.075761 0.0759098 0.911752
0 0.107896 0.770687 0.072973 0.0725784 0.911546
0 0.484181 0.605383 0.0772424 0.0765781 0.911533
2 0.416891 0.317266 0.0742106 0.0740634 0.911423
2 0.427204 0.89597 0.0768276 0.0765884 0.911386
0 0.29337 0.324837 0.0739744 0.07299 0.911323
2 0.104255 0.673589 0.0723163 0.0715206 0.911252
0 0.245194 0.884632 0.0758634 0.0749577 0.911228
2 0.349335 0.476274 0.0753557 0.0759109 0.911189
0 0.836056 0.18463 0.0763468 0.0759193 0.911002
0 0.517416 0.825426 0.0767609 0.0781498 0.91094
2 0.371719 0.632912 0.0758186 0.0758217 0.910897
2 0.67803 0.329952 0.0764793 0.076282 0.91085
0 0.45206 0.606743 0.0766754 0.0757241 0.910724
0 0.833156 0.634181 0.0769287 0.0775642 0.910706
0 0.625612 0.59982 0.0768522 0.0763083 0.910594
0 0.158252 0.757368 0.0730805 0.072966 0.910578
2 0.39321 0.854202 0.0768301 0.0771595 0.910513
0 0.532682 0.555853 0.0762518 0.0761941 0.910504
0 0.282592 0.768483 0.0745557 0.0747215 0.910422
2 0.0567463 0.890446 0.0723321 0.0722881 0.910404
0 0.304193 0.516324 0.075363 0.0757082 0.910291
0 0.269744 0.32811 0.0736897 0.0733866 0.910245
2 0.882868 0.9367 0.075037 0.0748352 0.910102
0 0.205332 0.854509 0.074861 0.0745802 0.910023
2 0.218664 0.550093 0.0755253 0.0752631 0.909881
2 0.919742 0.706963 0.0758907 0.0757846 0.909878
2 0.67303 0.698844 0.0745029 0.0752285 0.9098
1 0.435054 0.271178 0.0747508 0.0750709 0.909636
0 0.110382 0.620562 0.0713705 0.0715151 0.909625
0 0.378791 0.342855 0.0745456 0.0745622 0.909592
2 0.778214 0.586991 0.0771277 0.077319 0.909521
0 0.351154 0.556911 0.0760006 0.0752583 0.909409
0 0.323836 0.134079 0.0742977 0.0740046 0.909361
2 0.318731 0.354103 0.0738672 0.0734682 0.909321
1 0.699527 0.69238 0.0747003 0.0742498 0.90926
2 0.548748 0.922869 0.0758022 0.0758678 0.9092
0 0.0628342 0.394173 0.0711051 0.0718121 0.909195
0 0.442809 0.855853 0.0766146 0.0760853 0.909092
2 0.244319 0.432364 0.0730765 0.0729492 0.908969
1 0.431126 0.497148 0.0764455 0.0766745 0.908895
0 0.35628 0.617791 0.0763458 0.0758167 0.908877
1 0.293646 0.260439 0.0753838 0.0746331 0.908856
2 0.704347 0.78011 0.0758564 0.0758225 0.908848
2 0.890291 0.662123 0.0773289 0.0774243 0.908757
2 0.85971 0.566756 0.0763041 0.076366 0.908725
2 0.528557 0.924329 0.0763133 0.0774284 0.908646
2 0.401627 0.760452 0.0769979 0.0767519 0.908623
2 0.633522 0.523864 0.075238 0.0754075 0.908525
0 0.753475 0.593037 0.0764956 0.075812 0.908357
0 0.34323 0.529983 0.0756338 0.0751928 0.908272
2 0.187541 0.497269 0.0746496 0.0738171 0.908269
1 0.757752 0.519204 0.0766228 0.0768757 0.908053
2 0.784731 0.118494 0.0745363 0.0750533 0.908022
0 0.344315 0.933559 0.0762177 0.0756042 0.907934
2 0.875683 0.0396413 0.0753428 0.0747113 0.907932
2 0.510612 0.860282 0.076273 0.0759624 0.907917
2 0.493397 0.229582 0.0756819 0.075333 0.907778
0 0.838799 0.571062 0.075573 0.0755529 0.907695
0 0.857447 0.068686 0.0756573 0.0760747 0.907675
2 0.704876 0.287757 0.075569 0.0753912 0.907652
2 0.33374 0.830193 0.0759869 0.0757645 0.907587
0 0.194005 0.517857 0.0754491 0.0746184 0.907586
2 0.117497 0.0642527 0.0739058 0.073032 0.90744
0 0.518591 0.501877 0.0767088 0.0761826 0.907431
0 0.505172 0.942242 0.0763774 0.0761578 0.90738
1 0.777878 0.760988 0.0769182 0.0766379 0.907325
0 0.381573 0.706283 0.0763235 0.0761494 0.907301
2 0.592857 0.916246 0.0757022 0.0756376 0.907265
2 0.303993 0.438268 0.0733658 0.0733246 0.90726
0 0.848574 0.0323656 0.0760605 0.0646736 0.907245
0 0.438933 0.807697 0.0756617 0.0758715 0.907037
0 0.535449 0.531695 0.0770241 0.0761424 0.906852
0 0.17811 0.589028 0.072806 0.0723794 0.906815
0 0.129605 0.807153 0.0735679 0.0735374 0.906778
2 0.506304 0.220423 0.0758468 0.075815 0.906625
2 0.469612 0.482138 0.0755253 0.0753929 0.906581
2 0.918039 0.547816 0.0757484 0.0758379 0.906502
2 0.630983 0.0411855 0.0747753 0.0749524 0.906492
2 0.705552 0.502023 0.0756149 0.0757437 0.906427
1 0.621109 0.50385 0.0744043 0.074715 0.906316
1 0.743066 0.51511 0.0767065 0.0769663 0.906178
0 0.817789 0.806226 0.0779089 0.0770113 0.906142
0 0.256031 0.808 0.0750828 0.0744255 0.906065
2 0.218286 0.363512 0.0732622 0.0733796 0.906058
0 0.291962 0.870689 0.0753325 0.0755661 0.905985
0 0.102509 0.724484 0.0724801 0.0726908 0.905935
2 0.255332 0.452742 0.074035 0.0730553 0.905892
0 0.581325 0.395321 0.0761768 0.0760624 0.905835
0 0.153854 0.342757 0.0719463 0.0714005 0.905808
2 0.317209 0.422654 0.0747131 0.0737946 0.905794
0 0.323351 0.370097 0.0740278 0.0735129 0.905702
0 0.268092 0.834049 0.0755102 0.0747135 0.905699
0 0.344097 0.295527 0.0739197 0.0737309 0.905629
2 0.421717 0.810599 0.0763814 0.0759913 0.905612
0 0.954649 0.701892 0.0769043 0.075845 0.90557
0 0.346849 0.625866 0.0752377 0.0750322 0.90537
0 0.341805 0.337663 0.0738709 0.0738202 0.905367
0 0.30624 0.921331 0.0752293 0.0751667 0.905322
2 0.534038 0.907243 0.0752367 0.075415 0.905211
2 0.374951 0.136914 0.072932 0.0725313 0.905208
0 0.908553 0.597894 0.0763195 0.0769894 0.905189
2 0.223865 0.748917 0.0737897 0.0734542 0.905115
2 0.497785 0.107252 0.0762575 0.0758932 0.905113
2 0.827367 0.911067 0.0758629 0.0760426 0.904934
0 0.617524 0.30896 0.0757625 0.0748953 0.904931
0 0.363072 0.442275 0.0751498 0.07477 0.904902
2 0.15442 0.965014 0.0719489 0.0690319 0.904899
2 0.648053 0.280317 0.0758698 0.0757984 0.904854
0 0.270673 0.356079 0.0745368 0.0742152 0.904841
0 0.413252 0.927052 0.0763338 0.0763803 0.904642
2 0.798183 0.6339 0.0774777 0.0773689 0.904599
2 0.630722 0.294115 0.0762839 0.0758596 0.904519
0 0.111418 0.739272 0.073301 0.0727024 0.90446
0 0.0825013 0.105016 0.0726975 0.0732086 0.904436
2 0.553646 0.690481 0.0772281 0.0774068 0.904379
2 0.0593608 0.524377 0.0700408 0.0702625 0.904374
2 0.180687 0.88907 0.0737654 0.0732685 0.904359
1 0.125343 0.359252 0.0722187 0.0719535 0.904355
1 0.512024 0.395595 0.0772835 0.0763525 0.904329
0 0.528944 0.892729 0.0755737 0.075285 0.904163
2 0.849654 0.15343 0.0761436 0.0764244 0.904106
0 0.430859 0.573562 0.0758142 0.0760525 0.904033
0 0.818947 0.829763 0.077948 0.0780359 0.903918
2 0.743458 0.340174 0.0773009 0.0779878 0.903914
2 0.231805 0.764394 0.0745876 0.0743322 0.903825
0 0.663225 0.368897 0.0767553 0.0756306 0.903794
0 0.0815955 0.860253 0.0723926 0.0727497 0.903763
2 0.626014 0.930464 0.0760986 0.0759277 0.903715
2 0.644014 0.701416 0.0746529 0.0750041 0.903623
2 0.865616 0.596539 0.0773258 0.0766112 0.90332
2 0.417614 0.371147 0.0759128 0.0762163 0.903213
2 0.161518 0.591508 0.0731757 0.0735077 0.903008
0 0.223234 0.805043 0.0744668 0.0743359 0.902921
1 0.297905 0.586618 0.0756603 0.075181 0.902879
2 0.722421 0.160111 0.0748596 0.074981 0.902863
0 0.305907 0.382706 0.0739952 0.0742499 0.902799
2 0.183389 0.38725 0.0731847 0.0724182 0.902733
1 0.258967 0.669981 0.0747551 0.0745623 0.902714
0 0.118287 0.385498 0.0721824 0.0714577 0.902583
2 0.169988 0.630217 0.0723181 0.0730921 0.90255
2 0.2086 0.399105 0.0729908 0.0729754 0.902543
2 0.174637 0.96684 0.072875 0.0663202 0.902511
2 0.246977 0.443452 0.072736 0.0731827 0.902418
2 0.296197 0.410863 0.0735393 0.0725336 0.902413
0 0.54211 0.718301 0.077494 0.0772063 0.902378
2 0.660653 0.0454424 0.0752105 0.0752921 0.902214
2 0.49618 0.43881 0.0752289 0.0750084 0.902139
2 0.291548 0.425704 0.0736907 0.0737141 0.901961
2 0.961932 0.589011 0.0728905 0.0742836 0.901878
0 0.65169 0.400647 0.0760098 0.0768896 0.901875
2 0.606231 0.392024 0.0756907 0.0760423 0.901856
2 0.894321 0.580142 0.0757406 0.0752688 0.901848
0 0.559931 0.60226 0.0773943 0.0770687 0.901792
0 0.695924 0.342641 0.0774874 0.0767603 0.901692
0 0.127708 0.738356 0.074127 0.0742976 0.90165
2 0.666349 0.46337 0.0761152 0.0769465 0.901625
2 0.614912 0.0547418 0.0756384 0.0752369 0.90155
0 0.431718 0.36359 0.0753899 0.076566 0.901504
2 0.631386 0.422325 0.0753355 0.0753141 0.901469
1 0.821935 0.283119 0.0764233 0.0761948 0.901154
2 0.600201 0.0444465 0.0747951 0.0746344 0.901115
2 0.498763 0.0381462 0.0771538 0.0749867 0.901061
1 0.451731 0.193582 0.0752523 0.0752224 0.900999
2 0.789834 0.318818 0.0773634 0.0767563 0.90096
2 0.0720445 0.524119 0.0706448 0.0703987 0.900805
2 0.0592831 0.832339 0.0726771 0.0731266 0.90079
2 0.579142 0.517456 0.0752943 0.0758533 0.900671
2 0.933415 0.914385 0.0759516 0.0760109 0.900478
2 0.557691 0.488655 0.0751949 0.0754511 0.900441
2 0.157571 0.0691579 0.0743012 0.0741107 0.900132
0 0.453176 0.924821 0.0771606 0.0770874 0.90013
2 0.96583 0.766534 0.068008 0.0753026 0.900094
2 0.740023 0.642408 0.0761972 0.0759119 0.900049
0 0.576523 0.629495 0.0766991 0.0761138 0.899969
0 0.675025 0.592561 0.0750875 0.0752086 0.899553
2 0.612262 0.328139 0.0747619 0.0751534 0.899382
2 0.399919 0.805933 0.0766698 0.0763733 0.899374
0 0.124785 0.946865 0.0713773 0.0719166 0.899365
2 0.0661487 0.0873324 0.0724777 0.0717334 0.899154
0 0.0675681 0.80307 0.0737845 0.0735123 0.899152
0 0.236938 0.305527 0.0731545 0.0738518 0.899108
1 0.652683 0.741239 0.0752035 0.0749767 0.899102
2 0.758641 0.664069 0.0765542 0.0763776 0.899068
2 0.931162 0.503862 0.0752676 0.0747254 0.899045
2 0.829461 0.955874 0.0762299 0.0756147 0.899017
2 0.718826 0.355643 0.0771904 0.0772482 0.899009
2 0.201546 0.7429 0.0734802 0.0741716 0.899005
0 0.507704 0.901262 0.0762233 0.0768471 0.898982
0 0.596185 0.614461 0.0757913 0.0752489 0.898976
2 0.5952 0.513102 0.0753032 0.0755979 0.898971
0 0.0422598 0.611509 0.0725105 0.0713337 0.898797
2 0.324634 0.665316 0.076296 0.0757275 0.898738
1 0.735176 0.856269 0.07705 0.0765846 0.89873
0 0.569404 0.328768 0.0752583 0.075537 0.898719
0 0.66163 0.540925 0.0751239 0.0751174 0.898667
0 0.351245 0.805875 0.0761752 0.0758152 0.898544
0 0.140226 0.703156 0.0729946 0.072895 0.898417
0 0.217825 0.389791 0.0736671 0.0726532 0.898122
0 0.497437 0.491336 0.0762503 0.0755939 0.89801
2 0.581484 0.939446 0.0754727 0.0755592 0.897944
2 0.525571 0.214303 0.0763267 0.0765939 0.897892
2 0.800337 0.0699172 0.0769901 0.0755557 0.897781
2 0.130694 0.666991 0.0730528 0.0729496 0.897651
1 0.247676 0.0846063 0.0757764 0.0759823 0.897637
0 0.603786 0.963517 0.0769772 0.0729294 0.897599
1 0.773381 0.17014 0.0763788 0.0758052 0.897588
2 0.62532 0.694181 0.0763498 0.0758022 0.897572
2 0.893616 0.056853 0.0760937 0.0758666 0.89755
2 0.685814 0.176514 0.0748405 0.0746184 0.897511
1 0.742836 0.553228 0.0770156 0.0770399 0.897455
0 0.474575 0.668856 0.0788174 0.07728 0.897321
0 0.367223 0.586437 0.0753687 0.0758936 0.897193
0 0.361293 0.280702 0.0736732 0.0746346 0.897169
2 0.738093 0.303056 0.0775154 0.0774949 0.897054
0 0.488979 0.539671 0.0755477 0.0752522 0.896988
0 0.114615 0.803537 0.072372 0.0727203 0.896984
2 0.390625 0.131183 0.0737319 0.074108 0.896928
2 0.632596 0.68647 0.074641 0.074411 0.896852
0 0.328663 0.77071 0.0751214 0.0754335 0.896619
0 0.310434 0.775943 0.0753919 0.0758576 0.896431
0 0.398861 0.285351 0.0737797 0.073625 0.896381
2 0.382171 0.797767 0.0761977 0.0756333 0.89637
1 0.768611 0.141988 0.0757096 0.0757125 0.896358
0 0.114751 0.235813 0.0748935 0.0751523 0.896352
2 0.655662 0.503267 0.0749573 0.0749291 0.896111
2 0.147107 0.111819 0.0743029 0.0745253 0.896096
1 0.455791 0.439524 0.0750734 0.074411 0.896047
0 0.0740895 0.672084 0.0712091 0.0711744 0.895925
2 0.0466076 0.0880483 0.0728472 0.0722441 0.895888
2 0.536558 0.851888 0.0778286 0.0783024 0.895811
1 0.285481 0.550226 0.0754442 0.0755783 0.89577
1 0.111418 0.370331 0.0717364 0.071736 0.895633
2 0.851467 0.366824 0.0765272 0.0761882 0.895465
1 0.589812 0.672809 0.0768751 0.0769047 0.895463
2 0.500895 0.449846 0.0753468 0.0749474 0.895451
2 0.784576 0.570949 0.077993 0.0776165 0.895442
0 0.459414 0.672465 0.0778021 0.077199 0.895429
0 0.563297 0.563375 0.0761839 0.0765818 0.895242
0 0.0474277 0.718224 0.070456 0.0712582 0.895146
2 0.557899 0.124191 0.0770397 0.0769564 0.89495
0 0.645833 0.458691 0.0758137 0.0756052 0.894876
0 0.281652 0.910041 0.0754005 0.075701 0.894809
0 0.673204 0.511821 0.0749441 0.0746752 0.894717
1 0.584308 0.842665 0.0765369 0.0763819 0.894635
0 0.0742686 0.685705 0.0721405 0.0719393 0.89463
1 0.798802 0.51939 0.077001 0.0762684 0.894342
2 0.567478 0.412447 0.0751232 0.0752633 0.89432
0 0.141298 0.928576 0.0738597 0.0737347 0.89431
2 0.0449747 0.890978 0.0704908 0.0691418 0.89415
2 0.0839626 0.397375 0.0714421 0.0718018 0.89409
2 0.0694344 0.641595 0.0722548 0.0720762 0.894027
0 0.188516 0.785801 0.0741295 0.0736377 0.894026
2 0.415405 0.669959 0.0765001 0.0757662 0.893935
2 0.182557 0.872564 0.074709 0.0744747 0.893865
0 0.461875 0.351057 0.0770035 0.0760622 0.893838
1 0.115091 0.337789 0.0725661 0.0719867 0.893583
1 0.329613 0.16276 0.075656 0.0756114 0.893481
2 0.119221 0.852586 0.0737293 0.0741232 0.893455
2 0.929755 0.330955 0.0749661 0.0745734 0.89345
0 0.832695 0.0336318 0.0752417 0.0672636 0.89337
2 0.0546144 0.485715 0.0700921 0.0699827 0.893363
0 0.123281 0.779965 0.0741134 0.0733241 0.893282
0 0.130261 0.789055 0.0735214 0.0731343 0.893243
0 0.622492 0.409453 0.0754616 0.0751696 0.893166
2 0.657378 0.479421 0.0757263 0.0753201 0.893106
0 0.925239 0.591068 0.0780294 0.0764973 0.892992
2 0.551432 0.227479 0.0753655 0.0758139 0.892684
0 0.0678167 0.936619 0.0724581 0.0710304 0.892522
0 0.201529 0.823629 0.0743434 0.0739299 0.892466
2 0.0778159 0.474916 0.0704748 0.0700703 0.892444
1 0.259408 0.0624556 0.0754472 0.0757141 0.892433
2 0.896681 0.568187 0.0761549 0.0754801 0.892363
2 0.43727 0.967238 0.0764633 0.0655237 0.89225
2 0.279065 0.705107 0.0740293 0.0738329 0.892035
1 0.301744 0.179263 0.0754734 0.0754792 0.891959
2 0.934697 0.34578 0.0751635 0.0750903 0.891929
2 0.961998 0.0747075 0.0712418 0.0733427 0.891907
0 0.23063 0.396901 0.072977 0.073065 0.891853
0 0.865436 0.781435 0.0760708 0.0767528 0.891529
1 0.623855 0.725075 0.0764482 0.0766094 0.891477
1 0.408295 0.190734 0.0753695 0.0754851 0.891371
2 0.841078 0.269944 0.0754936 0.0760594 0.891337
1 0.789498 0.153518 0.0763668 0.0758658 0.891297
2 0.097828 0.0375108 0.0738503 0.0737977 0.89113
2 0.628138 0.343466 0.0774155 0.0767317 0.891017
1 0.207187 0.255005 0.0742915 0.074619 0.890904
2 0.329753 0.274427 0.0742077 0.072868 0.890898
0 0.210477 0.972534 0.0747833 0.0549316 0.890787
2 0.267166 0.968059 0.0734323 0.0638824 0.890725
2 0.970014 0.58269 0.059972 0.0755406 0.890662
2 0.705054 0.149106 0.0753397 0.076172 0.890638
2 0.890032 0.306223 0.0753918 0.0755599 0.890246
1 0.746891 0.185043 0.0764778 0.0761057 0.890175
2 0.858887 0.657034 0.0773422 0.0769421 0.890028
2 0.755444 0.028494 0.0744401 0.0567433 0.890024
0 0.387786 0.769104 0.0770655 0.0765917 0.889864
1 0.412033 0.516855 0.0757477 0.0755024 0.889799
2 0.505049 0.520617 0.0761412 0.0762348 0.88975
1 0.688616 0.854606 0.0772987 0.0768238 0.889718
2 0.772701 0.260411 0.0751015 0.0752707 0.88964
0 0.56485 0.656173 0.0755634 0.0758797 0.889533
2 0.453886 0.878354 0.0767111 0.0772003 0.889425
2 0.683982 0.278345 0.0764803 0.0762382 0.889286
1 0.375458 0.0953542 0.0750585 0.0747838 0.889274
0 0.42955 0.338944 0.0755231 0.0760232 0.889164
2 0.646633 0.356799 0.0762639 0.076315 0.889064
2 0.243123 0.782892 0.0746672 0.0750765 0.888958
1 0.191873 0.0944714 0.0751087 0.0748316 0.888946
2 0.180364 0.916689 0.0746763 0.0745354 0.888877
2 0.687796 0.77358 0.0757182 0.0760355 0.888818
2 0.829893 0.790526 0.0772184 0.0767312 0.888534
1 0.530516 0.184849 0.0771197 0.0772059 0.888334
2 0.895673 0.696029 0.0768044 0.0760472 0.88825
2 0.768887 0.920467 0.0770855 0.0768698 0.888138
1 0.056651 0.365215 0.0712793 0.0713206 0.88812
2 0.678321 0.790059 0.0761904 0.0757194 0.888027
2 0.440619 0.913201 0.0781884 0.0775463 0.887993
2 0.636441 0.546153 0.0756428 0.0753376 0.887748
2 0.551246 0.941511 0.074786 0.0744099 0.887723
2 0.649303 0.0575266 0.0748537 0.0749662 0.88753
0 0.516549 0.434004 0.0758625 0.0746376 0.887528
2 0.035538 0.488412 0.0682926 0.0690747 0.88736
1 0.0770316 0.311322 0.0746458 0.0746999 0.887314
0 0.557987 0.573574 0.076338 0.0764372 0.887272
2 0.69288 0.546676 0.0751463 0.0746224 0.887105
2 0.802102 0.127187 0.0748505 0.0751044 0.887056
2 0.552508 0.891187 0.0758087 0.0759922 0.88701
0 0.0188371 0.63241 0.0376742 0.0727873 0.886942
2 0.253368 0.421127 0.0724792 0.0722443 0.88685
0 0.569283 0.372625 0.0761562 0.0763085 0.886428
2 0.487367 0.775608 0.077145 0.0775335 0.886419
2 0.66406 0.495324 0.0750399 0.0747724 0.88638
2 0.112487 0.0392644 0.073023 0.0729771 0.88635
0 0.0279172 0.129266 0.0557977 0.072617 0.88614
2 0.120211 0.411269 0.0719596 0.0720007 0.886015
0 0.0223802 0.381591 0.0447605 0.0726876 0.885887
0 0.41652 0.585624 0.0757714 0.0759943 0.885654
2 0.357935 0.338149 0.0731205 0.0726162 0.885643
1 0.580287 0.280018 0.0759092 0.0755505 0.885551
2 0.295331 0.365555 0.0733772 0.0733399 0.885463
2 0.616333 0.428938 0.0757772 0.0750946 0.885377
0 0.240124 0.801646 0.0737945 0.0747024 0.885327
2 0.0265983 0.717934 0.0531966 0.0680336 0.885247
2 0.89534 0.132979 0.0756395 0.0756606 0.885167
1 0.819871 0.44649 0.0773935 0.0778299 0.884542
1 0.657476 0.854451 0.0761097 0.0766193 0.88453
2 0.727837 0.258409 0.0775833 0.0769425 0.884419
1 0.629869 0.637192 0.0745253 0.0743675 0.884052
0 0.0749714 0.123849 0.0729962 0.0729025 0.884037
2 0.881325 0.0591188 0.0753479 0.0755129 0.883926
2 0.511327 0.026385 0.0736472 0.0524874 0.883379
0 0.04188 0.942439 0.0716023 0.070742 0.883335
1 0.38545 0.0745765 0.0750009 0.075109 0.883264
1 0.232359 0.962963 0.0757003 0.072797 0.883252
2 0.19217 0.908908 0.0755218 0.0752066 0.883014
2 0.0684487 0.0432307 0.073846 0.0734434 0.882958
1 0.141271 0.634901 0.0726696 0.0730884 0.882786
2 0.0641704 0.866635 0.0718117 0.0715473 0.882666
1 0.687691 0.126894 0.0753931 0.0760022 0.882633
2 0.556047 0.400954 0.0756933 0.0760388 0.882505
2 0.267784 0.949397 0.0760626 0.0773533 0.882463
2 0.888342 0.91655 0.0778292 0.0768297 0.882379
0 0.507233 0.839251 0.0765699 0.0770016 0.882084
2 0.857492 0.747034 0.0759926 0.076043 0.882004
0 0.92512 0.63953 0.0778667 0.0771448 0.88187
1 0.10671 0.278035 0.073572 0.073451 0.881682
2 0.229503 0.338841 0.0737785 0.0730261 0.881664
2 0.278078 0.454677 0.0727567 0.07239 0.881554
0 0.900685 0.0276095 0.0750275 0.055219 0.881539
2 0.667822 0.0361382 0.0740364 0.0717372 0.881382
1 0.0506197 0.214762 0.0728295 0.0726281 0.880898
1 0.426869 0.193056 0.07536 0.0761599 0.880267
2 0.553386 0.506736 0.0752683 0.0753227 0.880162
2 0.890077 0.677126 0.0771027 0.0766045 0.880126
1 0.653701 0.715121 0.0749022 0.0746471 0.879915
2 0.890579 0.884537 0.0777794 0.0775902 0.879778
1 0.497473 0.180232 0.0770731 0.0769447 0.879465
2 0.2054 0.0463118 0.0747846 0.0743216 0.878998
2 0.693366 0.531223 0.0759897 0.0752377 0.878778
1 0.0873147 0.557742 0.0713875 0.0723889 0.878739
1 0.961954 0.131785 0.0733742 0.0748706 0.878531
0 0.803624 0.913747 0.0766453 0.076511 0.878507
2 0.601953 0.485046 0.0751894 0.0751182 0.878492
1 0.40403 0.0638824 0.0762926 0.0767504 0.878425
1 0.752161 0.840484 0.0765465 0.0769773 0.878305
0 0.651306 0.577212 0.076307 0.0753954 0.878194
0 0.666815 0.947235 0.0749683 0.074415 0.877991
2 0.412237 0.33714 0.0750818 0.075701 0.877906
2 0.738068 0.0617353 0.0758249 0.0759017 0.877632
1 0.89381 0.526694 0.0763083 0.076123 0.877542
2 0.352595 0.149353 0.0742527 0.0740093 0.87741
1 0.260153 0.173513 0.0761108 0.0761223 0.877315
2 0.727696 0.0712778 0.0752929 0.0750542 0.876885
2 0.474008 0.870188 0.0765358 0.0767021 0.876882
0 0.222782 0.606202 0.0750552 0.0749308 0.876747
1 0.924183 0.256917 0.0755421 0.0750001 0.87673
0 0.8358 0.868282 0.0767477 0.0759209 0.876508
2 0.632617 0.262747 0.0757372 0.0761615 0.876479
0 0.231745 0.731573 0.073969 0.0738329 0.876459
1 0.759317 0.706049 0.0771357 0.0766999 0.876388
1 0.381575 0.0349682 0.0757607 0.0697378 0.876162
2 0.70235 0.388756 0.0778386 0.0783794 0.876124
0 0.0690045 0.725415 0.0724093 0.0709109 0.875906
2 0.0951093 0.922936 0.0728191 0.0713589 0.875889
0 0.487826 0.669747 0.0784025 0.0775925 0.875783
1 0.286631 0.0389013 0.0746671 0.0750179 0.875746
2 0.0234652 0.499732 0.0469305 0.069241 0.875663
0 0.822974 0.845966 0.0757814 0.0757252 0.875276
1 0.965903 0.821251 0.0681932 0.0756392 0.875203
2 0.712623 0.0561982 0.0764374 0.0751758 0.875045
1 0.707288 0.648932 0.0755169 0.0743738 0.874707
1 0.80029 0.845418 0.0771122 0.0769005 0.874695
0 0.672894 0.29203 0.0765932 0.0766363 0.874426
1 0.964911 0.233554 0.0701789 0.0752727 0.874383
0 0.289722 0.515463 0.0736399 0.0729306 0.874366
1 0.107591 0.258667 0.073519 0.0737186 0.874232
2 0.770962 0.241394 0.0751936 0.0750221 0.874174
2 0.252739 0.906662 0.0765782 0.0759193 0.873975
1 0.924917 0.0869778 0.0754545 0.0751976 0.873812
1 0.39606 0.495708 0.0759237 0.0765192 0.873796
2 0.806338 0.0290212 0.0753365 0.057796 0.873769
2 0.126668 0.309266 0.0730912 0.0727936 0.873564
1 0.273083 0.0521653 0.0743941 0.0748514 0.873522
0 0.305807 0.897979 0.075423 0.074712 0.873496
2 0.330031 0.849426 0.0758669 0.0764071 0.873489
2 0.496528 0.255418 0.0755037 0.0751836 0.873431
0 0.554757 0.665954 0.0764779 0.0762616 0.873335
1 0.492131 0.858388 0.0759411 0.0763477 0.873235
2 0.711452 0.548537 0.0761513 0.0768991 0.873035
1 0.596527 0.756107 0.0770536 0.0773429 0.872653
1 0.0520257 0.196561 0.0732064 0.0732465 0.872514
1 0.968291 0.209761 0.0633183 0.0754084 0.871897
2 0.0856069 0.078002 0.0725709 0.0728012 0.871488
2 0.890561 0.355275 0.0744919 0.074283 0.870998
0 0.31254 0.974974 0.0748365 0.0498301 0.870728
2 0.326017 0.441099 0.0743171 0.0750147 0.8705
2 0.395282 0.304248 0.0741152 0.0742137 0.870258
0 0.712189 0.314978 0.0776399 0.0776319 0.870072
2 0.651838 0.488919 0.0743496 0.0741951 0.870002
1 0.948386 0.111872 0.0738558 0.0737271 0.869976
0 0.56224 0.966666 0.0758953 0.0666684 0.86978
2 0.455643 0.144703 0.0752199 0.0754996 0.869593
2 0.494916 0.0226229 0.0737726 0.0452459 0.869462
2 0.0275241 0.681418 0.0542272 0.0716352 0.868797
2 0.653701 0.0345578 0.0742537 0.068817 0.868433
1 0.970984 0.0487196 0.0572239 0.0734371 0.868154
0 0.853603 0.095748 0.0758682 0.0756145 0.868132
0 0.121709 0.760324 0.072701 0.0724737 0.867367
2 0.83017 0.218224 0.076005 0.0763213 0.867266
1 0.683398 0.197256 0.0759127 0.0748987 0.866933
2 0.561751 0.248385 0.0768615 0.0768789 0.866529
2 0.732173 0.0367916 0.0753704 0.0720968 0.866434
2 0.52691 0.940536 0.0750792 0.0745018 0.866316
2 0.14691 0.434583 0.0723312 0.0719284 0.866134
1 0.973456 0.975572 0.0530878 0.0486855 0.865846
2 0.558441 0.873121 0.0758484 0.075523 0.865738
1 0.195508 0.197677 0.0757735 0.0753428 0.865552
1 0.274505 0.184835 0.0758395 0.0757821 0.865314
2 0.811274 0.537402 0.0754097 0.0751389 0.865144
2 0.886092 0.59415 0.0752083 0.0750566 0.865139
1 0.388843 0.173873 0.0754994 0.0748271 0.864579
0 0.976729 0.610417 0.0465412 0.0758806 0.864285
2 0.0264581 0.235423 0.0527914 0.0734535 0.863911
1 0.933571 0.962716 0.0728748 0.0720192 0.863131
2 0.536398 0.793431 0.0775709 0.0771409 0.862971
0 0.0603562 0.848373 0.0722869 0.0725601 0.862825
0 0.467584 0.976113 0.0761733 0.0477744 0.862646
1 0.271056 0.472125 0.0731836 0.0729343 0.862517
1 0.872539 0.405247 0.0753666 0.0752043 0.862181
0 0.481416 0.693927 0.0774677 0.077791 0.86177
2 0.0435308 0.733657 0.0724006 0.0707291 0.861704
2 0.83083 0.889643 0.0770279 0.0768661 0.861588
2 0.745578 0.0216196 0.0742823 0.0432392 0.861555
2 0.220009 0.780695 0.0747627 0.0746262 0.861548
0 0.517167 0.9745 0.0762424 0.050999 0.861271
2 0.259759 0.442737 0.0723117 0.0721438 0.861156
2 0.540172 0.645506 0.0773556 0.0766205 0.861068
2 0.718848 0.278163 0.0768997 0.0771284 0.860958
1 0.862319 0.441714 0.0764618 0.0765666 0.860955
2 0.769395 0.862528 0.076211 0.0771889 0.860864
2 0.220107 0.870829 0.075117 0.075316 0.860831
2 0.25215 0.521584 0.0742673 0.0735567 0.860693
1 0.750021 0.205383 0.0753206 0.0749065 0.860546
2 0.902976 0.865971 0.0782843 0.0778431 0.860471
2 0.974985 0.907583 0.0499552 0.0747786 0.860209
1 0.396042 0.966445 0.0757645 0.0670828 0.860146
1 0.219825 0.267779 0.0738396 0.0734808 0.860013
2 0.9615 0.934714 0.071566 0.0733946 0.859938
2 0.379627 0.976011 0.0752254 0.0479324 0.859492
2 0.954497 0.43923 0.0729376 0.0732441 0.859253
2 0.372873 0.304708 0.0740401 0.0739287 0.858634
2 0.64295 0.678182 0.0752162 0.0750006 0.85776
2 0.71015 0.798539 0.075338 0.0760529 0.857378
1 0.886501 0.397116 0.0745041 0.0737899 0.857225
2 0.12315 0.977599 0.0722057 0.0448016 0.856943
1 0.743193 0.802977 0.0760513 0.0761803 0.856804
2 0.191276 0.978072 0.0739308 0.0438553 0.85674
2 0.0430584 0.281464 0.0750047 0.0743668 0.856139
2 0.0732692 0.504974 0.0706133 0.0716855 0.856091
2 0.672783 0.104036 0.0748642 0.074975 0.855725
0 0.900639 0.936769 0.0773182 0.0772339 0.855632
2 0.917668 0.837381 0.0756908 0.0754225 0.855257
1 0.296903 0.280561 0.0741003 0.074188 0.854911
2 0.754517 0.266028 0.0771885 0.0775793 0.8548
2 0.102054 0.978074 0.0700499 0.0438528 0.854793
2 0.693506 0.407722 0.0766157 0.0766401 0.8547
0 0.577128 0.551303 0.0768831 0.0767454 0.854015
2 0.144631 0.278159 0.0735102 0.0730794 0.853333
2 0.842432 0.253456 0.0757965 0.0762497 0.853234
2 0.244347 0.972603 0.0755191 0.0547932 0.853176
0 0.643194 0.408453 0.0758086 0.0755988 0.852552
2 0.205466 0.474573 0.0748521 0.0737976 0.852479
2 0.146601 0.0227278 0.0741918 0.0453725 0.852446
2 0.923657 0.352001 0.0754345 0.0751433 0.85124
0 0.137977 0.86148 0.0727782 0.0723362 0.851233
1 0.747939 0.13539 0.07603 0.0760789 0.850568
2 0.860105 0.0845719 0.0757948 0.0761467 0.850307
2 0.972754 0.0736613 0.0544912 0.0710453 0.849822
2 0.0256267 0.706324 0.0508557 0.0710571 0.849404
2 0.0875722 0.519193 0.0705827 0.0715538 0.849123
2 0.0287905 0.0613011 0.0575809 0.070858 0.848848
2 0.524177 0.856835 0.0772614 0.0767826 0.848521
2 0.325969 0.929502 0.0754536 0.0752874 0.848486
2 0.605085 0.941685 0.0756756 0.0752632 0.848144
0 0.472692 0.346723 0.0748604 0.0757742 0.84731
2 0.0669239 0.660156 0.072213 0.0709034 0.847194
1 0.854142 0.456633 0.0763071 0.0764392 0.846921
2 0.576892 0.158987 0.0764431 0.0759245 0.846874
2 0.77048 0.36268 0.0772543 0.0778463 0.846701
2 0.289938 0.146298 0.07527 0.075557 0.846331
2 0.20419 0.683646 0.0732226 0.0733374 0.846258
1 0.775801 0.780153 0.0771552 0.0762392 0.845368
2 0.119867 0.593048 0.0721667 0.072332 0.844806
1 0.846017 0.418731 0.0765097 0.0765091 0.844467
0 0.116332 0.697541 0.0716108 0.0717611 0.844199
2 0.187808 0.371485 0.0724195 0.0729032 0.843033
0 0.614319 0.553556 0.0752085 0.0748726 0.842743
2 0.180542 0.30164 0.0726966 0.0727691 0.842621
2 0.0519309 0.4968 0.0701696 0.0711306 0.842188
2 0.811032 0.134076 0.0754131 0.0751612 0.840782
2 0.964904 0.341709 0.0701926 0.0736977 0.840588
2 0.32641 0.305548 0.073011 0.0735651 0.840343
2 0.719331 0.977992 0.0760522 0.0440164 0.840208
2 0.46323 0.8372 0.0765555 0.0763586 0.840028
2 0.936845 0.703373 0.0758945 0.0756428 0.838715
2 0.656838 0.105368 0.0748456 0.0747762 0.838344
0 0.871948 0.759169 0.0761082 0.0763309 0.838257
0 0.958445 0.626801 0.0740475 0.0744029 0.838153
2 0.437636 0.146499 0.0750405 0.0753988 0.837779
2 0.791872 0.77193 0.0775329 0.0776175 0.83714
2 0.675762 0.977274 0.0770962 0.0454519 0.837105
2 0.291667 0.971962 0.0752224 0.0560123 0.837036
2 0.891986 0.605531 0.0761677 0.0757158 0.83699
1 0.972775 0.129536 0.0544494 0.071679 0.83644
0 0.0425556 0.668269 0.0703824 0.0692189 0.836422
2 0.0297452 0.346491 0.0594903 0.071076 0.835902
2 0.406936 0.405641 0.0750194 0.0745975 0.835635
2 0.180169 0.468484 0.0733955 0.0739136 0.835315
2 0.655478 0.97508 0.0769133 0.0497829 0.834228
2 0.829048 0.0567105 0.0753672 0.0745377 0.833597
2 0.762566 0.852273 0.0772366 0.0770014 0.833086
2 0.200253 0.285366 0.0732497 0.0734596 0.832665
2 0.433575 0.870209 0.0749231 0.0748867 0.832384
2 0.458095 0.584309 0.0756885 0.0757182 0.830914
2 0.295514 0.785545 0.0745298 0.0747532 0.830083
0 0.0748184 0.705489 0.0717231 0.0711823 0.829857
2 0.345816 0.309861 0.0740152 0.0735388 0.829427
1 0.657885 0.161229 0.0741649 0.0750296 0.829239
0 0.139389 0.971774 0.0719827 0.0564516 0.828875
1 0.584073 0.267443 0.0764498 0.0762619 0.828728
2 0.10152 0.482272 0.071863 0.0726054 0.828506
1 0.761504 0.751344 0.0751278 0.0758989 0.827584
0 0.866525 0.0283766 0.0745178 0.0567531 0.826809
2 0.168082 0.0221432 0.0752594 0.0442588 0.826806
0 0.474808 0.564948 0.0768781 0.076919 0.826739
1 0.0255719 0.0796683 0.0511439 0.0711176 0.825958
2 0.0222777 0.655546 0.0445554 0.0729835 0.825776
1 0.776707 0.971412 0.0743402 0.0571754 0.825359
1 0.581585 0.294569 0.0749287 0.0754989 0.825079
2 0.48384 0.953778 0.0761902 0.0768808 0.824528
2 0.521472 0.455703 0.0750358 0.0752285 0.824021
1 0.0252545 0.754719 0.050509 0.0717434 0.823731
2 0.26333 0.933001 0.0770336 0.0756489 0.823549
0 0.871072 0.915641 0.077767 0.0770958 0.823521
2 0.765244 0.0360071 0.0754134 0.0704454 0.823212
2 0.97442 0.545861 0.0507647 0.0752977 0.822748
2 0.342642 0.271467 0.0744193 0.0737481 0.822737
2 0.86377 0.897062 0.0774366 0.0777401 0.822427
2 0.578895 0.957627 0.0763572 0.0755913 0.821636
2 0.817914 0.244951 0.0757 0.0752118 0.821629
2 0.372601 0.859515 0.0779179 0.0775967 0.821182
1 0.479921 0.398429 0.0765491 0.0758276 0.821064
2 0.572108 0.572259 0.0763886 0.0755081 0.820159
2 0.572344 0.222331 0.0754454 0.0751379 0.819859
2 0.762404 0.905135 0.0775679 0.0773228 0.819341
0 0.579116 0.354746 0.0752694 0.0754921 0.818169
2 0.623749 0.0478523 0.074165 0.0749222 0.817516
2 0.910328 0.512155 0.0743599 0.0744328 0.816419
2 0.210056 0.792985 0.0740414 0.075218 0.815089
2 0.018848 0.508709 0.0376961 0.0694619 0.814488
1 0.935329 0.314988 0.0735306 0.0733894 0.813637
1 0.356816 0.182748 0.0750015 0.0749903 0.813455
2 0.710049 0.18933 0.0756521 0.0763486 0.813442
1 0.428574 0.446832 0.07452 0.073889 0.81304
2 0.50772 0.714128 0.0773878 0.0782021 0.812749
0 0.444545 0.0212615 0.0756928 0.042523 0.81192
2 0.117603 0.717086 0.0740351 0.0736397 0.811579
2 0.977143 0.924006 0.0456245 0.0743137 0.811462
1 0.100691 0.158066 0.0745906 0.074057 0.810694
1 0.616275 0.853574 0.0759804 0.0769884 0.810571
2 0.91882 0.782309 0.076922 0.0765049 0.809827
1 0.3274 0.0688484 0.074893 0.0744302 0.807512
1 0.601101 0.85631 0.0765463 0.0759628 0.806647
2 0.859333 0.306888 0.0768251 0.0759686 0.806317
2 0.474656 0.746988 0.0774303 0.0778609 0.806278
2 0.0340864 0.176142 0.0681729 0.0738788 0.802986
2 0.0524898 0.509612 0.0694676 0.0695287 0.801544
2 0.165928 0.0998746 0.0736394 0.0734953 0.801529
2 0.351341 0.0444327 0.0743316 0.0742343 0.800858
1 0.915892 0.971635 0.0730145 0.0565636 0.80032
2 0.350442 0.360598 0.074733 0.0744965 0.799278
2 0.410228 0.774602 0.0768879 0.0767176 0.798693
2 0.950007 0.477012 0.0734911 0.0734451 0.798191
2 0.23434 0.669897 0.0741303 0.0749447 0.798191
0 0.563952 0.636078 0.0760414 0.0754565 0.797607
0 0.477902 0.794323 0.0767605 0.076301 0.79733
1 0.480215 0.19443 0.0759869 0.0754335 0.797158
2 0.715582 0.231294 0.07658 0.076096 0.79627
1 0.25098 0.202155 0.075079 0.0753714 0.795052
2 0.567368 0.793932 0.078339 0.0774857 0.794473
0 0.161496 0.82808 0.0730497 0.0736862 0.794313
0 0.516402 0.140595 0.0771986 0.0770543 0.794059
2 0.910697 0.343083 0.0746422 0.0748539 0.793673
1 0.848222 0.483961 0.075359 0.0752691 0.793553
2 0.981858 0.731484 0.0358992 0.075054 0.793111
0 0.744809 0.944489 0.0768324 0.0765339 0.792292
2 0.866287 0.272789 0.0758822 0.0754926 0.7918
0 0.351197 0.272372 0.0729962 0.0731228 0.791604
2 0.563093 0.978289 0.0750856 0.0434213 0.791544
2 0.38367 0.29363 0.0738253 0.0743247 0.790435
1 0.078563 0.171312 0.0734042 0.0730157 0.789585
2 0.614075 0.972657 0.0751719 0.0546864 0.789219
2 0.0180841 0.365034 0.0361683 0.0691235 0.787831
2 0.773682 0.930115 0.0778169 0.0755594 0.787699
2 0.951491 0.978194 0.0721062 0.0436112 0.787306
2 0.236278 0.213669 0.0724785 0.0723481 0.78692
1 0.5393 0.417806 0.0756023 0.0752316 0.786401
2 0.872456 0.727537 0.0766491 0.0767961 0.786292
2 0.201797 0.765616 0.0735726 0.0730423 0.784563
2 0.520317 0.332658 0.075185 0.0750797 0.779603
2 0.811159 0.550587 0.0769957 0.0764454 0.77799
1 0.135264 0.403353 0.0717182 0.0723807 0.775281
2 0.668771 0.127731 0.0748571 0.0754573 0.774704
2 0.0280897 0.109245 0.0561351 0.0723821 0.772782
2 0.788428 0.878695 0.0765544 0.0761616 0.771913
1 0.379235 0.215841 0.0742593 0.0755903 0.770025
0 0.529465 0.444357 0.074304 0.0742257 0.769456
1 0.332452 0.0449926 0.0722186 0.0727114 0.768046
2 0.159382 0.788973 0.0738285 0.0741049 0.766412
2 0.858918 0.0383699 0.0766384 0.0734869 0.766335
2 0.97641 0.719102 0.0471792 0.0743309 0.765217
2 0.779579 0.847725 0.0764641 0.0761133 0.764898
2 0.529296 0.0333559 0.0750057 0.0662151 0.764407
1 0.976737 0.215959 0.0465269 0.074694 0.764274
2 0.850076 0.919674 0.075334 0.0755234 0.764094
2 0.963141 0.360541 0.0707958 0.0739079 0.763269
1 0.67122 0.747397 0.0750659 0.0745808 0.763057
1 0.30436 0.470999 0.0742678 0.0737667 0.761463
2 0.0305718 0.437338 0.060849 0.0684362 0.761444
2 0.363255 0.349519 0.0755248 0.0745523 0.759953
1 0.971744 0.381794 0.0563126 0.0746815 0.755775
0 0.813902 0.379956 0.0772064 0.0765422 0.755294
0 0.290832 0.915494 0.0741487 0.0741045 0.754678
2 0.0173194 0.593666 0.0346389 0.0702912 0.754134
2 0.0435551 0.633316 0.0719551 0.0713707 0.753481
1 0.463373 0.236177 0.075955 0.0757571 0.7525
0 0.330684 0.698928 0.0750985 0.0747613 0.752231
2 0.105773 0.591101 0.0699958 0.0704343 0.75214
1 0.420695 0.241506 0.0732466 0.0745707 0.75109
2 0.367945 0.379431 0.0752855 0.0748443 0.749129
2 0.821513 0.845727 0.0769106 0.0768494 0.748306
2 0.500798 0.969879 0.0762456 0.0602427 0.746914
2 0.22682 0.93475 0.0747452 0.0751472 0.745825
2 0.485363 0.252284 0.0747707 0.0746783 0.74035
2 0.934284 0.367507 0.0739111 0.0737816 0.738107
2 0.360375 0.753971 0.0757494 0.0761982 0.737762
0 0.477092 0.887643 0.0769416 0.0769802 0.737414
1 0.417454 0.0387948 0.0742645 0.0736052 0.735871
2 0.409464 0.56637 0.076266 0.076029 0.735762
2 0.78294 0.0322317 0.0756114 0.0644635 0.735626
0 0.459426 0.658787 0.0767418 0.0772506 0.735165
0 0.8002 0.218635 0.0764126 0.076362 0.734075
2 0.504753 0.765002 0.0770582 0.0770151 0.734006
2 0.982222 0.772497 0.0355556 0.0754973 0.733588
2 0.457836 0.296061 0.0755723 0.0752831 0.733087
2 0.0178271 0.0478948 0.0356541 0.0718959 0.732097
1 0.976017 0.424692 0.0479662 0.0739265 0.728196
1 0.266734 0.0264451 0.0746642 0.0524563 0.728157
2 0.300168 0.296094 0.0734108 0.0733471 0.727551
2 0.623114 0.981002 0.075449 0.0379964 0.726347
2 0.583969 0.427938 0.0765842 0.0764115 0.726245
1 0.155972 0.523907 0.0740666 0.073958 0.72394
1 0.806526 0.302488 0.076144 0.0774321 0.723883
1 0.429096 0.412066 0.0746136 0.0733451 0.723515
0 0.378915 0.826219 0.0763284 0.0776158 0.722495
2 0.44782 0.624351 0.0772737 0.077172 0.722441
2 0.160482 0.360477 0.0721115 0.0717127 0.721313
2 0.970612 0.525701 0.0587763 0.0714113 0.720548
2 0.204767 0.876905 0.0755755 0.074678 0.719104
2 0.935235 0.0304373 0.0754948 0.0605168 0.718042
2 0.123795 0.928698 0.0727412 0.0728374 0.717384
2 0.302316 0.819973 0.0755969 0.0754478 0.716433
1 0.980488 0.0556842 0.039023 0.0753035 0.716306
1 0.266652 0.719156 0.0737084 0.0733944 0.712132
1 0.325772 0.0922849 0.0740929 0.0747579 0.71209
0 0.430176 0.978814 0.0757421 0.0423723 0.707925
0 0.0256972 0.327228 0.0509218 0.0747774 0.707664
2 0.335174 0.734687 0.0755494 0.0755788 0.706324
2 0.544544 0.292638 0.0749943 0.0752237 0.705545
2 0.7689 0.598596 0.0763512 0.0763823 0.704665
2 0.289056 0.716042 0.0746759 0.0744451 0.703295
2 0.0502961 0.0337442 0.0719993 0.0670893 0.702913
2 0.453576 0.558319 0.0757698 0.0750017 0.702695
2 0.403599 0.981355 0.0737795 0.0372896 0.700346
2 0.846062 0.76006 0.0760439 0.0769595 0.699858
2 0.712364 0.629148 0.0741541 0.075403 0.699684
1 0.913266 0.979867 0.0730494 0.0402658 0.699673
2 0.829698 0.0843757 0.075396 0.0747949 0.699552
2 0.98198 0.757578 0.0360392 0.0752205 0.698036
2 0.605923 0.454879 0.075462 0.0749599 0.696709
1 0.974848 0.489366 0.0503046 0.0745625 0.696624
0 0.46897 0.962456 0.0765104 0.0749519 0.695756
0 0.533395 0.484844 0.0746803 0.0751893 0.694991
0 0.940768 0.58942 0.0758732 0.0763987 0.694613
2 0.321594 0.949335 0.0756356 0.0756535 0.694583
1 0.0147668 0.914109 0.029439 0.0671276 0.692806
0 0.492651 0.622088 0.0767737 0.0770544 0.688544
2 0.56162 0.422234 0.0747996 0.0749694 0.688338
0 0.465844 0.646129 0.0772941 0.0765913 0.688175
1 0.912761 0.11363 0.0744545 0.0745745 0.686439
2 0.425994 0.0234827 0.0765554 0.0469654 0.686074
1 0.279733 0.158472 0.0753566 0.0750564 0.685584
2 0.9089 0.845082 0.0774128 0.0772888 0.683127
2 0.0200844 0.6058 0.0401688 0.0705307 0.679851
0 0.27378 0.796868 0.07478 0.0749749 0.677469
0 0.50959 0.479205 0.0760542 0.0760706 0.677201
2 0.700358 0.467274 0.0764511 0.0759789 0.676839
2 0.179325 0.415651 0.0723693 0.0719963 0.676835
1 0.258469 0.243264 0.0746663 0.074706 0.676177
1 0.524237 0.299767 0.0754581 0.076168 0.674246
2 0.64795 0.457095 0.0752182 0.0747248 0.671749
2 0.15379 0.381646 0.0723476 0.0724981 0.671323
2 0.79205 0.296243 0.0757288 0.076281 0.668229
2 0.594328 0.0638158 0.0750841 0.0765407 0.666225
1 0.651639 0.12709 0.0749046 0.0750863 0.660073
2 0.969551 0.710736 0.0608982 0.0716687 0.659512
1 0.0287242 0.293982 0.0574484 0.0707741 0.657852
2 0.508639 0.781236 0.0771585 0.0760849 0.657561
2 0.0277588 0.0382005 0.0555176 0.0692353 0.657449
2 0.100859 0.0193556 0.0730775 0.0387113 0.655861
2 0.448462 0.766029 0.076309 0.0763025 0.655699
2 0.059209 0.901127 0.0719069 0.0717079 0.651667
2 0.0597841 0.0753143 0.0704254 0.0719503 0.649564
0 0.389483 0.274771 0.073172 0.0735731 0.649447
2 0.0557927 0.732327 0.0706599 0.0708611 0.64905
2 0.548718 0.907165 0.0766468 0.0755535 0.648899
2 0.364228 0.84496 0.0769716 0.0766573 0.648384
2 0.83146 0.311957 0.0757351 0.0763414 0.647721
0 0.886052 0.750232 0.0760052 0.0760956 0.646958
0 0.263418 0.852882 0.0743283 0.0741226 0.646638
1 0.456715 0.223926 0.0758148 0.0758436 0.646604
1 0.0662765 0.553402 0.070908 0.0706059 0.646309
2 0.646464 0.808915 0.0753376 0.076263 0.64572
2 0.171566 0.815822 0.0733716 0.0731693 0.643263
1 0.223135 0.227489 0.0737631 0.0742576 0.643122
0 0.226502 0.844996 0.0746142 0.073563 0.64307
2 0.0725895 0.0192063 0.0727011 0.0384127 0.640921
1 0.557875 0.292734 0.0755969 0.0754769 0.640723
1 0.905171 0.241805 0.0740744 0.0737648 0.640697
2 0.753768 0.638076 0.0768448 0.0768889 0.63947
2 0.360545 0.954259 0.0743069 0.0746342 0.639047
2 0.601976 0.793742 0.0760695 0.0757833 0.637954
0 0.295352 0.786025 0.0757383 0.0754292 0.63726
2 0.728443 0.837228 0.0754218 0.0747492 0.636595
2 0.0166401 0.0228477 0.0332802 0.0443863 0.635954
2 0.621147 0.388997 0.0783529 0.0761706 0.633674
2 0.775257 0.39015 0.0774256 0.0781012 0.633616
0 0.114081 0.962725 0.0708235 0.0702927 0.633301
1 0.927972 0.118587 0.074419 0.0743554 0.63191
2 0.573839 0.0721236 0.0748204 0.0764617 0.631866
2 0.778322 0.300949 0.0755911 0.0756776 0.631066
1 0.24396 0.265321 0.0741581 0.0737816 0.630372
2 0.112878 0.404891 0.0715288 0.0726025 0.629727
2 0.690836 0.29861 0.0764593 0.076592 0.62961
1 0.930979 0.233492 0.073996 0.0742452 0.628399
2 0.127772 0.275085 0.074104 0.0737932 0.628324
2 0.488106 0.485391 0.0760366 0.0763123 0.627535
2 0.636778 0.977225 0.0755148 0.0452766 0.626315
2 0.470304 0.963214 0.0744317 0.0731062 0.620702
1 0.767571 0.840441 0.0758231 0.0757858 0.620375
2 0.366929 0.152101 0.0747323 0.0742979 0.617347
1 0.0165192 0.86238 0.0330385 0.0719936 0.616272
1 0.30769 0.0197219 0.0739782 0.0394054 0.616073
2 0.963741 0.981497 0.0676506 0.0358692 0.614287
1 0.0176654 0.405608 0.0353309 0.0730016 0.614218
1 0.0186921 0.773383 0.0373841 0.0719536 0.611982
2 0.508798 0.0161581 0.073296 0.0323162 0.609718
2 0.96597 0.850241 0.0680603 0.0752644 0.605432
2 0.889726 0.830069 0.0762241 0.0760028 0.603571
2 0.335889 0.965791 0.0731384 0.0682243 0.602067
1 0.178516 0.432118 0.0723018 0.0727654 0.598735
0 0.2877 0.307191 0.0731553 0.0736878 0.598507
1 0.656134 0.910824 0.0764828 0.0762096 0.598295
1 0.530285 0.0757057 0.0776028 0.0777838 0.596917
2 0.969979 0.724013 0.0600415 0.0740458 0.596385
1 0.393511 0.11932 0.0741731 0.0741314 0.592068
1 0.980648 0.977535 0.0375729 0.0442148 0.591786
0 0.489576 0.895355 0.076129 0.0765358 0.590671
0 0.4069 0.692902 0.0758916 0.076451 0.590603
1 0.649177 0.7633 0.0742575 0.0756624 0.589646
2 0.0166635 0.0994911 0.033327 0.0707315 0.589566
2 0.711456 0.968759 0.0767023 0.0613579 0.589378
2 0.0743802 0.840751 0.0729053 0.0737032 0.589149
2 0.925541 0.932712 0.0741495 0.0742718 0.588766
2 0.622803 0.0854958 0.0755539 0.075381 0.585818
2 0.729337 0.594342 0.07509 0.0749579 0.582048
2 0.0340739 0.542288 0.0658509 0.0673084 0.581048
1 0.853994 0.701592 0.0769972 0.0761333 0.579785
2 0.774791 0.901376 0.0774405 0.0777029 0.579068
2 0.956976 0.905807 0.0752771 0.0750523 0.578313
1 0.981129 0.959946 0.0377417 0.0705395 0.578305
2 0.0262884 0.170986 0.0525769 0.0740459 0.578227
1 0.919813 0.398751 0.0743107 0.0746919 0.576894
1 0.300066 0.0631915 0.0741205 0.0741259 0.576477
1 0.952583 0.802394 0.0740486 0.0748932 0.57635
1 0.559235 0.19905 0.0757273 0.0762192 0.575974
0 0.302008 0.75075 0.0740379 0.0746344 0.573786
1 0.945719 0.0176101 0.073745 0.0352202 0.573252
2 0.585302 0.0396999 0.0726292 0.0719882 0.573171
2 0.431954 0.639941 0.0763773 0.0777039 0.566146
1 0.978708 0.183503 0.0424007 0.0741716 0.562928
1 0.190694 0.218449 0.0748775 0.0738398 0.562682
1 0.950319 0.151995 0.0731384 0.0735333 0.561872
1 0.019284 0.416184 0.038568 0.0721681 0.561698
0 0.275824 0.75227 0.0736526 0.074159 0.560229
0 0.160817 0.640907 0.0730185 0.073266 0.557471
2 0.799639 0.216922 0.0766865 0.0759001 0.556905
1 0.982889 0.160953 0.0342226 0.0738042 0.556221
2 0.931663 0.815584 0.0749969 0.0749496 0.553584
0 0.245781 0.841096 0.0736661 0.0738102 0.552736
1 0.938571 0.970981 0.0734993 0.0576517 0.55245
1 0.817888 0.48322 0.0763418 0.0775725 0.551618
0 0.463898 0.0218665 0.0759472 0.043733 0.548435
1 0.23533 0.200977 0.0749377 0.0750178 0.544334
2 0.174724 0.106535 0.0734287 0.0731902 0.544152
2 0.948356 0.0425793 0.0737528 0.0738388 0.544012
2 0.509092 0.47916 0.0760737 0.0754512 0.542599
1 0.783672 0.0318978 0.0749867 0.0636226 0.541647
2 0.573578 0.885579 0.0741488 0.0746603 0.539407
1 0.971158 0.0262824 0.0573559 0.0525648 0.539396
2 0.160744 0.642109 0.0719836 0.0717289 0.531237
0 0.484476 0.93467 0.0749744 0.0753593 0.530943
1 0.447053 0.248781 0.0760839 0.0762314 0.52908
0 0.0729454 0.841924 0.0724609 0.07313 0.52456
0 0.526944 0.348148 0.0750715 0.0753909 0.523366
2 0.545313 0.447029 0.0752222 0.0750984 0.523232
1 0.126959 0.275046 0.0736871 0.0740102 0.522993
1 0.885254 0.486526 0.0757214 0.0756671 0.522794
0 0.157978 0.915855 0.0727938 0.073851 0.522044
1 0.0204751 0.79442 0.0408467 0.072809 0.52177
2 0.194714 0.147831 0.0737545 0.0735355 0.520424
2 0.574714 0.0462569 0.0750571 0.0749426 0.520025
1 0.397659 0.241612 0.0745239 0.0747969 0.516168
0 0.849912 0.917605 0.0767181 0.0761435 0.515966
2 0.786202 0.685644 0.0763905 0.0766942 0.513138
1 0.607795 0.641365 0.0754679 0.0750231 0.510394
2 0.0215009 0.356906 0.0428021 0.0701879 0.505931
2 0.0597765 0.962319 0.0708363 0.0700073 0.505357
1 0.910215 0.41777 0.073807 0.0744576 0.50468
2 0.188963 0.125749 0.0737892 0.0740164 0.50342
1 0.0826703 0.366258 0.0748077 0.0738258 0.502908
