0 0.362944 0.367262 0.0813288 0.0796019 0.938784
0 0.117823 0.517861 0.0765621 0.0769222 0.928825
0 0.253239 0.256739 0.0781133 0.0777844 0.92862
2 0.104956 0.691429 0.0773389 0.0772708 0.928332
0 0.345191 0.579675 0.0785367 0.0786715 0.928129
2 0.640838 0.0657971 0.0780206 0.0776535 0.927405
0 0.383511 0.293789 0.0795595 0.0791182 0.926778
0 0.214415 0.663211 0.0782162 0.0785671 0.926187
2 0.251333 0.429116 0.0786174 0.0780542 0.925866
0 0.340409 0.676162 0.0774033 0.077828 0.925793
0 0.677933 0.52088 0.0783238 0.0778911 0.925398
0 0.939971 0.305503 0.0778978 0.0774647 0.925194
0 0.195619 0.670691 0.0775303 0.0768513 0.924221
0 0.787475 0.0872547 0.0790598 0.0788571 0.924133
2 0.231591 0.430045 0.0777591 0.0785942 0.923478
0 0.338825 0.887778 0.0776387 0.0771008 0.922724
2 0.400022 0.246537 0.0801455 0.0791496 0.922503
0 0.932715 0.168745 0.0784527 0.0782075 0.921318
0 0.330224 0.760588 0.0768812 0.0773071 0.921236
0 0.423388 0.952644 0.0787323 0.0784424 0.920946
0 0.774256 0.758041 0.077437 0.0778868 0.920943
0 0.814619 0.067999 0.078968 0.0782121 0.920505
2 0.507011 0.698632 0.0780283 0.0784023 0.920226
0 0.890677 0.276435 0.0773937 0.0776622 0.920153
0 0.255489 0.686261 0.0764327 0.0773044 0.920114
0 0.525487 0.709774 0.0776295 0.0776482 0.919758
0 0.0877841 0.600766 0.078679 0.0779271 0.919726
0 0.78391 0.103603 0.0783132 0.0785016 0.919209
0 0.232404 0.448104 0.076762 0.077611 0.919158
0 0.939145 0.179338 0.0783577 0.0774041 0.919031
2 0.243775 0.915273 0.0757648 0.0765446 0.9182
0 0.197644 0.639072 0.0782189 0.0783249 0.917891
0 0.708252 0.635505 0.0778767 0.0781515 0.917867
0 0.0902436 0.879783 0.0766352 0.0760576 0.917828
2 0.30407 0.296763 0.0791604 0.0791901 0.917114
0 0.567901 0.360611 0.078418 0.0793436 0.917044
0 0.917393 0.0552137 0.0778103 0.0775596 0.916821
2 0.378795 0.313227 0.0793966 0.0807158 0.916807
0 0.367061 0.124229 0.0783136 0.0789252 0.916801
0 0.102918 0.48746 0.0769558 0.077512 0.916793
0 0.319664 0.362105 0.0793603 0.0805061 0.916314
2 0.900625 0.451736 0.0782804 0.0789614 0.916311
2 0.144903 0.188432 0.0804892 0.0817235 0.916264
0 0.237078 0.686663 0.0780039 0.0777232 0.916025
2 0.135145 0.613428 0.0764545 0.0764967 0.915989
0 0.368511 0.191595 0.0790468 0.0793193 0.915928
0 0.186013 0.224292 0.0795465 0.0798834 0.915917
2 0.721692 0.620421 0.0778229 0.0778765 0.915917
0 0.110931 0.772183 0.0776333 0.0770644 0.91583
0 0.792586 0.912045 0.0775978 0.0784428 0.915753
0 0.627047 0.309786 0.0792011 0.0783563 0.915564
2 0.372536 0.335182 0.0788948 0.0790336 0.915408
2 0.953003 0.544001 0.0796143 0.0784912 0.915197
0 0.174403 0.709771 0.0779957 0.0765462 0.915151
2 0.896335 0.816349 0.0803226 0.0800741 0.914977
0 0.0495851 0.849276 0.0769327 0.076487 0.914841
2 0.428412 0.918177 0.0767342 0.0769062 0.914804
0 0.592742 0.166611 0.077815 0.0779442 0.914771
0 0.855049 0.619098 0.0785086 0.0785614 0.914769
2 0.862694 0.770063 0.0796438 0.0780361 0.914727
0 0.94493 0.424849 0.0783358 0.0791056 0.914637
0 0.0931996 0.625544 0.0783248 0.0784256 0.914458
2 0.354712 0.315943 0.0797242 0.0800666 0.91439
2 0.883545 0.435118 0.0758089 0.0766192 0.914298
2 0.831725 0.842727 0.0793648 0.0791042 0.914228
0 0.607348 0.401577 0.0782617 0.0790874 0.914123
2 0.418747 0.933156 0.0773463 0.0773331 0.91394
2 0.589447 0.0460449 0.0794418 0.0782828 0.913927
0 0.309364 0.557838 0.0782318 0.0782249 0.913893
0 0.230883 0.821286 0.0766933 0.077016 0.913878
0 0.913365 0.267396 0.0784542 0.0774138 0.913819
0 0.850233 0.156178 0.0782475 0.0769086 0.913793
0 0.807817 0.058082 0.0774857 0.0782212 0.913755
2 0.922497 0.593521 0.0782324 0.0779369 0.91373
2 0.346091 0.564282 0.0785943 0.0797218 0.913701
0 0.883039 0.943526 0.0797193 0.0787514 0.913637
1 0.426281 0.336954 0.0800532 0.0805474 0.913606
2 0.335205 0.396269 0.0805484 0.0800965 0.913582
0 0.574951 0.537562 0.080353 0.080368 0.913556
2 0.949326 0.520828 0.0801254 0.0788095 0.913533
1 0.409093 0.317819 0.0797249 0.0791868 0.913443
0 0.0441422 0.594626 0.0769725 0.0767557 0.913434
2 0.324229 0.611998 0.0797553 0.078879 0.913336
2 0.0863608 0.722108 0.0771071 0.0763412 0.913316
2 0.874995 0.573352 0.0783478 0.0783277 0.913165
2 0.830876 0.590219 0.0776707 0.0782989 0.913069
0 0.907311 0.174451 0.0774994 0.0782373 0.913062
0 0.281125 0.058294 0.0786953 0.078528 0.91305
1 0.117096 0.658812 0.076947 0.0771165 0.912859
0 0.201259 0.860941 0.0756511 0.0757 0.91284
0 0.558368 0.73096 0.077388 0.0769354 0.912808
2 0.323753 0.947964 0.0764431 0.0768509 0.91269
0 0.781857 0.433273 0.0783347 0.0782015 0.912634
2 0.677226 0.770054 0.0776819 0.076998 0.912594
2 0.613312 0.234133 0.0783236 0.0776175 0.912262
0 0.292147 0.742588 0.0766695 0.0764622 0.912226
0 0.923407 0.892308 0.0795177 0.0788086 0.912219
2 0.68588 0.551787 0.0783956 0.0789366 0.912201
0 0.898084 0.120652 0.0786732 0.0771176 0.91219
0 0.155925 0.150941 0.079455 0.08012 0.912128
0 0.0945732 0.267749 0.0775326 0.0776112 0.912035
0 0.336821 0.778475 0.0778148 0.077146 0.911901
0 0.0319689 0.857979 0.0639377 0.0758738 0.911702
2 0.899301 0.614114 0.0794113 0.0791313 0.911632
0 0.155625 0.621303 0.0765914 0.0770756 0.911591
2 0.763024 0.277277 0.0787778 0.0781447 0.911536
0 0.393696 0.903168 0.0767245 0.076648 0.911526
0 0.356236 0.837159 0.0763692 0.0772898 0.911475
1 0.513216 0.299726 0.0795689 0.0794981 0.911431
0 0.0349996 0.433975 0.0699992 0.0775017 0.911414
0 0.106863 0.80906 0.07653 0.076457 0.911395
2 0.587108 0.521319 0.0803564 0.0799166 0.911263
0 0.572931 0.78131 0.0768513 0.0765213 0.911168
0 0.365864 0.810093 0.0774507 0.077356 0.911071
2 0.34918 0.802606 0.0773895 0.0774731 0.910929
0 0.859188 0.145115 0.0778389 0.0775064 0.910744
2 0.784171 0.928685 0.0772453 0.0767942 0.910562
0 0.362032 0.768965 0.0774679 0.0770075 0.910447
2 0.846448 0.667772 0.0794561 0.0794662 0.91034
0 0.850049 0.0602003 0.0783035 0.0777332 0.910133
0 0.718559 0.458234 0.0778243 0.0773899 0.910104
1 0.375461 0.583724 0.0793378 0.0788269 0.910063
0 0.305626 0.925782 0.0765079 0.0768417 0.909847
0 0.175927 0.792114 0.0784207 0.0776854 0.909464
2 0.563104 0.556467 0.0798327 0.0782875 0.909427
2 0.350462 0.744165 0.0773894 0.076759 0.909422
2 0.900224 0.471585 0.0776203 0.0769545 0.909418
0 0.591107 0.328785 0.0784788 0.0783954 0.909416
0 0.258389 0.478662 0.0780284 0.0781433 0.909249
0 0.280087 0.714591 0.0768833 0.0765501 0.909245
0 0.611584 0.288164 0.0790339 0.0790367 0.909201
0 0.240988 0.718955 0.0765262 0.0768255 0.909085
0 0.915656 0.0336898 0.0779903 0.0673796 0.909021
0 0.655504 0.385925 0.077919 0.0797091 0.909017
0 0.296984 0.71978 0.0779449 0.0772317 0.908754
0 0.19867 0.61125 0.0789667 0.0789071 0.908605
2 0.665871 0.0605363 0.0780842 0.0778097 0.908595
0 0.783804 0.604887 0.0778971 0.0773562 0.908585
2 0.746698 0.926518 0.0771719 0.0776592 0.908481
2 0.708198 0.0954636 0.0771042 0.076748 0.90842
2 0.762913 0.261968 0.0788887 0.0784246 0.908373
0 0.11425 0.732101 0.0772339 0.0764224 0.908238
0 0.22127 0.769332 0.0773381 0.0766626 0.908196
0 0.775634 0.735498 0.0790083 0.0790694 0.90818
1 0.580525 0.801226 0.0774867 0.0774838 0.908163
2 0.361007 0.0924984 0.0766647 0.0767599 0.90815
2 0.358009 0.735215 0.0762857 0.0764955 0.908071
1 0.0696654 0.458056 0.0787238 0.0785977 0.908001
2 0.0944764 0.574631 0.0774256 0.078104 0.907949
0 0.568506 0.296888 0.0776268 0.0781042 0.907877
0 0.968707 0.382555 0.062586 0.0781753 0.907832
0 0.324339 0.851218 0.0772521 0.0774155 0.90781
0 0.693389 0.563775 0.0777195 0.0784151 0.907781
2 0.745794 0.102711 0.0777359 0.0779721 0.907718
0 0.751577 0.693089 0.0796249 0.0780386 0.907699
1 0.456505 0.838214 0.0772074 0.0792419 0.907583
2 0.135293 0.780661 0.0762597 0.0769064 0.907559
0 0.0320524 0.487575 0.0640467 0.07875 0.907528
0 0.892849 0.103727 0.0771078 0.0772324 0.907328
1 0.202469 0.536686 0.0774178 0.0772984 0.907321
0 0.267902 0.706996 0.0772053 0.0767263 0.907291
2 0.807973 0.959893 0.0755794 0.076862 0.907276
2 0.0328603 0.667547 0.0657206 0.0738474 0.907137
1 0.322492 0.246333 0.0796781 0.078755 0.90707
2 0.284659 0.538036 0.077668 0.0786373 0.907033
0 0.228285 0.594107 0.0775516 0.0774168 0.906928
2 0.614014 0.0517756 0.078816 0.0789583 0.906864
0 0.949838 0.0361234 0.0781837 0.071833 0.906748
2 0.187398 0.138658 0.080612 0.0805422 0.906623
2 0.903957 0.29959 0.0788383 0.078514 0.906585
2 0.624934 0.24885 0.0792622 0.0788251 0.906584
0 0.152121 0.746218 0.0781543 0.0780754 0.906557
0 0.231002 0.745053 0.0771054 0.0765776 0.906473
0 0.0689498 0.551846 0.0774377 0.0775856 0.906437
0 0.68461 0.590291 0.0789457 0.0793683 0.906218
2 0.42349 0.154921 0.0801006 0.0799481 0.906141
1 0.268375 0.240405 0.0787867 0.0794065 0.905994
2 0.9369 0.259301 0.0786758 0.0781858 0.905993
0 0.278525 0.780815 0.077295 0.0759575 0.905939
0 0.32031 0.344518 0.0793059 0.0783725 0.905887
2 0.350652 0.717708 0.0778672 0.0767677 0.905873
1 0.743195 0.875278 0.0778144 0.0785225 0.90571
1 0.725014 0.967087 0.0741756 0.0658161 0.905628
2 0.032669 0.607594 0.065338 0.0764946 0.905587
2 0.59861 0.123292 0.0786634 0.0776516 0.905568
0 0.737558 0.0833186 0.0791052 0.0775086 0.905496
2 0.710282 0.331116 0.0789954 0.0780974 0.905481
2 0.034743 0.885246 0.069475 0.0727097 0.905455
2 0.786618 0.475403 0.0785375 0.0783511 0.905408
2 0.822904 0.695202 0.080183 0.0787287 0.905353
0 0.587317 0.342129 0.0793478 0.077668 0.90531
0 0.637794 0.542156 0.0776869 0.0775545 0.905219
1 0.139101 0.645939 0.0781855 0.077187 0.905203
2 0.935595 0.33113 0.0782978 0.0771231 0.90518
2 0.0397336 0.757545 0.0765398 0.0757738 0.905176
2 0.951248 0.780971 0.0796059 0.0784516 0.905128
0 0.804414 0.137784 0.0773941 0.0782137 0.904985
0 0.72037 0.657175 0.0775108 0.0769983 0.904977
1 0.452887 0.140033 0.0780495 0.0780202 0.904951
2 0.560272 0.118391 0.0791727 0.0784047 0.904934
0 0.300621 0.566821 0.0777173 0.0781685 0.904705
1 0.657598 0.14514 0.0762459 0.0760009 0.904681
0 0.61104 0.462331 0.0809357 0.081073 0.904663
2 0.76844 0.480775 0.0770271 0.07749 0.904486
0 0.919934 0.943254 0.0794373 0.0786501 0.904481
0 0.518044 0.964422 0.0783872 0.0711555 0.90437
1 0.162201 0.892654 0.0769756 0.0764702 0.904341
2 0.558411 0.319751 0.0783787 0.0774138 0.904294
0 0.263693 0.906415 0.0762159 0.0761074 0.904195
1 0.484931 0.897328 0.0767962 0.076272 0.904095
0 0.855305 0.79529 0.0785984 0.0785326 0.904085
0 0.794572 0.637191 0.0771642 0.0770733 0.903744
0 0.847047 0.85678 0.079727 0.0786593 0.903712
2 0.124609 0.584522 0.0772743 0.0770282 0.903482
2 0.5413 0.302285 0.0779646 0.0786552 0.903463
2 0.705935 0.513401 0.07675 0.0761019 0.903415
2 0.542727 0.230495 0.0792679 0.0787079 0.903195
1 0.935583 0.843406 0.0795132 0.0780737 0.903159
0 0.764004 0.0829634 0.0789787 0.0773932 0.903142
1 0.514875 0.341421 0.0786102 0.0779974 0.90314
0 0.856879 0.0912021 0.0787167 0.0780845 0.90312
0 0.224971 0.914371 0.077155 0.0768286 0.90304
0 0.538298 0.957102 0.0793596 0.0774094 0.902989
1 0.859231 0.749139 0.0786396 0.0792288 0.902915
2 0.509926 0.752929 0.0780701 0.0782169 0.90284
2 0.394822 0.265876 0.0790385 0.0790877 0.902818
0 0.285125 0.441602 0.0785283 0.0787342 0.902765
1 0.418318 0.375509 0.0798117 0.0807005 0.902726
0 0.173106 0.758047 0.0778454 0.0770768 0.902665
2 0.279552 0.281718 0.0787782 0.0790371 0.902528
0 0.885486 0.0501991 0.0777714 0.0775833 0.902475
2 0.323319 0.724528 0.0786312 0.0787494 0.90245
2 0.726434 0.702197 0.0786387 0.0789879 0.902349
1 0.706227 0.929177 0.0762959 0.0759968 0.902193
0 0.893306 0.0899701 0.077161 0.0776152 0.902124
2 0.636025 0.0861364 0.078277 0.0777277 0.902105
0 0.966263 0.0900781 0.0674742 0.0785538 0.902071
1 0.376021 0.526356 0.0795438 0.0790033 0.902042
0 0.212715 0.815837 0.078404 0.0779181 0.902036
2 0.952611 0.169638 0.0791008 0.077142 0.902032
1 0.0994786 0.386077 0.0790463 0.078483 0.901972
0 0.693665 0.440076 0.0774595 0.0784052 0.901886
2 0.404201 0.160399 0.0776226 0.0775801 0.901878
2 0.406836 0.0866212 0.077192 0.0770182 0.901736
2 0.592382 0.963897 0.0762108 0.0722063 0.901685
0 0.0792902 0.675253 0.0776553 0.0775321 0.901654
2 0.518791 0.182842 0.0799255 0.0798403 0.90162
0 0.177218 0.0501155 0.0799258 0.0801626 0.901611
2 0.882512 0.395888 0.0769333 0.0775451 0.901601
1 0.544717 0.628132 0.078338 0.0788528 0.901579
1 0.385924 0.746117 0.0771212 0.076971 0.901476
0 0.864081 0.529085 0.0773436 0.0764251 0.901415
0 0.0577661 0.818327 0.0750452 0.0752971 0.901347
0 0.0547769 0.762081 0.075786 0.076627 0.901209
0 0.846676 0.831353 0.0797237 0.0788959 0.90119
2 0.650736 0.925677 0.0765434 0.0759541 0.901121
0 0.627633 0.422265 0.0813451 0.0806136 0.900966
2 0.888399 0.229812 0.0773611 0.0770512 0.900719
2 0.721835 0.301521 0.0784208 0.0787655 0.90071
0 0.54701 0.259491 0.0796616 0.0792445 0.900651
0 0.251559 0.650122 0.0787525 0.0783906 0.900625
1 0.0635303 0.394735 0.0766588 0.0770486 0.900427
0 0.841303 0.202874 0.0764404 0.0773922 0.900262
2 0.319571 0.402877 0.0783949 0.079215 0.900176
2 0.458142 0.218429 0.0785849 0.0780739 0.900112
0 0.373079 0.82063 0.0772978 0.0764206 0.899987
0 0.850741 0.175231 0.0784683 0.0780191 0.899943
0 0.763611 0.513831 0.0803474 0.0787926 0.899938
0 0.224168 0.837987 0.0767471 0.0764877 0.899854
0 0.160519 0.849252 0.0773576 0.0772583 0.899854
0 0.973283 0.442643 0.0532513 0.0794976 0.899788
0 0.606178 0.536623 0.0777905 0.0778494 0.899782
0 0.803794 0.554316 0.0780275 0.0777883 0.899774
2 0.869298 0.711264 0.0783489 0.0786512 0.899773
0 0.205797 0.578286 0.0781454 0.078442 0.899558
1 0.155604 0.543191 0.0779928 0.0775207 0.899548
0 0.63914 0.965099 0.0774883 0.069803 0.899479
2 0.268029 0.263636 0.079194 0.0796785 0.899439
0 0.0502163 0.525699 0.0790009 0.0786964 0.899431
1 0.477127 0.800099 0.0777653 0.0783191 0.899373
0 0.544799 0.0398963 0.0793361 0.0785245 0.899341
2 0.313326 0.904627 0.0768509 0.0761375 0.899323
1 0.566188 0.635267 0.0786353 0.0792282 0.899193
1 0.91017 0.523587 0.0765076 0.0764021 0.899167
0 0.0416661 0.833915 0.0758137 0.0752909 0.899047
2 0.338394 0.283263 0.0795989 0.0788985 0.899023
0 0.691645 0.460802 0.0779723 0.0787252 0.898953
0 0.271805 0.852029 0.0774018 0.0770861 0.898892
0 0.572956 0.272596 0.077121 0.0777928 0.898807
0 0.753616 0.678461 0.0779867 0.0777821 0.898763
0 0.266747 0.634725 0.0778328 0.0779193 0.898718
2 0.155227 0.335783 0.0789019 0.0791977 0.89868
1 0.211408 0.486243 0.0786097 0.0784536 0.898557
2 0.0779071 0.838926 0.0753642 0.0745682 0.898473
0 0.464343 0.931305 0.0787458 0.0778019 0.898464
1 0.219632 0.292124 0.0792622 0.0786393 0.89843
0 0.0277514 0.575773 0.0554022 0.0771675 0.898397
2 0.0942072 0.0361262 0.0777694 0.0722524 0.898322
1 0.0766045 0.0767677 0.0790755 0.0791289 0.898286
0 0.179198 0.808194 0.0777537 0.077441 0.898268
2 0.100239 0.522918 0.0779578 0.0781529 0.898265
2 0.0319983 0.467406 0.0639967 0.074189 0.898214
1 0.134222 0.700941 0.076897 0.0778248 0.898059
2 0.895762 0.425478 0.0771057 0.0774163 0.898017
0 0.846227 0.710647 0.0784296 0.0776756 0.89794
1 0.507275 0.880263 0.0786968 0.077887 0.897899
1 0.38182 0.176685 0.0789221 0.0801179 0.89788
0 0.302339 0.817194 0.0782576 0.0767214 0.897862
1 0.437175 0.432438 0.0820676 0.0807705 0.897862
2 0.752134 0.392521 0.0774465 0.0771024 0.897861
0 0.143032 0.034462 0.0788855 0.0685795 0.897853
2 0.117917 0.751363 0.0776246 0.0775961 0.897844
2 0.894184 0.923143 0.0796532 0.0807407 0.897582
2 0.881053 0.736049 0.0777409 0.0791067 0.89757
0 0.2816 0.883275 0.0763158 0.0764416 0.897463
2 0.321747 0.682248 0.0777456 0.0769255 0.897421
0 0.586106 0.087264 0.0784805 0.0781575 0.897408
0 0.1827 0.967214 0.0748139 0.0655727 0.897302
0 0.325635 0.330957 0.0812 0.0791844 0.897294
2 0.820294 0.313315 0.0763107 0.0760873 0.897259
2 0.28387 0.801843 0.0764469 0.0766626 0.897253
0 0.861977 0.107544 0.0785395 0.076823 0.897164
2 0.52953 0.171833 0.0796625 0.0801824 0.897053
2 0.484026 0.281351 0.0779516 0.0779526 0.89669
1 0.254466 0.227189 0.0798644 0.0800639 0.896682
2 0.529271 0.732425 0.0775246 0.0773689 0.896493
0 0.275987 0.680975 0.0767382 0.0769607 0.896436
0 0.841194 0.692199 0.0793983 0.078697 0.896374
1 0.490835 0.92982 0.0790132 0.0780359 0.896311
2 0.959436 0.666939 0.0766434 0.0770165 0.896188
2 0.878407 0.535973 0.0775368 0.0774635 0.895782
1 0.195121 0.473084 0.07754 0.0770955 0.895759
0 0.6187 0.338858 0.0781905 0.0783744 0.895701
0 0.0792769 0.25389 0.0783038 0.0792882 0.895683
0 0.79714 0.68022 0.078686 0.078332 0.895654
2 0.802729 0.234042 0.0773626 0.077161 0.895545
2 0.683364 0.892501 0.0765085 0.0764187 0.895284
0 0.294997 0.910484 0.0763179 0.0764053 0.895267
1 0.480584 0.119415 0.0793749 0.0794916 0.895206
1 0.940338 0.809329 0.078018 0.0788712 0.894894
2 0.27835 0.936365 0.0758902 0.0759232 0.894749
0 0.669518 0.746541 0.0777653 0.0782326 0.894715
0 0.743767 0.572281 0.0770553 0.0781033 0.894601
2 0.169852 0.871531 0.0759737 0.0754517 0.894547
0 0.695598 0.715102 0.0780321 0.0782326 0.89454
2 0.840599 0.556678 0.0771271 0.0768547 0.89449
0 0.705174 0.548184 0.0772579 0.0787378 0.894432
1 0.710822 0.908649 0.0776615 0.0770725 0.894409
0 0.38802 0.866403 0.0763721 0.0762831 0.894399
2 0.637797 0.749544 0.0768339 0.076754 0.894346
2 0.762255 0.412007 0.0780272 0.0784981 0.893989
0 0.681945 0.430084 0.0788283 0.0783903 0.893786
1 0.211064 0.178166 0.0805489 0.0801357 0.893696
0 0.871627 0.850195 0.0807114 0.0811813 0.89362
0 0.0310478 0.689696 0.0620956 0.0770531 0.893608
0 0.721815 0.572865 0.0778238 0.0779921 0.893461
2 0.629172 0.126636 0.0772593 0.0782465 0.893438
0 0.626799 0.504056 0.0804512 0.0792709 0.893342
0 0.822591 0.662822 0.0790337 0.0797865 0.893206
1 0.118191 0.391001 0.0778404 0.0785375 0.89313
0 0.605754 0.101834 0.0778254 0.0784901 0.893032
2 0.543266 0.71827 0.0770104 0.0766195 0.892755
0 0.879486 0.179401 0.0775085 0.07797 0.892734
2 0.741762 0.260124 0.0781172 0.0784882 0.892706
2 0.570929 0.230951 0.079078 0.0787008 0.892576
2 0.144276 0.602709 0.078154 0.0781328 0.892539
0 0.815805 0.587369 0.0773874 0.0777019 0.892465
0 0.90578 0.076201 0.0756636 0.0758715 0.892429
0 0.431713 0.96966 0.0781082 0.0606802 0.892368
0 0.239818 0.523919 0.0779415 0.0774174 0.892137
0 0.0614733 0.533477 0.0782261 0.0777293 0.892
2 0.453596 0.895933 0.077836 0.0774628 0.891989
1 0.17159 0.42476 0.0787568 0.0782053 0.891941
2 0.864766 0.383722 0.0774834 0.0775892 0.891814
0 0.143266 0.819987 0.0758024 0.0762468 0.891802
0 0.30191 0.628756 0.0789897 0.078047 0.891681
1 0.417205 0.705101 0.0773323 0.0774191 0.89166
1 0.30602 0.157862 0.0787725 0.078875 0.891619
1 0.234306 0.166038 0.0793003 0.0788847 0.891562
2 0.312216 0.590142 0.0791778 0.079073 0.89152
2 0.216331 0.24817 0.0795207 0.0801724 0.891423
2 0.109428 0.255374 0.078482 0.078459 0.891421
1 0.916704 0.497691 0.0780535 0.0790779 0.891311
2 0.446911 0.872626 0.0779472 0.0782173 0.891241
1 0.147202 0.468063 0.077502 0.07745 0.891009
1 0.475872 0.455306 0.0812099 0.0802009 0.890992
2 0.657682 0.784808 0.0773869 0.0771523 0.890864
1 0.861192 0.442331 0.0777441 0.0768083 0.890773
1 0.865456 0.346247 0.0771301 0.0770378 0.890436
0 0.775671 0.0545236 0.0787485 0.0778794 0.890281
1 0.168885 0.573356 0.0777766 0.0772339 0.890255
1 0.26092 0.142382 0.078855 0.0786488 0.88986
0 0.571779 0.486863 0.0787849 0.0795033 0.889361
2 0.437235 0.858147 0.0774939 0.0772079 0.889209
1 0.68247 0.184843 0.0771182 0.0770844 0.88915
0 0.188491 0.751693 0.0782305 0.0778285 0.889104
0 0.0911305 0.338915 0.0776698 0.077642 0.888894
0 0.714984 0.714465 0.077743 0.0787073 0.888875
0 0.607719 0.740452 0.0767398 0.0759831 0.888869
1 0.81415 0.270395 0.0762991 0.0760433 0.888797
1 0.199423 0.0873508 0.0807541 0.0806415 0.888777
1 0.204497 0.310308 0.0782316 0.0779501 0.888775
1 0.650207 0.16466 0.0773887 0.0780743 0.888674
0 0.586924 0.25187 0.0794851 0.0786873 0.888673
0 0.034909 0.721689 0.0698179 0.075316 0.888556
2 0.64271 0.578454 0.0779795 0.078203 0.888136
0 0.455086 0.960993 0.0775196 0.0758282 0.888071
2 0.345843 0.102972 0.0784744 0.0787903 0.887907
1 0.34658 0.464298 0.0797866 0.079873 0.88769
0 0.869015 0.0269145 0.0761715 0.053829 0.887667
0 0.608897 0.504769 0.0793946 0.0790453 0.887587
2 0.882508 0.306751 0.0774254 0.0773498 0.887546
2 0.423367 0.872586 0.0775043 0.0772123 0.887219
2 0.629725 0.941387 0.0768206 0.0764187 0.887155
0 0.609257 0.377812 0.0772546 0.0777653 0.887092
2 0.300701 0.583544 0.0782743 0.0777281 0.886854
1 0.177682 0.315746 0.0793476 0.0785703 0.88674
1 0.055327 0.445246 0.0783725 0.078566 0.886614
2 0.511755 0.773087 0.0787119 0.0778277 0.886529
0 0.339091 0.954339 0.0761034 0.076976 0.886514
2 0.740281 0.308823 0.0785496 0.0782873 0.886251
2 0.664932 0.608729 0.07824 0.078043 0.88624
0 0.441277 0.976667 0.0778175 0.0466652 0.886134
2 0.078452 0.704764 0.0768141 0.0766073 0.886098
2 0.359105 0.38245 0.0807265 0.0797888 0.88609
1 0.428831 0.29589 0.0780886 0.0780219 0.885984
1 0.442178 0.0337888 0.0779068 0.0675776 0.885771
1 0.590399 0.633198 0.0778925 0.0778721 0.885377
2 0.636406 0.0507264 0.0787762 0.078112 0.885348
1 0.234171 0.313886 0.0782435 0.0780405 0.885078
0 0.668965 0.495803 0.0778438 0.0781902 0.88504
1 0.832857 0.399089 0.0780327 0.0785146 0.884981
1 0.60893 0.659971 0.0786007 0.0783079 0.884659
2 0.666162 0.0954908 0.0772624 0.0770949 0.884593
0 0.326412 0.877322 0.0777832 0.0773367 0.884559
1 0.204519 0.120673 0.0796929 0.0794469 0.884496
0 0.80801 0.0273501 0.0763919 0.0544102 0.884437
0 0.605908 0.479832 0.0783287 0.0791321 0.884243
1 0.303352 0.217819 0.0781827 0.0783754 0.884179
0 0.531966 0.691298 0.0771746 0.0774372 0.884123
0 0.0350892 0.910293 0.0700411 0.0756891 0.884081
1 0.491848 0.479857 0.079941 0.0795308 0.883979
1 0.264144 0.195276 0.079918 0.0787803 0.883871
1 0.779399 0.835047 0.0776462 0.0787339 0.88376
1 0.421407 0.405942 0.0795197 0.0792749 0.883639
2 0.231609 0.254247 0.0787223 0.0788422 0.88361
0 0.972117 0.0756015 0.0556278 0.0780232 0.88327
1 0.258465 0.103935 0.079946 0.0799271 0.883229
1 0.930309 0.746822 0.0784203 0.0794327 0.882561
2 0.494725 0.970061 0.0782671 0.0598777 0.882326
2 0.836796 0.618797 0.0787391 0.07755 0.881839
0 0.755626 0.600502 0.0771309 0.0766558 0.881741
1 0.43721 0.831964 0.0780176 0.0775418 0.881574
0 0.641948 0.391649 0.0781845 0.0780399 0.881451
1 0.471335 0.0431802 0.0801703 0.0792037 0.881364
2 0.145678 0.321623 0.0779836 0.0780448 0.881303
1 0.211432 0.448992 0.0787383 0.0790861 0.88119
2 0.429239 0.13388 0.0773824 0.0781061 0.880925
2 0.319901 0.548999 0.0785728 0.0794573 0.880874
1 0.490442 0.585331 0.0795256 0.0798674 0.880639
0 0.564644 0.695397 0.0771363 0.0763169 0.880596
2 0.96107 0.235348 0.0758431 0.0783119 0.880493
2 0.96727 0.624446 0.0653736 0.0778144 0.880417
2 0.872499 0.285952 0.0769409 0.0767721 0.880409
2 0.0507955 0.725448 0.0767332 0.076125 0.880391
0 0.727556 0.522988 0.0786412 0.0787116 0.880242
2 0.59639 0.139842 0.0777203 0.0783851 0.880219
1 0.675021 0.162524 0.0776062 0.0778211 0.880158
0 0.970828 0.321402 0.0583431 0.0778585 0.879948
1 0.10627 0.405822 0.0781974 0.0784681 0.879898
2 0.363765 0.877217 0.0777837 0.0775501 0.87977
1 0.410229 0.515549 0.0795767 0.0788029 0.879515
2 0.659838 0.947932 0.0759216 0.0761505 0.879513
1 0.563438 0.457599 0.0797209 0.0789124 0.879415
0 0.62962 0.818522 0.0763906 0.0765955 0.879287
2 0.659819 0.829276 0.0760887 0.0760552 0.87917
1 0.0673342 0.924658 0.0765262 0.0766945 0.878822
2 0.874643 0.262778 0.0771267 0.0762909 0.878513
2 0.595869 0.82757 0.0771147 0.0778769 0.878476
2 0.561613 0.769521 0.077854 0.0769337 0.878219
0 0.0246785 0.505227 0.0493571 0.0784336 0.878179
0 0.0257184 0.626621 0.0514368 0.0771615 0.878056
2 0.96633 0.592467 0.0671879 0.0783586 0.878002
2 0.354297 0.972449 0.0767993 0.0548752 0.877739
2 0.690945 0.967151 0.0749238 0.065698 0.877517
0 0.850473 0.811185 0.0804325 0.0800594 0.877465
2 0.746378 0.946486 0.0763349 0.0760967 0.877377
0 0.729863 0.0531758 0.0785618 0.0779251 0.877169
0 0.048064 0.812664 0.0758143 0.075906 0.877064
1 0.685511 0.945227 0.0752304 0.0754572 0.877054
0 0.244605 0.621508 0.0772557 0.0773026 0.876887
0 0.340028 0.929263 0.0774466 0.0769279 0.87669
1 0.3999 0.42558 0.0818289 0.0823062 0.875985
0 0.282022 0.663658 0.0780362 0.0783814 0.875974
0 0.64447 0.372495 0.0776466 0.0786905 0.875945
2 0.670586 0.476249 0.0781977 0.0791848 0.875876
1 0.294827 0.0873895 0.0792983 0.0805014 0.875213
1 0.849352 0.321708 0.0781225 0.0773346 0.875109
0 0.743669 0.545782 0.0782594 0.0775284 0.874916
0 0.966835 0.0218968 0.0645864 0.0437936 0.874855
2 0.779437 0.685656 0.0779676 0.0781965 0.874782
1 0.530277 0.377689 0.0787724 0.0789095 0.874611
0 0.817044 0.646778 0.0784432 0.0789322 0.874595
1 0.129883 0.432363 0.0780034 0.0787331 0.874475
2 0.836289 0.760206 0.0797144 0.078605 0.874351
1 0.231312 0.96579 0.0742621 0.0682116 0.874232
0 0.764006 0.549086 0.0772816 0.0773144 0.87343
1 0.655937 0.218115 0.0771628 0.0776372 0.873017
1 0.456386 0.026908 0.0768944 0.053816 0.872825
0 0.915366 0.0692973 0.077471 0.0768977 0.872636
2 0.166636 0.973716 0.0746312 0.0521019 0.872465
1 0.064626 0.428737 0.0775372 0.077769 0.87244
1 0.0544526 0.267018 0.0773433 0.0768859 0.872149
0 0.730408 0.541189 0.0779778 0.0779898 0.87171
0 0.864942 0.0422511 0.0772041 0.0758221 0.871002
0 0.724533 0.744926 0.0785608 0.0771155 0.870194
0 0.1444 0.127795 0.0794753 0.0799576 0.870176
2 0.572764 0.334259 0.0783297 0.0779943 0.87007
2 0.354015 0.110278 0.0769601 0.0776766 0.869935
0 0.89614 0.0266426 0.0775064 0.0532002 0.869269
0 0.581725 0.0238209 0.0781417 0.0475039 0.869231
0 0.97323 0.283715 0.0526764 0.0778542 0.869093
2 0.835122 0.0596909 0.0768947 0.0776999 0.868922
0 0.742844 0.522745 0.0782425 0.079237 0.868614
1 0.50044 0.370249 0.0802926 0.0802047 0.868552
2 0.920185 0.810933 0.0793877 0.0806091 0.868519
1 0.949676 0.383024 0.0767101 0.0769724 0.868424
0 0.266706 0.818974 0.0762167 0.0757766 0.868022
2 0.205837 0.680045 0.0771124 0.0767839 0.867978
0 0.109211 0.349947 0.078082 0.078798 0.867899
2 0.675354 0.0358482 0.0762543 0.0716965 0.867815
2 0.082691 0.654769 0.0775056 0.0773222 0.867263
1 0.754764 0.82204 0.0781393 0.0786501 0.867209
2 0.371765 0.866853 0.0769737 0.0769798 0.867049
0 0.839076 0.128646 0.0783653 0.0775426 0.866783
2 0.934778 0.96592 0.0769272 0.0681598 0.866607
0 0.190819 0.857389 0.0766882 0.0773491 0.86598
0 0.300674 0.682596 0.07819 0.0767013 0.865945
2 0.801235 0.778715 0.079558 0.0794477 0.865697
0 0.732771 0.482627 0.0769636 0.0769905 0.86564
1 0.42708 0.775264 0.077883 0.0781278 0.86562
2 0.69454 0.269058 0.0774037 0.0778053 0.865584
0 0.707253 0.704026 0.0774485 0.0780392 0.865235
1 0.172142 0.914972 0.0748227 0.0746206 0.864968
1 0.835467 0.0280746 0.0771782 0.056 0.864625
1 0.586637 0.429176 0.0798771 0.0795807 0.864421
2 0.139586 0.207324 0.0820733 0.0802073 0.864379
2 0.442167 0.177101 0.0793989 0.0805207 0.864346
1 0.504476 0.117418 0.0799227 0.0797977 0.864272
2 0.330534 0.631704 0.0793461 0.078978 0.864195
2 0.351488 0.903672 0.0780355 0.0771431 0.864166
1 0.375859 0.465301 0.0802186 0.079698 0.864121
2 0.836946 0.963608 0.0791372 0.0727848 0.863946
2 0.894518 0.495886 0.0757742 0.0760891 0.863818
1 0.694337 0.148629 0.0767754 0.0774612 0.863608
0 0.693363 0.422118 0.0766701 0.0776075 0.863586
2 0.5294 0.0772931 0.0789797 0.0796301 0.862876
2 0.894037 0.583461 0.0781712 0.0783215 0.862509
2 0.280087 0.951926 0.0761148 0.0765512 0.862331
1 0.505552 0.801482 0.0770813 0.0767701 0.86208
2 0.756499 0.184713 0.0771795 0.077703 0.861885
2 0.400501 0.537684 0.0790841 0.07892 0.861833
0 0.152556 0.365383 0.0787443 0.0784938 0.861476
0 0.349652 0.334944 0.0809005 0.0801394 0.86138
2 0.859978 0.247986 0.0762993 0.0769918 0.861311
2 0.827079 0.293741 0.0757742 0.0756292 0.861214
2 0.715768 0.0646696 0.0774559 0.0776366 0.860355
1 0.228755 0.215281 0.0784227 0.078488 0.860342
0 0.575778 0.825281 0.0783264 0.0786467 0.85974
2 0.26375 0.808141 0.0774029 0.0769112 0.859248
2 0.706877 0.113639 0.0765472 0.0761886 0.85871
2 0.698147 0.313841 0.0777802 0.0782405 0.858468
1 0.145424 0.253663 0.0789412 0.0796978 0.857822
1 0.25269 0.33165 0.0803187 0.0790852 0.857736
0 0.667393 0.980423 0.0759575 0.0391548 0.857582
0 0.958996 0.070429 0.0775278 0.0780371 0.857232
0 0.622996 0.444283 0.0784735 0.0785337 0.85683
2 0.670021 0.593963 0.078035 0.0778829 0.856368
2 0.946196 0.687565 0.0782105 0.0791484 0.856051
2 0.967918 0.21784 0.0641644 0.0790097 0.855831
0 0.255855 0.666521 0.0775375 0.0772272 0.85563
2 0.405339 0.14672 0.0777646 0.0780697 0.855232
2 0.368744 0.351748 0.0795924 0.0808811 0.854935
2 0.867564 0.398924 0.0765007 0.0766853 0.854688
0 0.49017 0.979891 0.0784649 0.0402174 0.853947
0 0.831458 0.942881 0.0780213 0.0779734 0.853517
2 0.170364 0.607788 0.0774588 0.0774391 0.85342
1 0.76737 0.973991 0.0753656 0.0520183 0.852971
2 0.532763 0.863386 0.0777738 0.0794859 0.852668
2 0.137989 0.524298 0.0768089 0.0773099 0.852215
0 0.748937 0.41656 0.0766785 0.0765956 0.851999
2 0.896464 0.371026 0.0764584 0.0761687 0.851832
1 0.721756 0.861172 0.0769741 0.077393 0.851675
0 0.890626 0.767327 0.0791277 0.0792432 0.851026
2 0.881514 0.251019 0.0759054 0.0764914 0.849794
0 0.0226489 0.776949 0.0452463 0.0743341 0.849712
2 0.805477 0.250229 0.0767174 0.0770575 0.849277
2 0.855681 0.403018 0.0762844 0.0768747 0.849124
1 0.212535 0.973824 0.0749701 0.0523241 0.848471
0 0.941621 0.227365 0.077635 0.0775132 0.848458
0 0.0812722 0.795035 0.0752643 0.0752626 0.848391
2 0.245713 0.564736 0.0785441 0.0786982 0.847798
2 0.35463 0.5427 0.0779702 0.0778107 0.847589
1 0.263519 0.0723929 0.0796399 0.0794654 0.847042
0 0.704662 0.72535 0.0780602 0.0787499 0.846709
2 0.0690767 0.75007 0.07529 0.0758059 0.846518
0 0.387957 0.957858 0.0781904 0.0767273 0.846495
0 0.857713 0.117788 0.0771065 0.0772481 0.846051
1 0.116732 0.460268 0.0780346 0.0778609 0.845893
1 0.304675 0.0247948 0.0778888 0.0492171 0.843937
2 0.970669 0.0460894 0.058662 0.0778122 0.843226
0 0.980784 0.0333761 0.0384329 0.0663525 0.843174
1 0.0881862 0.435408 0.0786653 0.0781312 0.842777
1 0.500994 0.503243 0.0808879 0.0797256 0.842141
0 0.208386 0.767024 0.0781955 0.0778648 0.841868
2 0.906552 0.672684 0.0773136 0.0779146 0.841613
2 0.0386902 0.561924 0.0747711 0.0737825 0.841369
2 0.112454 0.577368 0.0784894 0.0779228 0.840459
1 0.223834 0.0824212 0.0803297 0.0789202 0.839578
2 0.331804 0.478551 0.078627 0.0787445 0.838899
2 0.969756 0.654123 0.0604879 0.0788706 0.838802
2 0.972596 0.423305 0.0548079 0.08046 0.838625
0 0.657453 0.501161 0.0784827 0.0798111 0.838073
1 0.367794 0.0719288 0.0768909 0.0769091 0.837215
1 0.0224006 0.668152 0.0448012 0.072382 0.837214
2 0.798534 0.86535 0.0800415 0.0794743 0.83712
1 0.21214 0.399493 0.07884 0.0794975 0.836475
0 0.200409 0.659531 0.0767259 0.0763886 0.836086
1 0.377965 0.0600753 0.0771976 0.077871 0.835831
2 0.695746 0.101123 0.0771757 0.077894 0.835623
2 0.663641 0.959363 0.0747335 0.0758602 0.833684
2 0.648899 0.565805 0.078302 0.078434 0.832939
2 0.316711 0.763944 0.0774962 0.0777399 0.832865
2 0.369765 0.84965 0.0767412 0.077548 0.831846
2 0.859598 0.228745 0.0763912 0.0764578 0.831363
1 0.24347 0.058206 0.0787467 0.0792557 0.830892
1 0.612941 0.696073 0.0781071 0.0777035 0.830269
2 0.071053 0.882378 0.0760661 0.0760609 0.82976
1 0.401236 0.760761 0.0780107 0.0778437 0.829669
0 0.718146 0.55942 0.0777353 0.0776173 0.828852
2 0.64078 0.94454 0.0762375 0.0753422 0.828419
2 0.371955 0.230826 0.0787558 0.078247 0.828377
1 0.525144 0.469371 0.0805318 0.0792662 0.827368
0 0.744691 0.0198849 0.0769573 0.0397697 0.827123
2 0.953206 0.867648 0.0771029 0.0769169 0.8264
2 0.0228171 0.477622 0.0456341 0.0767113 0.826327
2 0.867789 0.276326 0.077047 0.076084 0.825546
2 0.59527 0.40355 0.0793784 0.07839 0.824615
2 0.682434 0.972372 0.0755205 0.0552555 0.82455
1 0.0830653 0.967727 0.0768404 0.0645464 0.824369
0 0.979378 0.598038 0.0412432 0.0779102 0.823204
2 0.885126 0.0767456 0.0784229 0.0788938 0.822047
0 0.68221 0.0217561 0.0785305 0.0435121 0.82182
2 0.957034 0.80868 0.0783657 0.0789015 0.82182
2 0.359526 0.959507 0.0768522 0.0766594 0.821216
1 0.0235224 0.377322 0.0470448 0.0748594 0.820399
2 0.565464 0.133627 0.0778111 0.0775205 0.820122
0 0.25936 0.741494 0.0753132 0.0756895 0.81976
2 0.731972 0.148121 0.0766696 0.0767658 0.819196
2 0.0183879 0.603842 0.0367758 0.0762173 0.818851
0 0.31537 0.438083 0.0789157 0.0789741 0.817556
0 0.0242712 0.0419822 0.0485424 0.0782837 0.817532
0 0.724377 0.667564 0.0768511 0.0772577 0.816891
2 0.602566 0.227504 0.0786798 0.078614 0.81594
2 0.13045 0.131705 0.0795933 0.079889 0.81543
0 0.0769149 0.543922 0.0778368 0.0774705 0.814972
1 0.226762 0.190061 0.0798956 0.0795902 0.814303
1 0.160442 0.0795753 0.0797545 0.0800936 0.81409
0 0.602431 0.305391 0.0775944 0.0774251 0.814019
2 0.889158 0.717698 0.0782944 0.0785658 0.812571
2 0.396513 0.0741307 0.078373 0.0784419 0.812563
1 0.504508 0.550891 0.0791205 0.080148 0.812432
1 0.751531 0.773096 0.0778154 0.0777791 0.811707
0 0.537351 0.702572 0.0768202 0.0770838 0.811149
2 0.704463 0.536135 0.0780589 0.0783872 0.810406
0 0.977637 0.257295 0.0446451 0.0788777 0.809511
1 0.163468 0.472581 0.0788122 0.0783901 0.808469
1 0.53272 0.340356 0.0784647 0.0785285 0.807668
2 0.639044 0.732969 0.0787474 0.0774092 0.806565
1 0.192248 0.341336 0.0779124 0.0776754 0.806041
2 0.838947 0.420828 0.0771025 0.0760231 0.805932
2 0.544296 0.563633 0.0785156 0.079605 0.805263
2 0.15671 0.221283 0.0793204 0.0792007 0.804784
0 0.236308 0.636174 0.0764533 0.0762153 0.804772
1 0.655094 0.114328 0.0763808 0.0779289 0.803178
2 0.893787 0.508591 0.0746128 0.0741199 0.802051
2 0.701273 0.827652 0.0757731 0.0761171 0.801988
2 0.502134 0.0369462 0.0787815 0.0735932 0.801378
2 0.947453 0.74717 0.0796997 0.0791114 0.800896
2 0.836393 0.30454 0.0765993 0.0761794 0.800707
2 0.83191 0.721303 0.0783699 0.0793879 0.800564
1 0.548177 0.830761 0.0774206 0.0773934 0.800254
2 0.239332 0.885548 0.0760902 0.0760017 0.800099
2 0.959726 0.698602 0.07794 0.0790531 0.799708
1 0.433325 0.0425904 0.0788994 0.077927 0.799575
2 0.778344 0.203378 0.0775185 0.0776759 0.799282
2 0.530758 0.567932 0.077842 0.0784808 0.799021
2 0.971552 0.2606 0.0566151 0.078485 0.797947
0 0.0494004 0.678058 0.0754562 0.0760247 0.797826
2 0.467534 0.237648 0.0794916 0.0791545 0.796952
0 0.297026 0.41173 0.0779121 0.0782315 0.796029
1 0.509633 0.613995 0.0795519 0.0790859 0.79521
2 0.370976 0.796821 0.0769348 0.0775284 0.794305
1 0.5779 0.912608 0.0785653 0.0780626 0.793795
2 0.102032 0.896099 0.0768315 0.0760006 0.793264
0 0.201476 0.702212 0.0762899 0.0761469 0.792971
2 0.486466 0.740168 0.0782044 0.0773601 0.791538
2 0.791357 0.046941 0.0766844 0.0777475 0.791236
2 0.786289 0.559892 0.0781981 0.0775042 0.787589
2 0.0541315 0.866196 0.0765198 0.0758759 0.787279
0 0.97765 0.175543 0.0439907 0.0753327 0.787202
0 0.271959 0.899009 0.0750893 0.0758186 0.78541
2 0.200017 0.658328 0.0784114 0.0771379 0.783373
1 0.771852 0.323258 0.0769919 0.0776917 0.782023
2 0.751513 0.655117 0.0785253 0.0774597 0.780679
1 0.380939 0.710802 0.078275 0.0789219 0.779661
2 0.832721 0.7907 0.0788269 0.0789747 0.776421
0 0.794508 0.618274 0.0772547 0.0758492 0.776311
0 0.0183613 0.898759 0.03662 0.0761261 0.773115
0 0.590461 0.504388 0.0800021 0.078884 0.772846
0 0.566597 0.310247 0.0782606 0.0773209 0.770116
0 0.972938 0.143586 0.0539341 0.0743935 0.769268
2 0.861808 0.976396 0.0789537 0.0472082 0.769249
2 0.720758 0.354197 0.0775867 0.0774076 0.768587
2 0.95776 0.728133 0.0773655 0.0779446 0.76824
1 0.460323 0.487876 0.0804264 0.0809891 0.767572
0 0.355535 0.220393 0.0785501 0.0788228 0.767373
2 0.0203902 0.965897 0.0407805 0.066507 0.766982
1 0.725281 0.234089 0.077541 0.0764034 0.766808
1 0.441073 0.061693 0.0787247 0.0796707 0.765958
0 0.291441 0.786964 0.077631 0.0782489 0.764202
0 0.65814 0.0215866 0.0765247 0.0431214 0.763519
1 0.416541 0.0365877 0.0762532 0.0728205 0.762444
1 0.66505 0.902387 0.0768481 0.0763475 0.762392
2 0.0722323 0.854098 0.0769417 0.0768372 0.762177
2 0.979023 0.224555 0.0419536 0.0789464 0.762164
2 0.857428 0.295368 0.0771191 0.0767055 0.760719
0 0.223265 0.67776 0.0779235 0.0776384 0.760546
2 0.107127 0.295676 0.0776124 0.0767576 0.759067
2 0.906208 0.9726 0.0794067 0.0547714 0.758583
2 0.667716 0.328031 0.0777954 0.0776957 0.758413
2 0.42005 0.544567 0.0785756 0.0784212 0.756322
1 0.668016 0.11502 0.075478 0.0756508 0.755556
1 0.974453 0.967874 0.0506828 0.0642511 0.754202
1 0.187238 0.528782 0.0775059 0.0782567 0.752594
2 0.959296 0.898576 0.0780254 0.0788162 0.752382
2 0.321247 0.482994 0.0777842 0.0783473 0.751994
2 0.674855 0.27625 0.0784661 0.0783554 0.751968
1 0.713792 0.196489 0.0767383 0.0773843 0.751225
0 0.976603 0.45502 0.0467937 0.0800255 0.751087
2 0.777573 0.361965 0.078265 0.0790857 0.7504
1 0.280112 0.145836 0.0785686 0.0785635 0.749087
1 0.39019 0.0485532 0.0776991 0.0766019 0.745695
0 0.0755344 0.266821 0.0774785 0.0775751 0.744806
1 0.631236 0.619639 0.0781929 0.0780019 0.744754
1 0.725706 0.890758 0.0761984 0.0761875 0.744546
2 0.750076 0.901275 0.0782137 0.0776482 0.74451
2 0.543634 0.871061 0.0773019 0.0778097 0.74444
0 0.535971 0.974893 0.0763297 0.050214 0.742558
2 0.696147 0.767466 0.0772446 0.0775688 0.741813
2 0.334498 0.529529 0.0787828 0.0781002 0.741799
2 0.0407055 0.980207 0.0747475 0.0395638 0.741609
2 0.644304 0.0922813 0.0772001 0.0774332 0.741378
1 0.0278613 0.17243 0.0557227 0.0802729 0.741041
2 0.544157 0.143553 0.0781811 0.0780779 0.740229
2 0.89826 0.327909 0.076973 0.0771269 0.739786
1 0.496718 0.676552 0.0785803 0.0796972 0.739783
2 0.980229 0.531286 0.0391701 0.0794571 0.739234
2 0.258522 0.589536 0.0778626 0.0793926 0.737787
0 0.273686 0.826889 0.0770263 0.0769346 0.735407
2 0.618953 0.755074 0.0759102 0.0751316 0.73487
2 0.737558 0.0363874 0.079979 0.0725408 0.734692
2 0.765633 0.899948 0.0762312 0.0768425 0.734264
2 0.38072 0.60729 0.0795432 0.0799971 0.733319
2 0.0226618 0.905617 0.0453235 0.0768143 0.732254
2 0.718617 0.438148 0.0765797 0.0775854 0.729821
2 0.566311 0.153293 0.0780497 0.0783427 0.729527
1 0.849441 0.978819 0.0775202 0.0423603 0.727765
2 0.488964 0.321363 0.0776175 0.0769618 0.726429
2 0.615407 0.849021 0.0752512 0.0756233 0.726232
2 0.0988996 0.761678 0.0766304 0.0760913 0.724934
2 0.143639 0.849712 0.0758031 0.0753967 0.724477
0 0.949526 0.187184 0.0768335 0.0763088 0.724154
2 0.787051 0.197213 0.0779957 0.0778542 0.723734
0 0.288561 0.841973 0.0768526 0.0764709 0.723607
2 0.0198197 0.860252 0.0396394 0.0700937 0.722984
1 0.533233 0.418972 0.0782871 0.0776632 0.721078
1 0.471656 0.545393 0.0775887 0.0774702 0.719771
1 0.451518 0.603186 0.0779097 0.0779613 0.717921
0 0.175159 0.946129 0.0737475 0.0739733 0.716169
2 0.907157 0.596332 0.0770512 0.0770718 0.716
0 0.0227674 0.718513 0.0454736 0.0712358 0.714222
2 0.341642 0.870619 0.0766026 0.0764627 0.713714
1 0.458981 0.0966517 0.0795435 0.0792901 0.713525
0 0.613666 0.349828 0.0783112 0.0788969 0.713205
1 0.673465 0.850724 0.0765319 0.0767311 0.712735
0 0.725094 0.42193 0.0766788 0.0768996 0.70878
1 0.0612716 0.0790527 0.0791043 0.0781937 0.708161
0 0.703544 0.0242331 0.078826 0.0484091 0.707845
2 0.492353 0.295685 0.0780953 0.0777724 0.707602
2 0.0628917 0.0282566 0.0796983 0.0565133 0.707251
2 0.509492 0.723763 0.0769354 0.0763926 0.705764
1 0.512588 0.443068 0.0808815 0.0799076 0.70458
2 0.950458 0.028553 0.0773163 0.0571059 0.704307
2 0.319283 0.495941 0.0771109 0.077544 0.703091
2 0.68025 0.869609 0.0755925 0.0752996 0.702836
2 0.174059 0.11912 0.0803142 0.0794115 0.700975
2 0.647042 0.348175 0.0774963 0.0782396 0.700198
1 0.119145 0.316373 0.076669 0.0768994 0.699896
2 0.929641 0.704475 0.07803 0.077737 0.6995
0 0.0697356 0.352098 0.0770109 0.0776668 0.697706
2 0.321165 0.776882 0.0770645 0.077224 0.69717
2 0.898687 0.437263 0.0759947 0.0761099 0.693504
1 0.732897 0.80787 0.0771042 0.077161 0.692087
1 0.603372 0.791165 0.0770357 0.076246 0.690994
2 0.674196 0.296492 0.0781257 0.0768311 0.690782
2 0.253117 0.542314 0.0791173 0.0783453 0.69019
0 0.707932 0.414328 0.0771692 0.0774227 0.687883
0 0.230569 0.656388 0.0780743 0.0777538 0.68667
2 0.981374 0.674359 0.0372517 0.0783501 0.681525
2 0.0813209 0.889978 0.0760632 0.0760075 0.68128
2 0.971093 0.407448 0.0573944 0.0783455 0.680031
1 0.289483 0.243049 0.0789225 0.07822 0.678706
2 0.123088 0.354872 0.0786076 0.0780423 0.676626
2 0.939996 0.40769 0.0790775 0.0782481 0.675306
2 0.835968 0.269873 0.0757267 0.0755211 0.672736
0 0.68654 0.507111 0.0785802 0.0784246 0.671306
1 0.497884 0.282756 0.0797815 0.0780945 0.670653
0 0.194031 0.817261 0.0777879 0.0778252 0.669058
1 0.0607922 0.952204 0.0755209 0.0758511 0.667726
2 0.956773 0.418101 0.0776217 0.0787821 0.66369
0 0.786222 0.695968 0.0788825 0.0779427 0.663553
2 0.115786 0.532385 0.0771405 0.0761633 0.662909
1 0.419125 0.0627705 0.0772966 0.0771758 0.659442
1 0.515882 0.400285 0.0785908 0.0796077 0.659342
0 0.258455 0.625303 0.0782207 0.0778392 0.659244
0 0.311032 0.862077 0.0756976 0.0754473 0.65822
2 0.741687 0.139651 0.0771126 0.0774385 0.657289
2 0.667849 0.814436 0.077133 0.077173 0.657208
1 0.590515 0.600459 0.0778805 0.0774889 0.656437
2 0.965005 0.877171 0.0699896 0.0775738 0.656115
1 0.4115 0.483441 0.0803267 0.0791733 0.655166
2 0.975151 0.692221 0.0496986 0.0790796 0.654614
2 0.0806922 0.2361 0.078536 0.0801412 0.648972
1 0.473106 0.030948 0.074869 0.061896 0.645481
0 0.576671 0.720773 0.0774125 0.0769279 0.643633
2 0.275018 0.47294 0.0780654 0.0783498 0.642465
2 0.576387 0.980996 0.0785414 0.0375145 0.640154
0 0.058687 0.335824 0.0762459 0.0760547 0.639694
2 0.333437 0.511547 0.0780711 0.0787416 0.635738
0 0.456248 0.979929 0.0778188 0.0401413 0.633483
2 0.0541524 0.634009 0.077374 0.0763533 0.632947
2 0.618208 0.96139 0.0768755 0.0742268 0.628898
2 0.258783 0.882603 0.0756534 0.0751926 0.628507
0 0.931477 0.0644405 0.0765169 0.0779471 0.628407
1 0.0211856 0.140039 0.0422275 0.0746467 0.627927
1 0.75182 0.138141 0.0792226 0.0791806 0.626769
2 0.870578 0.830514 0.0803383 0.0802825 0.626079
2 0.942001 0.15387 0.0765167 0.0767218 0.625403
1 0.415777 0.974447 0.0749574 0.0511053 0.624703
1 0.69384 0.134091 0.0770556 0.0748118 0.623758
1 0.932276 0.36658 0.0776274 0.0777478 0.623026
0 0.547665 0.052085 0.0774946 0.0773655 0.618497
2 0.749689 0.418048 0.076462 0.0770469 0.618133
1 0.205419 0.516921 0.0780551 0.0784077 0.615458
1 0.869256 0.325154 0.0772093 0.078202 0.611939
2 0.152506 0.948483 0.074739 0.0739491 0.609757
1 0.981795 0.911588 0.0364105 0.0779171 0.609236
1 0.505446 0.524425 0.0782626 0.0777006 0.60835
1 0.132707 0.283544 0.0780892 0.0782304 0.606235
0 0.652175 0.981472 0.0755301 0.037055 0.605388
1 0.73722 0.851795 0.0782337 0.0781448 0.604241
2 0.0202212 0.584855 0.0404425 0.0727589 0.603681
1 0.522238 0.318354 0.0778131 0.0772999 0.601536
0 0.98074 0.466497 0.0384518 0.0803041 0.600154
2 0.349573 0.701189 0.0791855 0.0781916 0.598747
2 0.962654 0.960728 0.0745174 0.0748425 0.592997
0 0.629538 0.911785 0.0755033 0.0756771 0.586739
2 0.980897 0.628274 0.0382069 0.0765644 0.58589
0 0.718745 0.437617 0.0772562 0.0766576 0.584464
2 0.821688 0.8893 0.077742 0.0780827 0.583884
0 0.0305715 0.834361 0.0610886 0.0711865 0.583
0 0.653488 0.486985 0.0793817 0.0794881 0.580656
2 0.81625 0.0955041 0.0777039 0.0780012 0.579506
0 0.728535 0.391624 0.0781498 0.0775898 0.579009
2 0.622093 0.445195 0.0808702 0.0811522 0.578764
0 0.921382 0.424788 0.0778431 0.0784186 0.578121
2 0.699227 0.252585 0.0760902 0.0768069 0.575452
1 0.544954 0.430983 0.0779615 0.0780923 0.575425
0 0.918279 0.148561 0.0773058 0.0767191 0.572027
0 0.496303 0.971482 0.0754758 0.0570366 0.570318
1 0.622837 0.171117 0.0765514 0.0763253 0.569115
2 0.927016 0.249764 0.0777454 0.0776443 0.568615
1 0.391706 0.687331 0.0782602 0.0784691 0.568332
2 0.786807 0.245846 0.0775601 0.0775689 0.56792
1 0.213402 0.937128 0.0767795 0.076474 0.56728
2 0.79996 0.978114 0.0747949 0.0437713 0.566355
2 0.815627 0.522456 0.0770211 0.0765761 0.566294
2 0.851046 0.466991 0.0752174 0.0752964 0.563767
1 0.541242 0.601915 0.0793149 0.0795172 0.562418
1 0.434446 0.0216873 0.0776947 0.0433746 0.560645
1 0.033031 0.356514 0.066062 0.0763905 0.559877
2 0.966045 0.338727 0.0679096 0.0762927 0.558513
1 0.0268194 0.102294 0.0535657 0.078481 0.556203
2 0.960056 0.0704102 0.0769932 0.0778928 0.55008
2 0.971883 0.865552 0.0562337 0.0787823 0.548513
2 0.851949 0.418065 0.0747705 0.0748693 0.547685
1 0.947672 0.0999849 0.0782268 0.0788127 0.547553
1 0.219001 0.376784 0.0785859 0.0789928 0.547037
2 0.39645 0.937123 0.0777851 0.0777393 0.546806
2 0.943662 0.979215 0.0791266 0.0415707 0.546332
0 0.252723 0.542224 0.079251 0.0782866 0.545767
2 0.954854 0.02064 0.0775948 0.0412799 0.54211
1 0.658317 0.12709 0.0768154 0.0755896 0.540655
1 0.208349 0.101684 0.0793771 0.0802867 0.539017
2 0.867244 0.238969 0.0762882 0.0773476 0.534399
1 0.120321 0.329303 0.0772883 0.0774332 0.533421
2 0.839531 0.434961 0.0754406 0.0762102 0.53298
2 0.938811 0.211597 0.0782368 0.0784722 0.532515
0 0.385626 0.890943 0.0766956 0.0767559 0.530126
2 0.835045 0.0962838 0.0774706 0.0772845 0.528042
2 0.954725 0.79485 0.0795372 0.0760969 0.527599
1 0.0812594 0.408644 0.0768584 0.0772737 0.527418
1 0.841481 0.371374 0.0773747 0.0770408 0.522889
2 0.549092 0.944578 0.0791708 0.0782597 0.517504
2 0.477557 0.388685 0.0806042 0.08099 0.517234
1 0.476968 0.387355 0.0796174 0.0802577 0.515386
1 0.105242 0.0167357 0.076585 0.0334713 0.514323
2 0.785894 0.696067 0.0789392 0.0776396 0.513149
2 0.969194 0.919025 0.0616127 0.077499 0.512086
1 0.713738 0.24298 0.076238 0.0770359 0.505359
2 0.274314 0.764216 0.0783457 0.0777331 0.504104
1 0.530947 0.451682 0.0795815 0.0814427 0.503846
2 0.632556 0.872829 0.0759985 0.0762894 0.502178
2 0.306866 0.692491 0.0772635 0.076803 0.500825
