0 0.730928 0.675176 0.0674511 0.0659255 0.935084
0 0.613424 0.839839 0.0667313 0.0668583 0.931419
0 0.712558 0.765195 0.0660936 0.066449 0.928677
0 0.838524 0.895528 0.0687805 0.0694244 0.927977
0 0.75326 0.90666 0.0705255 0.0700729 0.927838
0 0.134619 0.835411 0.0669438 0.0669224 0.927578
0 0.491791 0.755749 0.0654114 0.0655517 0.927382
2 0.771085 0.588567 0.068927 0.0689892 0.927125
0 0.542269 0.847552 0.0664839 0.0658787 0.92689
0 0.753717 0.829193 0.0678221 0.0677511 0.926019
0 0.518882 0.787123 0.0653559 0.0650597 0.925748
0 0.742132 0.665173 0.0674969 0.0667025 0.925231
0 0.658389 0.754994 0.0661157 0.0661661 0.924011
0 0.555124 0.719842 0.0665358 0.0667635 0.92399
0 0.148929 0.835713 0.0666938 0.0675741 0.923601
0 0.650029 0.866366 0.0669126 0.067519 0.923508
0 0.819178 0.414819 0.071306 0.07125 0.923322
0 0.523331 0.589804 0.0681922 0.0676033 0.922654
0 0.770316 0.910892 0.0696936 0.0693317 0.922534
0 0.637996 0.687127 0.0666547 0.0664724 0.922372
0 0.456221 0.799167 0.066382 0.0660529 0.922217
0 0.778231 0.748925 0.0672863 0.06705 0.922128
0 0.453702 0.777161 0.0662131 0.0655079 0.921952
0 0.222471 0.782107 0.0658978 0.0671466 0.921392
0 0.942029 0.709675 0.0693972 0.0691833 0.921244
0 0.702364 0.64669 0.0667652 0.0674076 0.921181
0 0.407662 0.778953 0.066726 0.0665237 0.920842
0 0.470098 0.829649 0.0667002 0.0664568 0.920839
0 0.17926 0.803414 0.0672823 0.0665989 0.920796
0 0.633658 0.791479 0.0655439 0.0653068 0.920745
0 0.738629 0.643568 0.0667279 0.0685022 0.92066
0 0.843283 0.883439 0.0698078 0.0688421 0.920542
0 0.77683 0.871171 0.0673752 0.0686752 0.920534
0 0.582941 0.594253 0.0686186 0.0682577 0.920226
0 0.583878 0.742297 0.0654438 0.0654751 0.920086
0 0.566131 0.728249 0.065933 0.0662727 0.920067
0 0.567509 0.869613 0.067111 0.0669691 0.91987
0 0.759013 0.419583 0.0706423 0.0709047 0.919802
0 0.530355 0.75133 0.0661852 0.0654992 0.919472
0 0.174934 0.785723 0.0661039 0.0666891 0.919464
0 0.73232 0.781712 0.0672593 0.0670631 0.919391
0 0.527916 0.609028 0.0678092 0.0682518 0.919388
0 0.710251 0.739535 0.0660652 0.0657171 0.919357
0 0.794616 0.802268 0.0677092 0.0674288 0.919353
0 0.722363 0.651854 0.0672487 0.0668548 0.919053
0 0.579452 0.821553 0.0652334 0.0661776 0.918998
0 0.754864 0.634075 0.067962 0.0680544 0.918932
0 0.69329 0.736846 0.0663756 0.0659348 0.9189
0 0.673232 0.742507 0.0653999 0.0667518 0.918869
0 0.784958 0.430303 0.0703138 0.0708484 0.918856
0 0.726501 0.514537 0.0694757 0.0696044 0.918828
0 0.453127 0.751408 0.0661949 0.0654716 0.918765
0 0.844024 0.84144 0.0695351 0.0686329 0.918724
0 0.258881 0.784846 0.0661951 0.066055 0.918493
0 0.859796 0.462807 0.0704922 0.070539 0.918385
0 0.112324 0.898015 0.0661323 0.0662203 0.918384
0 0.651179 0.725989 0.0656713 0.0655806 0.918059
0 0.635471 0.822316 0.0671285 0.0668476 0.917846
0 0.86066 0.542154 0.0707783 0.0712917 0.917749
0 0.894444 0.427322 0.0722698 0.0719272 0.917707
0 0.77852 0.728047 0.0683565 0.0676001 0.917647
1 0.755242 0.558351 0.0687549 0.0683695 0.917641
0 0.7932 0.764582 0.0687948 0.0679823 0.917589
0 0.522154 0.854584 0.0668424 0.0667414 0.917331
0 0.507626 0.759662 0.0656183 0.0656185 0.917053
0 0.329499 0.850409 0.0678773 0.0666311 0.917029
0 0.919136 0.838109 0.0698349 0.0689953 0.916914
0 0.809035 0.778737 0.0678356 0.0678513 0.91676
0 0.588774 0.839333 0.0654387 0.0656162 0.916607
0 0.627214 0.749898 0.0656172 0.0653526 0.915846
0 0.91295 0.504548 0.0709736 0.07215 0.915801
2 0.711527 0.909541 0.0684359 0.0684071 0.915599
0 0.569323 0.71342 0.0671647 0.0655218 0.915507
0 0.183589 0.79509 0.0668451 0.0669588 0.915117
0 0.599217 0.793054 0.0655182 0.064764 0.915042
0 0.956123 0.7193 0.0696552 0.0691276 0.915033
0 0.250895 0.83556 0.0659987 0.0663424 0.91488
0 0.671942 0.77339 0.0664553 0.0659285 0.9146
2 0.947432 0.913868 0.0703951 0.0699278 0.91449
0 0.754678 0.861304 0.0688301 0.0680971 0.914356
0 0.509473 0.693824 0.0672882 0.0674712 0.91432
0 0.611565 0.803668 0.0649878 0.0654413 0.914319
0 0.77648 0.65092 0.0674946 0.0681795 0.914094
0 0.951423 0.855929 0.0693947 0.070471 0.914093
0 0.906627 0.522119 0.0712643 0.0711407 0.914087
0 0.54816 0.694861 0.0674253 0.067742 0.913956
0 0.537733 0.763101 0.0650351 0.0648636 0.91395
0 0.703483 0.621246 0.0677586 0.0678991 0.913846
0 0.0738943 0.881252 0.0656671 0.0664986 0.913608
0 0.0952224 0.894186 0.0666242 0.0664215 0.913378
0 0.888098 0.884345 0.068821 0.0697124 0.913353
0 0.0209141 0.760349 0.0418192 0.066837 0.91322
0 0.868243 0.940876 0.0703186 0.0698067 0.91312
0 0.573751 0.812938 0.065552 0.0651617 0.912965
0 0.662622 0.492108 0.0690009 0.0695614 0.912872
0 0.682105 0.654445 0.0671163 0.0670573 0.912689
0 0.909694 0.772522 0.0681076 0.0689669 0.912676
0 0.806237 0.841838 0.0685936 0.0687263 0.91257
0 0.935447 0.511118 0.0707102 0.070827 0.912497
0 0.0291865 0.856967 0.0583729 0.0655109 0.912477
0 0.855821 0.870182 0.0697723 0.0697109 0.912464
0 0.73678 0.504028 0.0688185 0.0695932 0.912299
0 0.578033 0.898954 0.0680904 0.0674591 0.912191
0 0.66585 0.459651 0.0700581 0.0696131 0.912167
0 0.756085 0.692065 0.067368 0.0672218 0.912069
0 0.772151 0.924244 0.0701518 0.0695328 0.911973
0 0.772199 0.663079 0.0684516 0.0668159 0.911888
0 0.561435 0.687326 0.0670685 0.0664569 0.911812
0 0.48865 0.798573 0.0656088 0.0659038 0.911705
0 0.605173 0.768978 0.0658525 0.0654823 0.911686
0 0.503092 0.938595 0.0682522 0.0676079 0.911525
0 0.82783 0.734276 0.0683783 0.0693071 0.911512
0 0.727008 0.451514 0.069911 0.0706835 0.911453
0 0.468939 0.706578 0.0669525 0.0668962 0.911431
2 0.731773 0.901878 0.0702879 0.0698765 0.911249
0 0.875399 0.731689 0.0680943 0.0695605 0.911204
0 0.406053 0.804119 0.0679699 0.0670372 0.911124
0 0.571623 0.787612 0.0653385 0.0646995 0.911111
0 0.875685 0.794206 0.0685616 0.0696772 0.911081
0 0.317278 0.779757 0.0674391 0.066931 0.91103
0 0.728854 0.419587 0.070535 0.0705257 0.910968
0 0.891238 0.481672 0.0718109 0.071645 0.910798
0 0.684517 0.766392 0.0664227 0.0658757 0.910731
0 0.590192 0.758047 0.0653069 0.0655478 0.9107
0 0.91997 0.882976 0.0697266 0.0695145 0.910636
0 0.562557 0.796406 0.0643584 0.0651176 0.910605
0 0.70779 0.853736 0.0687345 0.067848 0.910594
0 0.671963 0.87647 0.0677315 0.0671928 0.910504
0 0.809019 0.86103 0.0687225 0.0679726 0.910407
0 0.693578 0.532652 0.0692913 0.0693037 0.910379
0 0.0793195 0.897625 0.065542 0.0655762 0.910305
0 0.92832 0.68805 0.0684881 0.0681454 0.910201
0 0.615666 0.588878 0.0684176 0.0677801 0.910135
0 0.66881 0.692435 0.0665529 0.0661737 0.910082
0 0.43938 0.921953 0.068063 0.0682285 0.910074
0 0.459414 0.907445 0.0672428 0.0677738 0.909823
1 0.959431 0.0576686 0.0764935 0.0763557 0.909788
2 0.965331 0.910303 0.0684034 0.0695822 0.909767
1 0.492225 0.733182 0.0662391 0.0668308 0.909738
0 0.649146 0.916366 0.0669937 0.0675882 0.909723
0 0.358051 0.792005 0.0669645 0.0667183 0.909628
0 0.895584 0.796524 0.0694477 0.068955 0.909477
0 0.897769 0.820088 0.0689201 0.0695766 0.909428
0 0.564045 0.582837 0.0675261 0.0685446 0.909341
0 0.765297 0.48682 0.0703199 0.0704067 0.909326
0 0.792473 0.451983 0.0704531 0.070006 0.909248
0 0.611897 0.671354 0.0663061 0.0672764 0.909221
0 0.479943 0.812436 0.0659213 0.0654749 0.909111
0 0.95543 0.252585 0.0741745 0.0731283 0.908921
0 0.862958 0.381534 0.0717281 0.0724834 0.908907
0 0.683831 0.621854 0.067879 0.068189 0.908877
0 0.760196 0.8079 0.0671891 0.067445 0.90879
0 0.512526 0.92086 0.0669639 0.0676229 0.908775
0 0.441382 0.764154 0.0663357 0.0656643 0.908641
0 0.768365 0.605105 0.0691044 0.069047 0.908638
0 0.896666 0.467993 0.0714365 0.0725806 0.908584
0 0.867574 0.618431 0.0700628 0.0696587 0.908533
0 0.909437 0.643919 0.0692093 0.0694839 0.908182
0 0.340232 0.823014 0.0666787 0.0665142 0.90813
0 0.944483 0.654528 0.0687645 0.0686604 0.908015
0 0.466189 0.935997 0.0690065 0.0679382 0.907951
0 0.0736256 0.818055 0.0667979 0.0661587 0.907941
0 0.158158 0.941223 0.0667383 0.0669651 0.9079
0 0.771554 0.856805 0.0673315 0.0680277 0.907848
0 0.849003 0.725755 0.0692594 0.0683216 0.90767
2 0.831835 0.561174 0.0711483 0.0696396 0.907579
0 0.0564913 0.791081 0.0665674 0.0658972 0.907541
0 0.485326 0.954213 0.068862 0.0695557 0.907489
0 0.0911758 0.768549 0.0669124 0.0665388 0.907367
0 0.359689 0.827275 0.0668638 0.0665745 0.907343
0 0.664244 0.575097 0.0672056 0.0672062 0.907127
0 0.610875 0.901295 0.0670553 0.0670992 0.90708
0 0.854922 0.435445 0.0718483 0.0707996 0.90705
0 0.221142 0.946701 0.0663774 0.0660429 0.906997
0 0.863242 0.664235 0.0687248 0.0686061 0.906933
0 0.837941 0.66204 0.0685139 0.0682697 0.906832
0 0.518909 0.822164 0.0661262 0.0657831 0.906782
1 0.0249761 0.772917 0.0494466 0.0672853 0.906777
0 0.0755828 0.955337 0.0653884 0.0665928 0.906596
2 0.897519 0.544473 0.0703842 0.0708883 0.90657
1 0.922013 0.736486 0.0686905 0.0687673 0.906528
0 0.941339 0.638902 0.0689228 0.0686171 0.906516
2 0.921616 0.217854 0.073992 0.0738107 0.906493
2 0.751924 0.405276 0.0708029 0.0716301 0.906457
0 0.775649 0.624952 0.0677809 0.0682562 0.906455
0 0.650846 0.678 0.0656745 0.0665568 0.906311
0 0.43671 0.872537 0.0656633 0.0665508 0.906305
0 0.888912 0.909217 0.0694809 0.0702606 0.906275
2 0.779011 0.404389 0.0711046 0.0715334 0.906264
0 0.629859 0.570146 0.0682505 0.0684302 0.906043
0 0.828437 0.773808 0.0680096 0.0682669 0.90599
0 0.880083 0.431688 0.0724644 0.0719794 0.905979
0 0.420343 0.452705 0.0706979 0.0699877 0.905898
0 0.557038 0.616611 0.0682972 0.0677925 0.905777
0 0.946186 0.780416 0.0690447 0.0694765 0.905742
0 0.465319 0.890851 0.0672298 0.0665104 0.905734
0 0.231135 0.929184 0.0674456 0.0674603 0.905665
0 0.344642 0.891344 0.068063 0.0680103 0.905419
0 0.935333 0.808271 0.0684719 0.0697802 0.905352
2 0.152548 0.417749 0.069753 0.0695984 0.905351
0 0.973654 0.682945 0.0526916 0.0696597 0.905347
0 0.726488 0.854724 0.067442 0.0681219 0.905316
0 0.0381852 0.912899 0.0651327 0.065259 0.90531
0 0.453018 0.826641 0.0663527 0.0667232 0.905233
0 0.846484 0.750449 0.0693954 0.067819 0.905219
0 0.854354 0.682417 0.0694881 0.070322 0.904861
0 0.599629 0.831313 0.0646839 0.0665008 0.904737
0 0.862636 0.800019 0.0689196 0.0691219 0.904558
0 0.034069 0.937098 0.0650789 0.0648937 0.904555
0 0.68107 0.825688 0.0674326 0.0666687 0.904542
0 0.168746 0.750436 0.0662509 0.0658485 0.904537
0 0.136315 0.719783 0.0657793 0.0661419 0.904368
2 0.943151 0.408781 0.0734955 0.0734229 0.904333
0 0.0444546 0.850676 0.0667289 0.0656647 0.904241
0 0.674469 0.913806 0.0685306 0.067741 0.904193
0 0.944367 0.89739 0.0703926 0.0696018 0.904132
0 0.660575 0.739444 0.0657324 0.065991 0.904108
1 0.350566 0.657103 0.0685707 0.069511 0.904046
0 0.651022 0.662175 0.0664848 0.0658428 0.903931
0 0.432109 0.774458 0.0662799 0.0656201 0.903914
0 0.908779 0.408142 0.0735928 0.0734338 0.903818
0 0.0858491 0.947313 0.0649285 0.0654896 0.903761
0 0.881637 0.781461 0.0691391 0.0696249 0.903758
0 0.73352 0.472838 0.0698809 0.0699001 0.90373
0 0.635508 0.652707 0.0674421 0.0671888 0.903698
0 0.14646 0.89372 0.0667334 0.066415 0.903485
0 0.857986 0.698399 0.0693268 0.0685657 0.903471
1 0.967447 0.780049 0.065107 0.0701764 0.903434
0 0.548222 0.790478 0.0650831 0.0645554 0.903433
0 0.0221622 0.813 0.0441037 0.0662413 0.903305
0 0.287605 0.946617 0.0669438 0.0676041 0.903245
0 0.894896 0.641123 0.0699085 0.0689979 0.903245
1 0.0337192 0.425244 0.0674383 0.0695421 0.903235
0 0.716931 0.798103 0.0675472 0.0669226 0.902859
0 0.589085 0.694431 0.0659858 0.0671598 0.902857
0 0.349512 0.769241 0.0661361 0.0669262 0.902843
2 0.709309 0.961257 0.0703583 0.0692211 0.902837
2 0.967437 0.383637 0.0646643 0.0724376 0.902729
0 0.558775 0.857206 0.0672689 0.0664812 0.902666
0 0.447262 0.0346505 0.0740491 0.06911 0.902659
0 0.823741 0.71078 0.0688735 0.0684566 0.90265
0 0.743995 0.430224 0.0704891 0.0702875 0.902564
0 0.93161 0.233392 0.0736984 0.0727856 0.902409
2 0.69396 0.467697 0.0705248 0.0712316 0.902395
0 0.728276 0.770253 0.066531 0.067559 0.902348
2 0.681661 0.504357 0.0696749 0.0687874 0.902339
0 0.423199 0.808234 0.0668172 0.066391 0.902328
0 0.806784 0.724362 0.068701 0.0676973 0.902313
0 0.743299 0.966246 0.069861 0.067263 0.902238
0 0.819053 0.398646 0.0718794 0.0700758 0.902228
0 0.8993 0.503502 0.0711206 0.0716234 0.902119
2 0.256443 0.954564 0.0676574 0.0678043 0.901859
0 0.620458 0.698345 0.0667843 0.0669352 0.901847
0 0.774023 0.714751 0.0667939 0.0668397 0.901653
0 0.417302 0.0300621 0.0747158 0.0597477 0.901589
0 0.757474 0.620411 0.0687943 0.0683154 0.901519
0 0.757438 0.669565 0.0682394 0.0675619 0.901392
0 0.174817 0.416566 0.0699134 0.0704486 0.901284
0 0.170888 0.911867 0.0664099 0.0663746 0.901281
0 0.904701 0.560985 0.0710577 0.0694931 0.901276
0 0.861748 0.522473 0.0702053 0.0700634 0.901254
2 0.334724 0.919146 0.0682978 0.0686321 0.901232
0 0.38772 0.803291 0.0666423 0.0670017 0.901217
0 0.738428 0.613027 0.0667732 0.06695 0.901198
0 0.666944 0.793108 0.0664708 0.0664478 0.901167
0 0.0466827 0.87448 0.0652724 0.0656445 0.90094
0 0.710381 0.489828 0.0697486 0.0696081 0.90092
0 0.779962 0.675876 0.0685685 0.0670366 0.900917
0 0.854079 0.579761 0.070145 0.0702683 0.900788
0 0.690374 0.56247 0.0683805 0.0681839 0.900761
1 0.472517 0.211246 0.0710844 0.0712811 0.900725
0 0.832046 0.759751 0.0688206 0.0682568 0.90062
0 0.974111 0.435615 0.0517785 0.0731287 0.900456
0 0.922578 0.903488 0.0695515 0.0696829 0.900455
0 0.07407 0.936175 0.0653921 0.0651487 0.900336
0 0.746716 0.784993 0.0667733 0.0668892 0.900286
0 0.65694 0.6163 0.069037 0.0679478 0.900205
0 0.758655 0.582706 0.0686028 0.068549 0.900204
0 0.907353 0.627155 0.0686436 0.0690966 0.900172
2 0.469917 0.862074 0.0672605 0.0660374 0.90003
0 0.27512 0.78475 0.06599 0.0659807 0.899995
0 0.377202 0.880446 0.0670634 0.0674496 0.89989
0 0.266425 0.848611 0.0671041 0.0665791 0.899789
0 0.934337 0.474925 0.0718273 0.0713659 0.899724
0 0.741194 0.757118 0.0667696 0.0668852 0.899692
0 0.971875 0.831577 0.0562494 0.0698698 0.899691
0 0.869871 0.869569 0.0697596 0.0697807 0.899546
0 0.611831 0.786167 0.0651033 0.0652584 0.899445
0 0.690744 0.719309 0.0662941 0.0665239 0.899438
0 0.720608 0.664814 0.0668674 0.066263 0.899243
0 0.439929 0.825591 0.066297 0.0664957 0.898784
0 0.945135 0.792642 0.0695341 0.0693855 0.898765
0 0.764723 0.681735 0.0674918 0.0682037 0.898616
0 0.535892 0.860603 0.0674458 0.0668518 0.898429
0 0.97746 0.456798 0.0450807 0.0722093 0.898371
0 0.89199 0.723921 0.0692091 0.0681923 0.898077
0 0.700549 0.828196 0.066679 0.0672832 0.898062
0 0.834811 0.634469 0.0693913 0.0688774 0.898003
1 0.320007 0.156848 0.0721312 0.0716911 0.897826
0 0.0910705 0.907782 0.0662393 0.0662222 0.897747
0 0.308387 0.803436 0.066431 0.0664424 0.89758
0 0.621968 0.656223 0.0669876 0.0669559 0.897566
0 0.0752602 0.845342 0.0668074 0.0664291 0.897506
0 0.715446 0.438893 0.0708255 0.0699861 0.89744
0 0.240132 0.848708 0.0667817 0.0665665 0.897344
0 0.698121 0.551085 0.0684414 0.0672709 0.897148
0 0.802047 0.686096 0.0675942 0.067523 0.897138
0 0.675221 0.598925 0.0687884 0.0688456 0.897039
0 0.202392 0.798769 0.0669909 0.0669573 0.897038
0 0.497186 0.780973 0.065743 0.0666718 0.896986
0 0.591473 0.680791 0.0672714 0.0676104 0.896948
0 0.742549 0.954143 0.0702554 0.0704666 0.896928
0 0.97597 0.743707 0.0480595 0.0694234 0.896846
0 0.759129 0.706468 0.0669348 0.0667522 0.896798
0 0.961771 0.147889 0.0758686 0.0768016 0.896527
1 0.0491053 0.353572 0.068036 0.0682872 0.896456
0 0.216207 0.801847 0.0667881 0.0660664 0.896446
0 0.656926 0.560077 0.0687548 0.0680411 0.8964
1 0.743201 0.724299 0.0674278 0.0664104 0.896355
2 0.404508 0.913559 0.0673384 0.0669249 0.896338
0 0.821187 0.892823 0.0684383 0.0686848 0.896296
0 0.624928 0.631957 0.0680822 0.0685968 0.896269
0 0.649465 0.64237 0.0670002 0.0678813 0.896268
0 0.142705 0.866059 0.0672211 0.0664936 0.896209
0 0.680019 0.727276 0.0667988 0.0656914 0.896179
0 0.017748 0.97552 0.035496 0.0489602 0.896147
0 0.723331 0.636765 0.0673089 0.0674719 0.896126
0 0.881918 0.860977 0.0696526 0.068531 0.896112
1 0.0764333 0.652815 0.0671532 0.0671783 0.89609
0 0.896065 0.706809 0.0695196 0.0691053 0.89607
2 0.941899 0.152165 0.0762215 0.0763354 0.896021
0 0.963603 0.642595 0.0683193 0.0699329 0.895949
1 0.352242 0.740391 0.0666009 0.0666966 0.895689
1 0.589239 0.515835 0.0683388 0.0683695 0.895539
1 0.514972 0.383826 0.069685 0.0703871 0.895518
0 0.87493 0.69877 0.0685514 0.068659 0.895516
0 0.89074 0.444756 0.0716812 0.0717245 0.895514
1 0.411516 0.642935 0.0684341 0.0684675 0.895512
0 0.634896 0.726521 0.0659949 0.0651611 0.895506
0 0.838916 0.704722 0.0683041 0.0695716 0.895362
0 0.771072 0.838977 0.0677616 0.0674017 0.895276
0 0.860474 0.82828 0.0688351 0.0686187 0.895252
0 0.740795 0.705225 0.06744 0.0675297 0.89525
2 0.529545 0.571848 0.0682676 0.0678453 0.895174
1 0.493751 0.655987 0.0689623 0.0686258 0.895069
0 0.468892 0.956398 0.0697548 0.0690319 0.895022
0 0.971891 0.599508 0.0562174 0.0718024 0.894982
1 0.915634 0.147719 0.0754368 0.0752308 0.894974
1 0.904735 0.104231 0.0759832 0.0756827 0.89497
0 0.972034 0.470618 0.0559316 0.0708851 0.894848
0 0.836849 0.536157 0.0694502 0.0706436 0.894625
0 0.604429 0.887824 0.0678274 0.0668934 0.894465
0 0.163323 0.888004 0.065576 0.0659819 0.894422
1 0.583953 0.486279 0.068747 0.0687547 0.894332
1 0.071379 0.752572 0.0676204 0.0674481 0.89427
0 0.965415 0.429932 0.0691706 0.0719494 0.893938
0 0.634464 0.711786 0.0663721 0.0662592 0.893808
1 0.650237 0.138451 0.0737594 0.0739126 0.893773
0 0.809979 0.565852 0.0695343 0.0698931 0.893507
0 0.818428 0.692321 0.0695715 0.069411 0.89346
0 0.415445 0.758886 0.0665768 0.0671311 0.893443
0 0.676885 0.854638 0.0671282 0.0680136 0.893424
0 0.492629 0.859056 0.0659016 0.0663744 0.89334
0 0.290476 0.847645 0.0662791 0.0663202 0.893329
0 0.513383 0.545002 0.06644 0.0674795 0.893188
0 0.639323 0.614804 0.0680161 0.0676476 0.89312
1 0.693374 0.435703 0.0710322 0.0703064 0.892972
0 0.971391 0.566397 0.0572187 0.0711367 0.892949
1 0.469812 0.663912 0.0681788 0.0677088 0.892925
2 0.160995 0.408713 0.0695474 0.0696125 0.892908
0 0.620281 0.618793 0.0685926 0.068378 0.892905
2 0.421294 0.923453 0.0683812 0.0686359 0.892687
2 0.559896 0.235422 0.0721773 0.0718973 0.892591
1 0.494087 0.840258 0.0652323 0.0649059 0.892533
2 0.30152 0.82566 0.065203 0.0655792 0.892503
2 0.390608 0.855569 0.0666014 0.0670116 0.892488
0 0.670066 0.620351 0.0682088 0.0682394 0.89235
0 0.24207 0.826407 0.0668592 0.0660835 0.892336
1 0.910321 0.334363 0.0737602 0.0737459 0.892314
2 0.795645 0.747914 0.0682388 0.0672852 0.892281
0 0.968559 0.617717 0.0628817 0.0705092 0.892086
1 0.434378 0.513491 0.070501 0.0699202 0.892076
0 0.744631 0.457141 0.0703619 0.0704557 0.892029
0 0.716 0.819776 0.0675005 0.0683464 0.891799
2 0.835739 0.409864 0.0716701 0.0717104 0.891729
1 0.607326 0.557436 0.0686346 0.0688391 0.891676
1 0.104122 0.638941 0.0680914 0.0672197 0.891629
1 0.463787 0.617634 0.0685124 0.0692453 0.891404
0 0.962765 0.545049 0.069187 0.0705156 0.891382
0 0.549279 0.936975 0.0686744 0.0684296 0.891325
1 0.321477 0.131285 0.070465 0.0705327 0.891319
0 0.963723 0.169751 0.0725546 0.0758221 0.890904
1 0.531478 0.406488 0.0711037 0.0706479 0.890781
0 0.445336 0.726408 0.067191 0.0659087 0.890608
1 0.411215 0.663227 0.0674532 0.0672164 0.890468
1 0.375849 0.720955 0.06632 0.0673971 0.890308
0 0.532448 0.719845 0.0667889 0.0666391 0.890061
1 0.0871617 0.355523 0.0677422 0.0681715 0.889953
1 0.16421 0.279644 0.0706303 0.0713039 0.889945
0 0.600324 0.967184 0.0680866 0.0647678 0.88983
0 0.556071 0.809368 0.065002 0.0652498 0.889668
0 0.269431 0.884379 0.0683354 0.0675343 0.889616
1 0.841639 0.348857 0.0735779 0.0730346 0.889551
1 0.458265 0.193602 0.0718269 0.0717233 0.889479
0 0.520573 0.805604 0.0654119 0.0651075 0.889353
1 0.590742 0.143395 0.073206 0.0730249 0.889203
0 0.0820424 0.9257 0.0658275 0.066251 0.889194
1 0.0709166 0.473488 0.0713475 0.0714245 0.889123
0 0.907259 0.67173 0.0690775 0.069059 0.889009
1 0.797544 0.0843899 0.0766501 0.0761458 0.888981
1 0.507489 0.271387 0.0715496 0.0712671 0.88891
0 0.572089 0.888122 0.0677229 0.0671461 0.888888
0 0.882549 0.753527 0.0686657 0.0683635 0.888848
0 0.496421 0.810545 0.0656357 0.0647942 0.888816
0 0.937006 0.496924 0.0703129 0.0708553 0.888795
1 0.0447825 0.473891 0.0714738 0.0705479 0.888487
0 0.73125 0.694062 0.0668226 0.0665344 0.888269
0 0.965047 0.242325 0.069598 0.0726915 0.888182
0 0.580578 0.727616 0.0659117 0.0649834 0.888098
1 0.156633 0.237297 0.0710416 0.070856 0.88797
0 0.78912 0.700393 0.0676504 0.0673637 0.887966
1 0.50867 0.620552 0.0685802 0.0690262 0.887958
0 0.0248278 0.0580474 0.0495356 0.0704134 0.887926
1 0.455343 0.379641 0.0692722 0.0696686 0.887869
0 0.710829 0.675475 0.0664303 0.0660525 0.887845
1 0.172593 0.301864 0.0703031 0.0700582 0.887824
2 0.573732 0.195043 0.072315 0.0723465 0.887462
0 0.784526 0.642331 0.0687626 0.0692704 0.887408
1 0.535155 0.172204 0.0734577 0.0730164 0.887081
1 0.0984071 0.49328 0.0709542 0.0717713 0.887079
0 0.898589 0.396374 0.0727501 0.0731132 0.887043
1 0.516837 0.639557 0.0687531 0.0677086 0.886973
2 0.533538 0.964626 0.0705972 0.0688095 0.886841
1 0.437881 0.31346 0.0691956 0.0696649 0.886829
1 0.530658 0.423968 0.0697707 0.068786 0.886809
1 0.469948 0.232731 0.0722357 0.0719493 0.886802
0 0.935465 0.855192 0.0693951 0.0700308 0.886701
1 0.829213 0.324445 0.0730204 0.0727541 0.88659
1 0.352607 0.175558 0.0722346 0.0722411 0.886588
0 0.632655 0.931632 0.0683318 0.0687641 0.886574
1 0.551156 0.0362233 0.073652 0.071438 0.886518
1 0.678239 0.125207 0.0754854 0.0754659 0.886499
1 0.0454185 0.334554 0.0691375 0.0693865 0.886346
0 0.0199484 0.951409 0.0398968 0.0648493 0.8863
1 0.558788 0.297111 0.0716297 0.072319 0.88624
0 0.589879 0.864012 0.0661314 0.0658915 0.886218
0 0.50829 0.861165 0.0661663 0.0657124 0.886167
1 0.221353 0.566125 0.0702095 0.0702464 0.886115
2 0.966107 0.0314523 0.0677868 0.0629046 0.886091
0 0.723456 0.62077 0.0666729 0.0680322 0.88606
0 0.285371 0.821387 0.0664856 0.0668049 0.886055
0 0.881916 0.928064 0.0703884 0.069651 0.88604
1 0.766714 0.109231 0.0772569 0.0774869 0.886007
0 0.960675 0.606564 0.0692062 0.070015 0.885903
1 0.448704 0.624142 0.0690338 0.0695482 0.885891
0 0.96182 0.415103 0.072625 0.0734284 0.885855
0 0.975353 0.758752 0.0492939 0.0713862 0.885631
0 0.621109 0.600466 0.0685718 0.0671312 0.885559
0 0.968092 0.522271 0.0638168 0.0697712 0.885421
1 0.395602 0.388593 0.0683951 0.0680993 0.885396
0 0.559881 0.69936 0.0667204 0.0661503 0.885103
0 0.596225 0.73615 0.0655476 0.0656584 0.885057
1 0.0621188 0.669504 0.066986 0.0675119 0.885053
2 0.848174 0.614133 0.0686066 0.0695066 0.884993
0 0.610899 0.727605 0.0656969 0.0653861 0.884938
1 0.429995 0.294804 0.0697804 0.0696229 0.884936
1 0.493399 0.399924 0.0693335 0.0684623 0.884852
0 0.404818 0.715689 0.0680422 0.0673814 0.884751
1 0.067349 0.365595 0.0698465 0.0691342 0.88472
0 0.36739 0.903605 0.0675188 0.0678654 0.884691
0 0.812644 0.577401 0.0689183 0.0696153 0.884564
0 0.964947 0.272422 0.0701061 0.07242 0.884357
1 0.68623 0.230021 0.0727709 0.0732959 0.884251
0 0.158465 0.911365 0.067037 0.0667337 0.884145
0 0.560695 0.761068 0.0650254 0.0647381 0.883834
1 0.364462 0.453681 0.0701063 0.0701763 0.883795
1 0.449202 0.600128 0.0687263 0.0690739 0.883792
1 0.368194 0.181057 0.0721143 0.0720872 0.883788
1 0.474292 0.58317 0.0689832 0.0692446 0.88377
0 0.516946 0.751451 0.0665424 0.0655525 0.883675
1 0.879259 0.351918 0.0738016 0.0725819 0.883611
1 0.46308 0.314745 0.0693726 0.0696095 0.883567
1 0.446349 0.499 0.0701765 0.0694789 0.883552
0 0.684472 0.793851 0.067202 0.0671536 0.883528
1 0.325503 0.737079 0.0675374 0.0671619 0.883496
0 0.237156 0.873373 0.0662828 0.0670582 0.883445
0 0.115173 0.96356 0.0664674 0.0662167 0.883371
1 0.852548 0.364164 0.0733604 0.0730479 0.883345
0 0.260997 0.0647254 0.0721489 0.0728381 0.883322
2 0.952898 0.0794224 0.0763912 0.0763245 0.883272
1 0.847577 0.183116 0.0745253 0.0749936 0.883091
0 0.824113 0.496853 0.0695215 0.0702309 0.882912
0 0.825044 0.541776 0.0689426 0.0711213 0.882774
1 0.53399 0.542028 0.0665331 0.0666779 0.882679
0 0.894785 0.67687 0.0697434 0.069014 0.882454
0 0.842618 0.971933 0.0695793 0.0561337 0.8821
0 0.0569297 0.961637 0.0663166 0.0652275 0.882053
0 0.0880666 0.817212 0.0667215 0.0680803 0.881935
0 0.847224 0.511222 0.0704815 0.0705271 0.881833
1 0.471587 0.366814 0.0694049 0.0697835 0.88183
0 0.561171 0.836907 0.0663828 0.0659037 0.88176
0 0.0560414 0.775659 0.067474 0.0664485 0.881516
1 0.483108 0.621227 0.0693539 0.0692777 0.881344
1 0.372527 0.591576 0.0696419 0.0700108 0.881219
0 0.0435846 0.969909 0.0664036 0.0598919 0.880981
0 0.701746 0.501524 0.0691617 0.0684441 0.88095
1 0.474097 0.406253 0.0682272 0.0698282 0.880848
1 0.766075 0.0764099 0.0756033 0.0749745 0.880824
1 0.423704 0.328696 0.0690756 0.0690072 0.880315
1 0.408344 0.520412 0.0709219 0.0716533 0.879994
1 0.154569 0.260775 0.0714287 0.0704667 0.879894
1 0.341845 0.641443 0.0697403 0.0687094 0.879851
1 0.797986 0.359488 0.0725382 0.0722857 0.879512
0 0.851018 0.820412 0.0687984 0.0697472 0.879448
1 0.310455 0.714235 0.0678594 0.0676285 0.879442
1 0.491049 0.288006 0.0717182 0.0717039 0.879295
0 0.758269 0.757887 0.066845 0.0668339 0.878938
0 0.897227 0.836913 0.0687187 0.0686161 0.878778
1 0.326662 0.650841 0.0687447 0.0683969 0.878703
1 0.0498469 0.412564 0.0686246 0.0682783 0.87861
0 0.841216 0.927047 0.0697861 0.0691166 0.878551
1 0.888469 0.142903 0.0747284 0.0750967 0.87843
1 0.485498 0.601341 0.0688113 0.0678744 0.878137
0 0.950948 0.541206 0.0697857 0.0688223 0.87807
2 0.932153 0.572948 0.0705887 0.0690592 0.878038
1 0.0355589 0.546369 0.0696745 0.0708146 0.877886
0 0.0322686 0.81623 0.0627299 0.0664158 0.877879
0 0.736514 0.834162 0.0669531 0.0672527 0.877795
1 0.540944 0.18936 0.0729206 0.0716666 0.877722
1 0.61126 0.160219 0.0722429 0.0728537 0.877593
1 0.909571 0.369645 0.0732117 0.0735228 0.877583
2 0.552147 0.651679 0.06769 0.0674049 0.877436
1 0.25488 0.541986 0.0687531 0.0683388 0.877082
2 0.943302 0.181021 0.0746624 0.0740185 0.877034
1 0.914318 0.167816 0.075845 0.0757121 0.876885
0 0.582356 0.970999 0.0673084 0.0580027 0.876584
1 0.316296 0.378094 0.0715205 0.0709859 0.876407
1 0.224882 0.0656268 0.071074 0.071822 0.876303
1 0.341161 0.243189 0.0741775 0.073416 0.876263
0 0.211362 0.879083 0.0660221 0.0665508 0.876248
2 0.0987069 0.863566 0.0656177 0.0654457 0.876074
1 0.360984 0.404524 0.0699537 0.0702416 0.876022
0 0.738795 0.594417 0.0674512 0.0690277 0.87596
1 0.34644 0.209439 0.0730042 0.073047 0.875956
0 0.490498 0.823272 0.0658066 0.0660658 0.875831
0 0.535115 0.812181 0.0648214 0.0647564 0.875752
1 0.661162 0.389483 0.0726267 0.0722488 0.875615
1 0.0550238 0.588964 0.0686288 0.0681874 0.875521
1 0.0815035 0.501239 0.0716347 0.0708734 0.875485
1 0.526047 0.258674 0.0705576 0.0716376 0.875457
0 0.487605 0.918035 0.0669386 0.0682367 0.875226
0 0.627108 0.54832 0.0666225 0.0674103 0.875225
1 0.621501 0.263254 0.0706822 0.0705782 0.875109
0 0.436231 0.9686 0.0693335 0.0627992 0.875069
1 0.560609 0.479844 0.0684795 0.0685358 0.875064
0 0.962953 0.482391 0.0694954 0.070698 0.875039
1 0.883012 0.073584 0.0738411 0.0741947 0.87501
2 0.372521 0.944918 0.0688436 0.0683453 0.875005
0 0.0219632 0.896148 0.0439264 0.0652279 0.87473
1 0.327978 0.699938 0.0686972 0.0678795 0.874724
1 0.330578 0.350132 0.0720445 0.0711491 0.874703
1 0.133801 0.7561 0.0679213 0.0669217 0.874535
1 0.949349 0.972079 0.069117 0.055842 0.874399
1 0.864227 0.164804 0.0739128 0.0735274 0.874107
1 0.259275 0.32182 0.071436 0.0710438 0.873946
1 0.903059 0.0852816 0.0757875 0.0757364 0.873827
1 0.108943 0.803886 0.0673882 0.067096 0.873792
0 0.874727 0.532821 0.0697334 0.071839 0.873658
1 0.394083 0.174761 0.0717482 0.0707546 0.873592
1 0.192121 0.319181 0.0716822 0.0718389 0.873418
0 0.679963 0.53859 0.0695388 0.0687801 0.87293
0 0.688018 0.587247 0.067329 0.0676627 0.872918
1 0.2685 0.355253 0.0716015 0.0709709 0.872713
1 0.72642 0.159901 0.0759338 0.0760582 0.872633
0 0.838102 0.855394 0.0678162 0.0688202 0.872581
1 0.767836 0.135459 0.0757303 0.0757091 0.872161
1 0.0501428 0.389573 0.0688356 0.0694437 0.872161
1 0.65174 0.340745 0.072325 0.0716853 0.872052
1 0.657491 0.366151 0.0735155 0.0729204 0.871932
1 0.794932 0.251538 0.0725941 0.0733512 0.871892
0 0.162043 0.828904 0.0673034 0.0674349 0.871813
0 0.822975 0.879066 0.0675674 0.068412 0.871631
1 0.578762 0.451149 0.0690405 0.0687864 0.871541
1 0.460576 0.427863 0.0688225 0.0687137 0.871316
0 0.439672 0.795512 0.0654662 0.0661642 0.871211
0 0.934241 0.915072 0.0683437 0.068589 0.870707
1 0.142759 0.779245 0.0660765 0.0661253 0.870478
1 0.877791 0.0990924 0.0750851 0.0750306 0.870178
0 0.0687844 0.925831 0.065737 0.0654602 0.870126
0 0.464514 0.970168 0.0691338 0.0596643 0.86977
1 0.304589 0.490563 0.0683694 0.0682335 0.869564
0 0.700949 0.888861 0.068872 0.0684635 0.869534
0 0.716008 0.967939 0.0699764 0.0641219 0.869322
1 0.676682 0.322962 0.072061 0.0719019 0.869097
1 0.526493 0.0776608 0.0744396 0.0735049 0.869071
1 0.318676 0.0960402 0.0704287 0.0692411 0.868894
0 0.752555 0.494294 0.0707124 0.0711699 0.868681
1 0.64966 0.255272 0.0718544 0.0725019 0.86849
0 0.886097 0.596725 0.0697525 0.0699526 0.868466
1 0.549136 0.823183 0.064761 0.0651983 0.868325
1 0.705423 0.213951 0.0743711 0.0738639 0.868242
0 0.649999 0.770737 0.0651129 0.066221 0.868159
0 0.0985476 0.977562 0.0663836 0.0448761 0.868087
1 0.361418 0.43254 0.0698578 0.0708409 0.867783
0 0.284129 0.980272 0.0681525 0.0394567 0.867726
0 0.705718 0.751619 0.0667952 0.065905 0.867679
1 0.644735 0.312083 0.0736172 0.072921 0.867592
0 0.0255655 0.887714 0.0506356 0.0652786 0.867385
1 0.406519 0.610028 0.0683833 0.0689619 0.867353
0 0.0296764 0.924898 0.0593527 0.0650654 0.867276
0 0.593534 0.80608 0.0655172 0.0657528 0.867148
1 0.232215 0.586812 0.0711462 0.0702876 0.86713
0 0.163392 0.0638918 0.0700109 0.0693619 0.866904
0 0.0513184 0.920886 0.0656759 0.0655296 0.866788
0 0.0276658 0.830466 0.0550973 0.0648565 0.866628
1 0.420689 0.588537 0.0693957 0.0692743 0.866623
0 0.809326 0.55305 0.0696615 0.0691829 0.866593
2 0.261335 0.981511 0.0679795 0.036978 0.866554
1 0.894419 0.294564 0.0744759 0.0748328 0.866401
1 0.824802 0.250694 0.0733143 0.0734356 0.866379
1 0.926217 0.296364 0.073843 0.0738854 0.866331
0 0.340657 0.964548 0.0697804 0.0677019 0.866145
1 0.148257 0.300166 0.0698119 0.0690287 0.865418
1 0.450635 0.643652 0.0690855 0.0697319 0.864742
0 0.559234 0.96501 0.0697787 0.0672287 0.864649
1 0.430572 0.537776 0.0707914 0.0699696 0.864581
1 0.69404 0.183159 0.0751287 0.0744658 0.864397
1 0.831049 0.0375367 0.0760002 0.0745514 0.86394
2 0.238803 0.897401 0.065589 0.0670734 0.863535
2 0.530353 0.238898 0.0707912 0.0705407 0.863278
0 0.670933 0.640883 0.067637 0.0681173 0.863187
1 0.733929 0.0384264 0.0765619 0.0759629 0.863021
1 0.542877 0.44565 0.0680202 0.0681573 0.862854
0 0.547826 0.753145 0.0652786 0.0646669 0.862771
0 0.687393 0.749553 0.066143 0.0664912 0.862693
0 0.623855 0.830502 0.0661549 0.0675163 0.862504
1 0.866967 0.321572 0.0726465 0.0722738 0.861712
0 0.185477 0.907256 0.0666134 0.0666233 0.861643
1 0.0366836 0.461087 0.0679485 0.0672988 0.861583
2 0.882995 0.21859 0.0745174 0.0747443 0.861315
0 0.416303 0.726071 0.0661304 0.0659575 0.86127
1 0.207274 0.337231 0.0697819 0.0698327 0.861057
0 0.582416 0.799797 0.0655008 0.065274 0.861051
2 0.527671 0.493909 0.0679469 0.0684192 0.860672
0 0.719174 0.577372 0.0679359 0.066885 0.860633
1 0.277339 0.750055 0.0672785 0.0668029 0.860458
0 0.0185905 0.0670056 0.037181 0.0697931 0.860435
0 0.100028 0.87925 0.065787 0.0663685 0.860407
2 0.170428 0.0464271 0.0714215 0.07091 0.860185
1 0.800951 0.211351 0.0747433 0.0750199 0.859842
1 0.429874 0.414188 0.0698198 0.0695072 0.859623
2 0.402381 0.261171 0.0713379 0.0708578 0.859614
1 0.384697 0.109021 0.0718628 0.0718109 0.859591
1 0.13838 0.287963 0.0697533 0.069344 0.859375
1 0.252895 0.601359 0.0709462 0.0709543 0.859339
0 0.90188 0.854397 0.0684483 0.0691641 0.858583
1 0.032388 0.386291 0.064776 0.0691586 0.858295
0 0.976518 0.394621 0.0469633 0.0727262 0.858142
1 0.917278 0.712096 0.0696804 0.0681097 0.85803
0 0.322303 0.973802 0.0694115 0.0523964 0.857995
2 0.868888 0.847301 0.0692394 0.0688663 0.857865
1 0.387307 0.757192 0.0663608 0.0669888 0.857823
0 0.928225 0.610776 0.0690914 0.0684183 0.857486
1 0.537763 0.0549883 0.0733799 0.0733222 0.857307
2 0.681995 0.963519 0.0704517 0.0683548 0.856823
0 0.754685 0.843235 0.0675076 0.067157 0.856621
1 0.13524 0.265816 0.0700753 0.0699429 0.856345
2 0.326134 0.870223 0.0677196 0.0679726 0.856159
0 0.962263 0.703784 0.0691601 0.0698252 0.855698
1 0.633724 0.13349 0.0739277 0.0733976 0.855624
1 0.435929 0.0761462 0.0728289 0.0731316 0.855527
2 0.938707 0.200948 0.073325 0.0747276 0.85533
2 0.39214 0.236628 0.0710708 0.0710855 0.855211
0 0.979014 0.0241594 0.0418617 0.0473676 0.85511
0 0.117306 0.882253 0.0674048 0.0673904 0.854388
0 0.978179 0.283255 0.0435823 0.072719 0.854202
0 0.699869 0.609811 0.0673529 0.068187 0.853296
1 0.911135 0.951036 0.0698153 0.0699814 0.852944
1 0.555619 0.319829 0.0702496 0.0700411 0.852804
0 0.0608201 0.939526 0.0651702 0.0650932 0.852791
2 0.271526 0.974035 0.0688597 0.0519146 0.852652
1 0.368574 0.611816 0.0698631 0.0685767 0.852633
0 0.48899 0.978923 0.0674278 0.0421537 0.852595
0 0.525816 0.735102 0.0652372 0.0658133 0.852524
1 0.309955 0.674154 0.0694679 0.0689939 0.852324
0 0.546502 0.740422 0.065385 0.0654007 0.852066
1 0.668986 0.293968 0.0715515 0.071593 0.851747
0 0.867946 0.430845 0.0717955 0.0718981 0.850664
1 0.588812 0.384379 0.0700199 0.0705503 0.850458
0 0.509674 0.735924 0.0658686 0.0658346 0.850265
2 0.530758 0.218488 0.0724632 0.0722452 0.849931
0 0.530164 0.977679 0.0695335 0.0446422 0.849898
1 0.564966 0.426749 0.0697549 0.0695483 0.84988
1 0.476317 0.500672 0.0698982 0.0690044 0.849687
0 0.737734 0.981879 0.0697409 0.0361918 0.8496
1 0.709711 0.286056 0.0725985 0.0723051 0.849598
2 0.960362 0.188023 0.0744076 0.0747575 0.849475
2 0.87727 0.977746 0.0709713 0.0445081 0.849026
1 0.503394 0.175386 0.0716819 0.0710386 0.849007
0 0.652146 0.71424 0.0665167 0.0654787 0.848972
1 0.116615 0.659994 0.0668899 0.0664 0.848598
0 0.505462 0.825816 0.0658459 0.0653524 0.848447
0 0.633354 0.91962 0.0671967 0.0672298 0.848279
1 0.238977 0.621122 0.0700374 0.0704077 0.848193
2 0.814831 0.976597 0.070639 0.046579 0.847929
1 0.833316 0.159617 0.0752935 0.0754535 0.847369
0 0.775264 0.466457 0.0695425 0.0696134 0.847217
1 0.965674 0.889922 0.0676727 0.0697094 0.846493
1 0.430768 0.351087 0.0693251 0.0681285 0.846413
2 0.582819 0.212665 0.0725782 0.0718476 0.846259
0 0.798817 0.625268 0.0677744 0.0679489 0.846155
0 0.977152 0.57442 0.0456953 0.0718775 0.845681
1 0.343335 0.329594 0.0714437 0.0709102 0.844842
1 0.179725 0.471695 0.0710514 0.0710215 0.844214
0 0.930116 0.526757 0.0713818 0.0696673 0.843543
1 0.297524 0.724329 0.0680449 0.0677431 0.843516
1 0.976375 0.219761 0.0472509 0.0705692 0.843499
1 0.928092 0.378928 0.0729988 0.072364 0.843413
1 0.38069 0.320441 0.0699417 0.0691471 0.843202
0 0.6982 0.763803 0.0663675 0.0653072 0.84293
1 0.637503 0.283693 0.0719159 0.0727553 0.842665
0 0.538762 0.776797 0.0654406 0.0651937 0.842597
1 0.368008 0.235059 0.0736028 0.0732581 0.842358
1 0.422613 0.506938 0.0703515 0.0711847 0.841948
0 0.508644 0.816482 0.065563 0.065947 0.841811
2 0.353312 0.857867 0.0677267 0.0681232 0.841409
0 0.854208 0.712418 0.0695137 0.06807 0.841018
1 0.128677 0.819181 0.066549 0.06683 0.84088
2 0.0299356 0.952573 0.0598713 0.065686 0.840697
0 0.053983 0.98266 0.0657831 0.0344887 0.840401
0 0.327667 0.802229 0.0667414 0.0663891 0.840045
2 0.121194 0.231474 0.0721141 0.0722444 0.839862
1 0.775508 0.172718 0.074571 0.0745085 0.8395
1 0.379373 0.302817 0.0700455 0.0697278 0.83918
0 0.575148 0.633447 0.0674929 0.068501 0.83891
0 0.435031 0.72242 0.0661688 0.0668621 0.838831
0 0.19936 0.932716 0.0669777 0.0675871 0.838699
0 0.472881 0.790268 0.0663389 0.0654934 0.83824
0 0.0453143 0.777067 0.0672045 0.0665943 0.838182
1 0.0258806 0.566127 0.0517612 0.066242 0.838141
0 0.558235 0.592708 0.0673966 0.0674419 0.837978
0 0.969529 0.0612468 0.0609425 0.0755198 0.837909
1 0.470459 0.476994 0.0688032 0.0694925 0.837871
1 0.284401 0.422942 0.0718174 0.0715072 0.837524
2 0.565836 0.223106 0.0715942 0.0709253 0.837501
1 0.341865 0.717019 0.069616 0.0687414 0.837124
1 0.981882 0.0607987 0.0359789 0.0745418 0.836891
0 0.8372 0.675842 0.0692478 0.0684782 0.836835
0 0.922966 0.824407 0.0698036 0.0689261 0.836777
0 0.0166645 0.961439 0.0332436 0.0641972 0.836578
1 0.592202 0.12378 0.0735801 0.0738679 0.836458
0 0.0399003 0.980357 0.0673121 0.0392866 0.836384
1 0.381239 0.554208 0.0694486 0.0692128 0.835767
1 0.296364 0.68785 0.0690923 0.0675943 0.835671
1 0.752392 0.157613 0.0762217 0.0757818 0.835417
0 0.816982 0.83172 0.0686894 0.0686752 0.835253
1 0.0345651 0.442903 0.0684458 0.0693645 0.835136
0 0.610663 0.751745 0.0648212 0.0653736 0.83507
0 0.63458 0.669152 0.0670328 0.0673681 0.835028
0 0.896772 0.594426 0.0689322 0.0687595 0.834374
1 0.589117 0.358279 0.0710355 0.0717388 0.834329
1 0.326242 0.280656 0.0721048 0.0716009 0.833735
1 0.432744 0.597356 0.0697765 0.0688322 0.833235
1 0.0226085 0.374344 0.0452169 0.0680875 0.832378
0 0.200441 0.967524 0.0658035 0.063644 0.831544
1 0.280452 0.525017 0.0677015 0.0680768 0.831465
0 0.979014 0.498493 0.0419724 0.0698799 0.831448
2 0.148042 0.707901 0.0665214 0.0670563 0.831398
1 0.360956 0.379298 0.0702588 0.070507 0.831207
0 0.969792 0.554715 0.0604155 0.0720149 0.830553
0 0.417453 0.745937 0.066951 0.0669041 0.830253
0 0.689406 0.601182 0.0676243 0.0673876 0.830102
1 0.113923 0.539475 0.0703624 0.0704899 0.829661
1 0.0292397 0.184556 0.0584794 0.0724603 0.8293
1 0.517762 0.291887 0.0703089 0.0702219 0.828931
1 0.446929 0.209686 0.0713584 0.0709944 0.828798
1 0.186411 0.556716 0.069923 0.0710371 0.828464
1 0.659619 0.0362938 0.0750715 0.072202 0.828204
1 0.121009 0.520403 0.0706219 0.0706984 0.827109
1 0.873516 0.277803 0.0732761 0.0729189 0.826819
1 0.366255 0.270224 0.070821 0.0712525 0.826765
0 0.981592 0.529071 0.0368168 0.0697738 0.82669
2 0.144296 0.958553 0.0644923 0.0652386 0.826633
1 0.378122 0.506619 0.0696926 0.0696753 0.826144
1 0.304607 0.27862 0.074046 0.0738221 0.825777
2 0.436753 0.235777 0.0701766 0.0699667 0.825034
1 0.023644 0.45134 0.047288 0.0693672 0.824265
2 0.640047 0.97333 0.068745 0.0531433 0.823841
0 0.392838 0.784451 0.0672669 0.0664759 0.82369
0 0.936376 0.538471 0.0692949 0.0693594 0.822356
1 0.83534 0.271111 0.0738253 0.0736644 0.821755
1 0.115594 0.2546 0.0714912 0.0717507 0.821713
1 0.195845 0.19166 0.0724227 0.0726646 0.820466
0 0.657388 0.588877 0.0685021 0.0680273 0.820403
0 0.406788 0.877602 0.0674849 0.0665012 0.820202
0 0.553262 0.772394 0.0650961 0.0646877 0.819332
0 0.646808 0.950605 0.0685408 0.0681049 0.819318
2 0.219787 0.0234924 0.0717435 0.0469849 0.818576
2 0.213845 0.770757 0.0661134 0.0666258 0.818391
1 0.489389 0.256459 0.0717537 0.0727346 0.817848
1 0.209603 0.359213 0.0698724 0.0697604 0.817726
2 0.0649758 0.197604 0.0703333 0.0707933 0.816993
0 0.171753 0.979019 0.065819 0.041962 0.816625
0 0.127076 0.917392 0.0664953 0.0667412 0.816466
1 0.665541 0.0254491 0.0730831 0.0508983 0.816157
1 0.759309 0.874447 0.0685727 0.0676134 0.815429
0 0.795847 0.420259 0.0710956 0.0715172 0.81515
0 0.0160633 0.90539 0.0321265 0.0635792 0.81498
0 0.610839 0.943002 0.0676838 0.0675697 0.814907
1 0.608717 0.467863 0.0680754 0.0681046 0.814366
1 0.172331 0.685797 0.0675414 0.0678627 0.814103
0 0.831391 0.976833 0.0708471 0.04632 0.812513
1 0.202245 0.375069 0.0703179 0.0699824 0.81246
0 0.81562 0.746385 0.0684211 0.0683199 0.81218
1 0.273058 0.722991 0.0680629 0.0683123 0.811719
0 0.58357 0.882553 0.0672729 0.0681463 0.811217
0 0.133316 0.700025 0.0665531 0.0658259 0.8111
2 0.763671 0.940349 0.0692378 0.069174 0.810462
1 0.210139 0.295433 0.070531 0.070979 0.809807
1 0.435883 0.169319 0.0710932 0.0721761 0.809679
1 0.622475 0.367402 0.0715309 0.0713935 0.809661
2 0.114437 0.380936 0.0689093 0.0689394 0.809509
2 0.255327 0.0222166 0.0737971 0.0436328 0.808344
0 0.834324 0.426776 0.071216 0.0706367 0.807845
2 0.80734 0.533825 0.0701756 0.0696526 0.807619
0 0.975818 0.611563 0.0483649 0.0716568 0.806637
0 0.707557 0.377347 0.0728207 0.072769 0.806022
0 0.964389 0.762937 0.0668602 0.0680351 0.80569
1 0.6243 0.470706 0.0673821 0.068812 0.805627
1 0.590126 0.433246 0.0699156 0.0695486 0.805501
1 0.826507 0.0216433 0.0740974 0.0432866 0.804621
1 0.304372 0.742922 0.0686491 0.0682638 0.804058
0 0.646355 0.743632 0.0668184 0.0668837 0.803925
2 0.0791053 0.867174 0.0664888 0.0654568 0.80375
0 0.973863 0.924939 0.0522741 0.0694168 0.803281
1 0.209486 0.669508 0.0678789 0.068527 0.803113
0 0.668737 0.530037 0.0693559 0.068742 0.802662
2 0.935747 0.0873569 0.0765312 0.076433 0.801761
2 0.269942 0.866269 0.0678116 0.0676245 0.801067
1 0.692146 0.0677422 0.0751316 0.0754685 0.800428
1 0.615189 0.204349 0.0728077 0.0725689 0.798033
1 0.236046 0.648457 0.0699586 0.0702085 0.797205
2 0.768427 0.534488 0.0699332 0.0701148 0.796224
0 0.142727 0.98068 0.0640697 0.0386406 0.794391
1 0.705546 0.266277 0.0727966 0.0724813 0.794114
0 0.0159405 0.859214 0.031881 0.065469 0.793378
0 0.262012 0.810514 0.0662177 0.0664419 0.792129
0 0.687698 0.665639 0.0671118 0.0660284 0.792059
0 0.833133 0.51466 0.0701202 0.0696909 0.792023
0 0.161871 0.779748 0.0666139 0.0660843 0.791381
0 0.701807 0.446407 0.0705118 0.0711466 0.791006
1 0.806689 0.0435716 0.0750183 0.0742172 0.790479
0 0.517067 0.943314 0.069804 0.0698158 0.789972
1 0.46458 0.561434 0.0691872 0.0694527 0.789561
1 0.601295 0.273244 0.071203 0.0713768 0.789479
1 0.795418 0.230049 0.0742594 0.0743114 0.788544
2 0.700452 0.944901 0.0688248 0.0698313 0.788278
1 0.0287307 0.288005 0.0574614 0.0690473 0.787874
0 0.633613 0.902301 0.0678478 0.0678438 0.787415
0 0.852925 0.629979 0.0694721 0.0697778 0.786541
2 0.213475 0.982561 0.0674994 0.0345869 0.786188
0 0.923083 0.655474 0.0683388 0.0693642 0.78432
1 0.7129 0.0593951 0.0757442 0.0761526 0.78392
0 0.666995 0.676274 0.0667877 0.0660164 0.782318
1 0.330387 0.262271 0.072162 0.0717939 0.781649
1 0.97903 0.243303 0.0419401 0.0741604 0.781438
0 0.46055 0.812286 0.0662948 0.0654583 0.780364
1 0.164429 0.496965 0.0707463 0.0711212 0.77973
1 0.731342 0.312952 0.0716358 0.0715151 0.778481
1 0.339047 0.572911 0.0692153 0.0692805 0.778215
1 0.0264661 0.08463 0.0529323 0.067524 0.776979
1 0.849125 0.0579983 0.0740437 0.0735469 0.776251
1 0.497945 0.359063 0.0702398 0.0705935 0.7754
1 0.260387 0.297436 0.0726168 0.0729625 0.774783
1 0.580818 0.566201 0.067387 0.0673267 0.774372
1 0.85706 0.89232 0.0690016 0.0687223 0.772885
2 0.0157277 0.937404 0.0314554 0.0646948 0.77264
2 0.764013 0.508624 0.0700726 0.070529 0.771921
1 0.524058 0.351486 0.069976 0.0701198 0.76963
1 0.356879 0.196179 0.0724426 0.0715628 0.769343
1 0.753543 0.041833 0.0755581 0.0750605 0.769279
1 0.774847 0.773831 0.0664263 0.0668685 0.767601
1 0.286805 0.446398 0.0693253 0.069521 0.76734
1 0.717736 0.240152 0.0735819 0.0728366 0.766416
1 0.431608 0.136778 0.0709778 0.0710339 0.766256
1 0.123568 0.295268 0.0664482 0.0676052 0.765309
1 0.947552 0.343298 0.0723206 0.071899 0.764668
2 0.676323 0.970696 0.0683193 0.0586078 0.763784
1 0.190009 0.220344 0.0730133 0.0727609 0.763671
1 0.386658 0.128592 0.0709735 0.0709112 0.763482
1 0.975541 0.90412 0.0489182 0.0699236 0.762565
2 0.69769 0.980938 0.0696798 0.0381234 0.761586
2 0.375854 0.0201116 0.0747017 0.0402231 0.761207
1 0.667332 0.0946158 0.0755844 0.0755237 0.759967
1 0.97121 0.318986 0.057579 0.0688987 0.759549
0 0.68656 0.843954 0.0667213 0.0676025 0.75891
1 0.208309 0.0923771 0.0723025 0.0717265 0.757517
1 0.21156 0.270285 0.0711592 0.071909 0.75693
0 0.564327 0.564565 0.0673332 0.0671274 0.755099
1 0.785001 0.153961 0.0746142 0.0748934 0.755031
2 0.613406 0.982275 0.0691479 0.0354496 0.753472
1 0.369586 0.813053 0.0668169 0.0659069 0.751934
1 0.230843 0.355241 0.0712461 0.0709447 0.748606
0 0.0438743 0.944461 0.065824 0.0653793 0.747134
1 0.47346 0.0232046 0.0731459 0.0464092 0.745302
2 0.894352 0.241004 0.0742334 0.0746495 0.743237
1 0.644174 0.211998 0.0718898 0.0718136 0.73972
1 0.295113 0.178443 0.0729618 0.0725079 0.739329
0 0.961044 0.676732 0.0680969 0.0681028 0.738731
0 0.795704 0.670079 0.0675691 0.0684465 0.736889
2 0.97883 0.79559 0.0423403 0.069956 0.736136
1 0.485011 0.443284 0.0682187 0.0689079 0.734169
0 0.736782 0.795967 0.0670576 0.0678371 0.733277
1 0.0329556 0.206322 0.0659111 0.071729 0.7332
0 0.874342 0.635368 0.0683449 0.068641 0.732728
2 0.254493 0.0904997 0.0730661 0.0721773 0.731677
1 0.798225 0.0307948 0.0742243 0.0613941 0.73018
1 0.209572 0.598941 0.0697207 0.0689323 0.728401
2 0.951601 0.0233989 0.0762978 0.0466231 0.727271
1 0.663466 0.176554 0.0726187 0.0726929 0.727066
1 0.225729 0.404905 0.0704355 0.0708561 0.725206
1 0.627832 0.231475 0.0712316 0.0726822 0.724679
1 0.352821 0.623094 0.0689865 0.0685081 0.72436
1 0.885043 0.375206 0.0733416 0.0733376 0.72362
0 0.722422 0.753326 0.0667043 0.0661485 0.722531
1 0.56268 0.339725 0.07066 0.0706929 0.721952
1 0.827243 0.373727 0.0724617 0.0735513 0.720475
1 0.266983 0.421028 0.0705492 0.0713175 0.720167
1 0.752584 0.18021 0.0743666 0.0743914 0.7199
2 0.195963 0.0311262 0.0711405 0.0611426 0.717701
0 0.822359 0.447481 0.0706635 0.0708969 0.71677
0 0.143728 0.957131 0.0654539 0.0658457 0.713874
1 0.584178 0.257822 0.0696672 0.0703251 0.712878
0 0.35928 0.973311 0.0693653 0.0533783 0.712535
2 0.550089 0.497135 0.0670029 0.0685544 0.712489
1 0.489082 0.468167 0.0675608 0.0681248 0.712009
1 0.730712 0.0770342 0.0738182 0.0752901 0.711692
1 0.802488 0.180401 0.0739355 0.0739656 0.707952
2 0.0539616 0.194328 0.0714912 0.072132 0.707519
0 0.523837 0.840742 0.0653206 0.0647543 0.705504
0 0.0203713 0.786774 0.0407427 0.0627777 0.703802
1 0.311063 0.253607 0.0717583 0.0718154 0.700796
1 0.0895781 0.722395 0.0661648 0.0667553 0.70038
0 0.0183716 0.798461 0.0367432 0.0663284 0.698216
1 0.815572 0.344986 0.0718939 0.0721239 0.697641
1 0.606323 0.285699 0.0706213 0.0707553 0.696965
1 0.623981 0.33684 0.0720262 0.0715506 0.694676
0 0.767604 0.448405 0.0708452 0.0696938 0.693782
2 0.177408 0.342196 0.0698269 0.0700749 0.69225
2 0.509862 0.908046 0.0673136 0.0680479 0.690814
0 0.757777 0.445029 0.0709235 0.0705976 0.690149
1 0.567971 0.37045 0.0707909 0.0710532 0.68966
1 0.389638 0.405859 0.0703214 0.0705976 0.688343
1 0.780763 0.221406 0.0734212 0.0738966 0.688017
1 0.186113 0.0533207 0.0710849 0.0709182 0.687989
2 0.565684 0.981078 0.0693797 0.0378433 0.686696
0 0.0520691 0.836326 0.0667445 0.0659725 0.685434
1 0.369775 0.149475 0.0707192 0.0708025 0.683089
1 0.515675 0.0297025 0.0743084 0.059343 0.682412
1 0.692863 0.0356322 0.0755735 0.0704864 0.680837
2 0.799184 0.625367 0.0687487 0.0681444 0.680688
1 0.183108 0.595638 0.0686352 0.0693757 0.679589
0 0.612869 0.966573 0.0685104 0.0645012 0.67949
0 0.343512 0.786099 0.0671846 0.0662559 0.678469
1 0.966627 0.658015 0.0667469 0.0709232 0.677813
1 0.359884 0.338076 0.0689204 0.0685403 0.676904
1 0.0953187 0.585639 0.0700841 0.0693925 0.674517
0 0.945469 0.876778 0.0707291 0.0704386 0.673883
2 0.720942 0.0219912 0.0736618 0.0439823 0.673612
1 0.816642 0.0612794 0.0752076 0.0749312 0.673259
1 0.446847 0.273794 0.0697915 0.0698243 0.672833
0 0.046031 0.765714 0.0668343 0.0674592 0.671788
2 0.321461 0.55037 0.0695687 0.0689418 0.670531
0 0.572406 0.973156 0.0690518 0.0536354 0.668494
1 0.970247 0.97716 0.0584141 0.045681 0.666641
1 0.484588 0.112044 0.0730188 0.0723943 0.664578
0 0.967146 0.506103 0.0657076 0.0705689 0.662727
1 0.193581 0.711875 0.0664765 0.0661041 0.661908
2 0.39015 0.77356 0.0672693 0.0671778 0.660154
1 0.603339 0.394304 0.0696283 0.0705355 0.658892
1 0.635971 0.447689 0.0679314 0.0678511 0.657353
1 0.20605 0.469417 0.0703276 0.0700993 0.654268
2 0.510042 0.308676 0.0706448 0.0708013 0.653908
0 0.738355 0.579822 0.0678152 0.0686169 0.653837
1 0.846539 0.329122 0.0735235 0.073169 0.652596
1 0.0723625 0.294313 0.0671277 0.0672915 0.651682
1 0.797597 0.162571 0.0741512 0.074112 0.649297
2 0.650372 0.982383 0.0687593 0.0352333 0.649105
1 0.533511 0.367282 0.0715273 0.0714426 0.648839
1 0.733663 0.267723 0.0733488 0.0737074 0.645876
1 0.0148413 0.602756 0.0294695 0.0665136 0.644819
2 0.893807 0.264097 0.0731907 0.0726699 0.637967
0 0.761779 0.651516 0.0664883 0.0674425 0.636787
2 0.924248 0.419324 0.0730495 0.0731657 0.632595
0 0.980852 0.839934 0.0382954 0.069915 0.630845
2 0.852554 0.112664 0.0761902 0.0760019 0.626604
1 0.276148 0.707823 0.0683367 0.0691871 0.624555
2 0.530569 0.682712 0.0678534 0.067362 0.624213
1 0.213461 0.738541 0.0664596 0.0673002 0.623556
2 0.628077 0.0275755 0.0727317 0.0550934 0.620872
2 0.758512 0.343236 0.072304 0.0721389 0.618322
1 0.978338 0.182285 0.0433242 0.0749302 0.617142
0 0.108513 0.761324 0.0672694 0.066416 0.615051
1 0.368991 0.560606 0.0686182 0.0690208 0.613337
2 0.128016 0.056869 0.0721933 0.0721322 0.612991
1 0.0155619 0.146759 0.0311239 0.0714823 0.612465
0 0.809234 0.7616 0.0688482 0.0672435 0.612324
1 0.281115 0.651457 0.0696708 0.0694433 0.608919
2 0.449695 0.351116 0.0688805 0.0693658 0.607206
2 0.582251 0.651821 0.0678027 0.0672946 0.606602
0 0.840226 0.953141 0.0704502 0.0695866 0.606504
0 0.46478 0.0555847 0.0729176 0.0734891 0.604688
1 0.170948 0.122523 0.0701423 0.07038 0.602067
0 0.197314 0.881144 0.0677016 0.0672909 0.600631
2 0.584741 0.225378 0.0712376 0.0712797 0.59928
0 0.567391 0.649085 0.0690883 0.0680653 0.599098
0 0.910349 0.606977 0.0690313 0.0694654 0.598082
2 0.270598 0.828413 0.0683031 0.0668797 0.597225
2 0.342667 0.0243092 0.0743654 0.048163 0.595357
2 0.98187 0.919957 0.0362122 0.0718174 0.595203
2 0.652306 0.925849 0.0683898 0.0675165 0.594906
1 0.114509 0.604471 0.0678861 0.0687744 0.592666
2 0.661405 0.969703 0.0685772 0.0605945 0.590299
2 0.398928 0.971395 0.0676022 0.0571457 0.588488
2 0.386994 0.950047 0.0692496 0.0683739 0.588199
1 0.25156 0.562854 0.0695369 0.0692226 0.586592
0 0.202354 0.782898 0.0662476 0.0674149 0.583351
0 0.881209 0.950107 0.0682377 0.0681236 0.583134
1 0.11186 0.718805 0.0656214 0.0669252 0.580964
1 0.976199 0.342941 0.0476015 0.0731812 0.57808
1 0.986969 0.87267 0.0259415 0.0691494 0.573679
0 0.810274 0.653156 0.0678545 0.0679727 0.570945
2 0.933988 0.435514 0.0722481 0.0718159 0.570055
1 0.702964 0.30432 0.0717323 0.0711965 0.569415
2 0.779901 0.969655 0.069537 0.0606894 0.568891
0 0.206048 0.844092 0.0666461 0.066737 0.568781
0 0.784466 0.842266 0.068161 0.0690395 0.568009
2 0.970408 0.797601 0.0591839 0.0690413 0.566855
1 0.0415149 0.163031 0.0692227 0.0699126 0.566636
1 0.581112 0.0281672 0.0735983 0.0561399 0.566421
2 0.434274 0.738701 0.0667274 0.06611 0.559862
1 0.0180303 0.643441 0.0360606 0.0690452 0.559006
0 0.735087 0.744729 0.0666323 0.0670477 0.55883
0 0.600294 0.637661 0.0661977 0.067409 0.557486
1 0.612089 0.136946 0.0729565 0.0731755 0.554514
2 0.0403715 0.0657062 0.0703422 0.0713074 0.548283
1 0.784284 0.0333882 0.0739704 0.0666395 0.543797
0 0.588172 0.924979 0.0678759 0.0681896 0.541295
1 0.850465 0.0776147 0.0748905 0.0745717 0.540766
1 0.0781291 0.522411 0.0709037 0.0706152 0.540723
1 0.347767 0.292262 0.0714814 0.0708088 0.538833
0 0.148184 0.920454 0.0661238 0.0672684 0.535544
1 0.0942895 0.218666 0.0724996 0.0725073 0.532548
0 0.882909 0.417867 0.0721672 0.0721662 0.52997
0 0.911638 0.492681 0.0733643 0.0736309 0.525917
1 0.240049 0.70502 0.0684421 0.0677152 0.524843
1 0.261846 0.659864 0.0703478 0.0706701 0.524719
1 0.949729 0.838915 0.0694153 0.0698849 0.523814
2 0.607347 0.0168803 0.0724236 0.0337607 0.521994
1 0.857141 0.220266 0.0728172 0.0726547 0.520961
1 0.820994 0.446602 0.0710887 0.0708647 0.520557
2 0.459265 0.982656 0.0681273 0.0346886 0.519058
2 0.783972 0.843037 0.0670788 0.0673519 0.507947
0 0.959463 0.792443 0.069524 0.0699539 0.505532
2 0.507646 0.529444 0.0673978 0.0673488 0.503555
0 0.0665401 0.253302 0.0704136 0.0711352 0.503055
1 0.0224054 0.723952 0.044623 0.0651879 0.502549
0 0.191944 0.970973 0.066271 0.0580536 0.50168
1 0.142747 0.379939 0.0686135 0.0688708 0.500482
0 0.380169 0.979425 0.0674855 0.0411491 0.500123
