0 0.353262 0.743382 0.073914 0.0735416 0.928938
0 0.254621 0.517141 0.0728624 0.0730335 0.926878
0 0.534741 0.538087 0.0741022 0.0745459 0.924582
0 0.841606 0.0547191 0.0756844 0.074791 0.924011
0 0.456737 0.0635191 0.0731495 0.0725808 0.923603
0 0.784844 0.632672 0.0740818 0.0738482 0.922049
2 0.20184 0.285306 0.0745272 0.0744988 0.920431
0 0.933817 0.036693 0.074959 0.0732802 0.920289
2 0.325818 0.73252 0.0718234 0.0725645 0.920283
1 0.44215 0.790283 0.0721432 0.0721397 0.919753
0 0.494382 0.564325 0.0746737 0.0741313 0.919352
0 0.648987 0.282863 0.0755314 0.0752493 0.919012
2 0.970658 0.792607 0.0586836 0.0731237 0.918747
0 0.911043 0.95216 0.0703348 0.0711716 0.918542
2 0.422436 0.739678 0.0732829 0.0738909 0.918259
0 0.461459 0.615513 0.0739595 0.0737961 0.918211
2 0.0564768 0.496583 0.0732609 0.0728449 0.917756
2 0.151132 0.220084 0.0746683 0.0745718 0.91757
0 0.515422 0.0512662 0.0738259 0.0731219 0.917253
0 0.739515 0.948674 0.0725933 0.071771 0.917159
2 0.208537 0.244472 0.0740633 0.0738362 0.916678
0 0.0381865 0.48256 0.0712745 0.0707329 0.916584
0 0.232583 0.330993 0.0731719 0.0736558 0.916441
0 0.363316 0.0652799 0.0738102 0.073685 0.916292
0 0.153767 0.241537 0.0749688 0.0749369 0.916053
0 0.90713 0.230493 0.0763374 0.0760722 0.915673
0 0.594943 0.701733 0.073675 0.0726795 0.915632
0 0.398188 0.741653 0.0744472 0.0741478 0.915591
0 0.175699 0.692966 0.0741706 0.0739494 0.915566
2 0.876426 0.0408491 0.0752579 0.0743525 0.915326
2 0.149991 0.388461 0.0743373 0.0744839 0.915188
0 0.763291 0.939318 0.0723549 0.0724361 0.915171
0 0.629721 0.708141 0.0745777 0.0741842 0.915095
0 0.322687 0.609628 0.0732319 0.0731853 0.914782
0 0.718302 0.660889 0.0737227 0.0733804 0.914639
0 0.51681 0.571172 0.073921 0.0736187 0.914404
0 0.0543615 0.720945 0.0732125 0.0728756 0.914284
0 0.566828 0.793716 0.0724188 0.0725588 0.914019
2 0.807221 0.686534 0.0724782 0.0719723 0.913796
2 0.779723 0.0841756 0.0755003 0.0751349 0.913747
2 0.454018 0.595187 0.0743353 0.0736984 0.913579
2 0.406768 0.504494 0.0731869 0.0729914 0.913412
2 0.54521 0.80806 0.0716915 0.0716864 0.913403
2 0.910076 0.930626 0.0715672 0.0726006 0.913097
0 0.445695 0.684725 0.0728991 0.0728867 0.913002
2 0.249202 0.326348 0.0731321 0.0727938 0.913002
0 0.054482 0.425921 0.0733602 0.0722431 0.912791
0 0.159914 0.0883919 0.0727673 0.0727184 0.912686
0 0.82194 0.734666 0.0732789 0.0732967 0.912632
2 0.310576 0.620437 0.0735829 0.0737423 0.912529
0 0.219483 0.521651 0.0724168 0.0720827 0.912311
2 0.159346 0.312941 0.0748639 0.0752262 0.912161
0 0.242649 0.342563 0.0733557 0.0733421 0.912147
2 0.821928 0.0684386 0.0748728 0.0747495 0.911962
2 0.826845 0.882167 0.0731592 0.0731827 0.911345
0 0.594565 0.874185 0.0718087 0.0711247 0.911076
0 0.597026 0.57598 0.0743486 0.0742566 0.910974
0 0.469516 0.428479 0.0739746 0.0726871 0.910677
2 0.850786 0.829649 0.0738537 0.0738529 0.910659
0 0.663184 0.730943 0.0736867 0.0738531 0.910649
0 0.0957525 0.727059 0.0733191 0.0728755 0.910502
0 0.554686 0.496797 0.0731675 0.072937 0.910238
2 0.946569 0.202788 0.07481 0.0754392 0.909943
2 0.306478 0.595661 0.0724144 0.0723499 0.909929
2 0.583519 0.549128 0.0743766 0.0743589 0.909846
2 0.665662 0.906215 0.072455 0.0725384 0.909426
0 0.374927 0.699793 0.0720842 0.0723156 0.909385
2 0.459895 0.225529 0.0745298 0.0747094 0.909325
0 0.923714 0.948001 0.071431 0.0719435 0.90927
0 0.814036 0.820653 0.0729509 0.0735558 0.909041
0 0.641293 0.649595 0.0745178 0.0740592 0.90901
2 0.963257 0.755362 0.0721676 0.0738367 0.90897
2 0.470584 0.246068 0.0742997 0.0741149 0.908914
2 0.363557 0.769714 0.0726835 0.0725591 0.908871
2 0.152202 0.458302 0.0727594 0.0734652 0.908502
2 0.556574 0.557188 0.0743841 0.0745464 0.908374
0 0.194582 0.768402 0.0743985 0.0737091 0.907833
0 0.876732 0.0660005 0.075139 0.0745024 0.907751
2 0.842501 0.891395 0.0730713 0.0729389 0.907487
0 0.390033 0.0964816 0.0732974 0.0725995 0.907467
2 0.575458 0.845648 0.0711839 0.0723454 0.90737
0 0.118892 0.505874 0.0734768 0.0731648 0.907332
0 0.389201 0.582908 0.0730448 0.0727106 0.907324
2 0.838368 0.033911 0.0737972 0.0677504 0.907249
1 0.823178 0.923366 0.0732313 0.0731388 0.907082
2 0.737137 0.704949 0.0725588 0.0730909 0.906917
0 0.450254 0.751305 0.0734425 0.073252 0.906823
0 0.532163 0.654446 0.0732806 0.0732073 0.906485
1 0.533645 0.727576 0.072978 0.0731077 0.906358
2 0.123918 0.713653 0.0738692 0.0738325 0.905864
0 0.442727 0.0299528 0.0717253 0.0599057 0.905701
2 0.751313 0.645487 0.0729751 0.0726048 0.905691
0 0.167317 0.364557 0.0752406 0.0743647 0.905553
0 0.733245 0.678455 0.0728886 0.0723467 0.905246
0 0.63494 0.0504427 0.0726761 0.0730499 0.905212
0 0.513403 0.675459 0.0735275 0.0729752 0.905174
2 0.39334 0.649402 0.0737706 0.0730201 0.905166
2 0.798174 0.0889273 0.0748709 0.0749816 0.905115
2 0.135297 0.499522 0.072745 0.0729818 0.905097
0 0.606634 0.609018 0.0737709 0.0739478 0.905031
2 0.664265 0.795642 0.0738508 0.0734631 0.905002
2 0.481885 0.239783 0.0750977 0.0746264 0.904983
0 0.255218 0.74404 0.0733009 0.0735491 0.904898
0 0.27163 0.329533 0.0731238 0.0731581 0.904748
2 0.105679 0.372723 0.0750171 0.0736476 0.904724
2 0.579943 0.81109 0.0729013 0.0713158 0.904633
2 0.640367 0.870762 0.0721832 0.0722588 0.904457
0 0.548816 0.823798 0.0721251 0.0718885 0.904315
0 0.624737 0.604459 0.0733976 0.0730303 0.904243
0 0.639424 0.814703 0.0729817 0.0726646 0.904114
1 0.505518 0.47185 0.0746208 0.0738218 0.903961
0 0.117036 0.436801 0.074848 0.0741747 0.903865
1 0.836449 0.275784 0.0766922 0.0770156 0.903799
2 0.531163 0.775065 0.072855 0.0716166 0.903744
0 0.825673 0.792552 0.0731588 0.0730358 0.903719
0 0.684129 0.807228 0.0737699 0.0736397 0.903646
2 0.0941537 0.654428 0.0738843 0.0737663 0.903513
0 0.414224 0.65554 0.0740305 0.0741863 0.903307
0 0.560256 0.181464 0.0744682 0.0745136 0.903255
2 0.168945 0.53771 0.0740385 0.0727247 0.903209
1 0.585862 0.729868 0.0739084 0.074212 0.903057
0 0.117857 0.383457 0.0741583 0.0741879 0.90303
1 0.610719 0.209796 0.0751493 0.0744635 0.902937
2 0.733307 0.833765 0.0737469 0.0736736 0.90286
2 0.56112 0.586868 0.0728208 0.0727089 0.902328
2 0.912414 0.886814 0.0726269 0.0725252 0.902328
2 0.421715 0.57904 0.0736558 0.0739336 0.902028
0 0.758825 0.0366584 0.0729896 0.0720953 0.901958
2 0.890399 0.931345 0.0724331 0.0730869 0.901873
0 0.0981392 0.0355106 0.0736345 0.070707 0.901815
2 0.840051 0.94535 0.0727211 0.0724613 0.901703
2 0.938138 0.82993 0.073954 0.0738115 0.901605
0 0.337658 0.299717 0.0722186 0.0718848 0.901595
2 0.399984 0.455175 0.0734512 0.0741402 0.901539
0 0.493256 0.0320565 0.0721338 0.0638438 0.90135
0 0.134325 0.65963 0.0736937 0.0735237 0.901187
2 0.0989574 0.508232 0.0726812 0.07313 0.900926
1 0.610904 0.750601 0.0734995 0.0737356 0.900842
1 0.342256 0.379769 0.0732903 0.07276 0.900558
0 0.469055 0.0562919 0.0702206 0.0707307 0.900221
1 0.728078 0.594361 0.0721649 0.0716253 0.900215
0 0.734594 0.0392495 0.0742162 0.0738368 0.900192
0 0.518385 0.751554 0.073768 0.0727872 0.899981
0 0.276148 0.289785 0.0720853 0.0724517 0.899869
1 0.864607 0.2636 0.078425 0.0782063 0.899824
0 0.166618 0.744229 0.0745721 0.0741722 0.899728
0 0.558097 0.660102 0.073178 0.0727562 0.899612
0 0.227908 0.299768 0.0743387 0.0732428 0.899607
2 0.803476 0.703761 0.0735815 0.0729681 0.899546
2 0.510745 0.622367 0.0738499 0.073798 0.899531
2 0.95644 0.883074 0.074218 0.0733994 0.899524
2 0.958867 0.243417 0.0760168 0.0757569 0.899427
2 0.690792 0.646182 0.0724819 0.0726974 0.899358
0 0.577213 0.572606 0.0738078 0.0746328 0.899358
1 0.647771 0.439431 0.07402 0.0738026 0.899345
2 0.715345 0.639724 0.0730971 0.07358 0.899031
1 0.633972 0.2322 0.0760504 0.0757972 0.899025
0 0.402596 0.588892 0.0731869 0.0738649 0.898974
0 0.173486 0.304519 0.0746558 0.0747885 0.898756
0 0.0503215 0.402811 0.0725986 0.0727656 0.898699
1 0.491451 0.446863 0.0737713 0.0731731 0.898626
2 0.390523 0.724753 0.0731671 0.0729115 0.898623
0 0.625801 0.687232 0.0735848 0.0738426 0.898546
2 0.600544 0.0726719 0.0721661 0.0720857 0.898529
0 0.692953 0.0276991 0.0730242 0.0550758 0.89842
2 0.638314 0.0664094 0.0727709 0.0730115 0.898166
1 0.529393 0.135165 0.0729834 0.0727594 0.898056
0 0.192159 0.261518 0.0743554 0.0746057 0.898016
2 0.653182 0.596443 0.074119 0.0737854 0.897983
2 0.812497 0.628108 0.0741703 0.0742353 0.897827
0 0.607689 0.562133 0.0742609 0.0746424 0.897776
0 0.467295 0.651925 0.0742601 0.0733041 0.897683
0 0.183036 0.371104 0.0739997 0.0741289 0.897589
1 0.75216 0.195508 0.0755619 0.0754189 0.897409
0 0.405159 0.069692 0.0722962 0.0725612 0.897393
0 0.0404282 0.660933 0.0736537 0.0739769 0.897384
0 0.184082 0.338343 0.0732262 0.0732414 0.897191
1 0.114548 0.313756 0.0758208 0.0759427 0.897076
0 0.12436 0.45261 0.0724804 0.0725046 0.896906
0 0.232453 0.363138 0.0736497 0.0736048 0.89679
1 0.843318 0.606095 0.0742657 0.0744804 0.896654
0 0.506683 0.770796 0.0727295 0.0720601 0.896466
1 0.2178 0.811339 0.0746773 0.074428 0.896463
0 0.687372 0.0353569 0.0731596 0.0701809 0.896449
0 0.47573 0.638287 0.0727641 0.0725971 0.896206
0 0.297748 0.724479 0.071825 0.0710166 0.895691
2 0.380341 0.0592547 0.0735906 0.0727687 0.895532
0 0.300788 0.0496781 0.0746614 0.0741813 0.895479
1 0.0313243 0.0656106 0.0626165 0.0748482 0.895362
0 0.784365 0.0442538 0.0730114 0.0733733 0.895123
1 0.783332 0.12167 0.0754564 0.0757396 0.895052
0 0.0942553 0.459143 0.0732851 0.0732012 0.895003
2 0.572806 0.209911 0.0752964 0.0751587 0.894966
2 0.533974 0.463927 0.0737835 0.0734756 0.894779
0 0.42677 0.149598 0.073921 0.0734055 0.894778
1 0.907733 0.0824798 0.0737289 0.0738786 0.894682
2 0.510004 0.0703077 0.0725576 0.0734167 0.894567
1 0.216804 0.206803 0.0758401 0.0752829 0.894256
1 0.23868 0.9309 0.0732552 0.0731834 0.893819
2 0.741922 0.93345 0.0729188 0.0727549 0.893519
0 0.516833 0.814335 0.0716549 0.0707169 0.893239
1 0.772832 0.43555 0.0757332 0.0758611 0.893205
0 0.680625 0.694713 0.0724667 0.0728455 0.893194
2 0.8634 0.880567 0.0729742 0.0737961 0.893044
2 0.655452 0.773659 0.0738411 0.0732569 0.892995
0 0.245526 0.972592 0.0733 0.0548153 0.892681
1 0.487103 0.50401 0.0744474 0.0743038 0.892621
1 0.30702 0.329437 0.0732147 0.0722878 0.89237
2 0.691667 0.598698 0.0742752 0.0734814 0.892255
1 0.919351 0.605742 0.0758602 0.0753867 0.891979
2 0.961631 0.907944 0.0720295 0.072459 0.891975
2 0.240235 0.738721 0.0728847 0.072762 0.891556
2 0.951102 0.706135 0.0727894 0.07349 0.891421
1 0.383068 0.821424 0.074498 0.0745682 0.891361
0 0.428731 0.0270718 0.0719124 0.0537599 0.891341
2 0.943552 0.882246 0.0735058 0.0733997 0.891314
1 0.76679 0.414304 0.0744078 0.0740985 0.891289
2 0.0778309 0.0264035 0.0734284 0.052733 0.891285
1 0.399352 0.539074 0.0732732 0.0727788 0.891052
1 0.455983 0.548857 0.0740869 0.0733802 0.891013
2 0.342455 0.73554 0.0735173 0.0730394 0.890961
0 0.651942 0.177142 0.074822 0.0746511 0.890896
2 0.96367 0.800555 0.071921 0.0729599 0.890874
1 0.52633 0.316895 0.0750342 0.075282 0.890862
0 0.570102 0.0356724 0.0718728 0.0697163 0.890685
2 0.288364 0.666263 0.0728431 0.0728006 0.890659
0 0.712496 0.904549 0.0726105 0.0728134 0.890618
0 0.50295 0.662923 0.073509 0.0727931 0.89052
0 0.86455 0.968132 0.0722601 0.0637358 0.890383
1 0.420834 0.546685 0.073055 0.0728765 0.890207
2 0.0987508 0.637618 0.074204 0.0746822 0.890104
0 0.166924 0.291838 0.0752149 0.0754829 0.890099
2 0.526242 0.527399 0.0745237 0.074502 0.890038
0 0.606053 0.814879 0.0716614 0.0714636 0.889858
1 0.797139 0.14862 0.0753532 0.0756259 0.88978
1 0.0291131 0.568286 0.0580968 0.0740536 0.889742
0 0.138813 0.762863 0.0738388 0.0738115 0.889645
2 0.142001 0.0822575 0.0739244 0.0740394 0.889588
0 0.401289 0.669012 0.0733516 0.0733366 0.889578
1 0.360463 0.812437 0.074462 0.0746392 0.889541
1 0.895936 0.288834 0.0761381 0.076711 0.889385
0 0.455579 0.654491 0.0743799 0.0735695 0.889337
0 0.142717 0.332226 0.075909 0.0751327 0.889247
0 0.606215 0.680109 0.0740318 0.0734581 0.889233
1 0.901899 0.410752 0.075882 0.0762569 0.888938
1 0.917864 0.281074 0.0769657 0.0763306 0.888853
1 0.284686 0.78954 0.0739137 0.073991 0.888843
0 0.754744 0.0489446 0.0738199 0.0729442 0.888806
2 0.222356 0.242091 0.0742401 0.073975 0.888795
1 0.884683 0.615903 0.0735624 0.0733446 0.888705
1 0.630129 0.933557 0.072662 0.0729076 0.888604
1 0.279628 0.607823 0.0735562 0.0729439 0.888565
1 0.296701 0.538747 0.073066 0.0728312 0.888502
0 0.36874 0.0338134 0.0738416 0.0675885 0.88837
1 0.59173 0.893641 0.0725619 0.0728943 0.888139
1 0.399779 0.26022 0.0737802 0.0733704 0.888042
1 0.893908 0.357368 0.0760876 0.0763613 0.887933
1 0.894867 0.259557 0.0768875 0.0767457 0.887858
2 0.0243093 0.685775 0.048578 0.0736189 0.887777
0 0.310854 0.743836 0.0720082 0.0722832 0.887488
1 0.380894 0.7509 0.0730118 0.0731656 0.887487
2 0.668288 0.58516 0.0743975 0.074214 0.887258
2 0.845996 0.124735 0.0756268 0.0753502 0.886938
2 0.0834815 0.638783 0.0743047 0.0742815 0.886915
1 0.222732 0.847467 0.0737069 0.0739655 0.886863
2 0.797583 0.945969 0.0731153 0.0729666 0.886719
0 0.628678 0.492143 0.0746576 0.073829 0.886692
2 0.90617 0.835702 0.073954 0.0735218 0.885975
0 0.453797 0.0491224 0.0715412 0.0713629 0.885951
1 0.408056 0.3442 0.0727027 0.0723704 0.885475
0 0.679877 0.640997 0.0739672 0.0733927 0.885302
1 0.939017 0.733592 0.072657 0.0729227 0.885001
2 0.270081 0.347256 0.0735626 0.0728368 0.88493
2 0.632964 0.729002 0.0742466 0.0732377 0.884783
1 0.232527 0.905253 0.0743459 0.074334 0.884783
1 0.419926 0.384565 0.0712938 0.0716383 0.884703
0 0.439625 0.672951 0.0742938 0.0740161 0.884687
2 0.643169 0.762632 0.0745851 0.0742384 0.884593
2 0.122119 0.152183 0.0744307 0.0750073 0.884531
2 0.948147 0.760549 0.0708462 0.0717876 0.884232
2 0.654901 0.659587 0.0741177 0.0740038 0.88383
1 0.768817 0.384966 0.0750313 0.0752851 0.883824
2 0.858898 0.802045 0.0727518 0.0731052 0.883812
1 0.28372 0.560498 0.0731628 0.0725448 0.883782
1 0.0349944 0.102001 0.0699889 0.0760836 0.883773
1 0.281835 0.0487552 0.0735173 0.0732 0.883551
0 0.253258 0.712682 0.0721015 0.0720476 0.883303
1 0.933354 0.311695 0.0748886 0.074795 0.882982
0 0.0654064 0.358569 0.0746641 0.0736808 0.882954
0 0.868876 0.0257211 0.0751606 0.0512955 0.882902
0 0.638035 0.0274854 0.0719384 0.0549707 0.882885
2 0.256131 0.0288124 0.0746452 0.0572956 0.882861
1 0.250564 0.615811 0.0725573 0.0731533 0.882821
2 0.20888 0.740342 0.0730577 0.0728275 0.882694
2 0.235107 0.722752 0.0729557 0.0731656 0.882448
1 0.675638 0.948537 0.0723522 0.0720291 0.882334
1 0.258204 0.575574 0.0725949 0.0724124 0.882106
0 0.168444 0.677647 0.0741038 0.0739001 0.881801
1 0.310933 0.789483 0.0723534 0.0718681 0.881778
0 0.262706 0.499891 0.0709934 0.0714066 0.881725
2 0.196206 0.519622 0.0721176 0.0725042 0.881443
0 0.518111 0.0340061 0.0734045 0.0673157 0.881309
0 0.0874419 0.0387458 0.073996 0.0727924 0.881305
1 0.0340482 0.691891 0.0678437 0.0727271 0.881234
0 0.548107 0.0238721 0.071409 0.0475912 0.881137
1 0.455622 0.840441 0.0739321 0.0727987 0.8811
1 0.545362 0.276785 0.0757292 0.075893 0.881059
1 0.476828 0.735685 0.073818 0.0736217 0.881056
1 0.790562 0.187841 0.0747501 0.0748838 0.880896
1 0.658608 0.384729 0.0739154 0.0738025 0.880511
1 0.235677 0.881448 0.0744029 0.074725 0.880307
2 0.185488 0.501694 0.0729672 0.0731863 0.880298
2 0.0887204 0.443233 0.0726972 0.0734678 0.880284
2 0.830835 0.116577 0.074778 0.075039 0.880205
2 0.540514 0.184642 0.0743128 0.0740863 0.879876
1 0.179513 0.919723 0.0730471 0.0729931 0.879819
0 0.13572 0.394014 0.0744527 0.0743732 0.879685
2 0.588825 0.824421 0.0716018 0.0711669 0.879492
0 0.0398524 0.394669 0.0725348 0.0729952 0.878889
1 0.393524 0.791204 0.0727847 0.0729323 0.878827
1 0.546545 0.300943 0.075352 0.0756175 0.878682
2 0.351779 0.0552724 0.0736648 0.0741004 0.878531
2 0.191946 0.791758 0.0734127 0.0733397 0.878501
1 0.748363 0.148456 0.0755641 0.0747424 0.878448
0 0.428638 0.462468 0.0748752 0.0741259 0.878182
2 0.974479 0.813749 0.0510351 0.073291 0.87815
2 0.694025 0.382866 0.0740782 0.0739116 0.87779
0 0.782999 0.971134 0.0740707 0.0577318 0.87671
2 0.0875275 0.422931 0.0723841 0.0728697 0.876411
2 0.32449 0.548436 0.0718854 0.0730085 0.876346
1 0.478489 0.884361 0.0725603 0.0720615 0.876056
1 0.211852 0.958493 0.0708885 0.0722387 0.876048
1 0.62396 0.961101 0.0721174 0.0722534 0.876025
1 0.503051 0.894203 0.0729645 0.073193 0.875883
0 0.594695 0.0212859 0.0711432 0.0425717 0.875688
1 0.969497 0.3499 0.0610062 0.0751988 0.875661
2 0.396064 0.509101 0.073159 0.072784 0.875436
1 0.813565 0.282551 0.0755271 0.0754347 0.875412
2 0.945559 0.0522623 0.0740427 0.0736421 0.875337
2 0.137551 0.483752 0.072576 0.0730319 0.875193
1 0.229206 0.617378 0.0733432 0.0729506 0.874829
1 0.181344 0.203044 0.0754191 0.0752189 0.874791
0 0.467591 0.0427586 0.0726679 0.0725683 0.874595
0 0.619114 0.0265553 0.0732803 0.0529228 0.874562
2 0.653631 0.0672788 0.0728474 0.0732813 0.874013
0 0.141935 0.371944 0.0751135 0.0745152 0.87383
2 0.265718 0.280665 0.0740863 0.0742339 0.873785
2 0.245982 0.383363 0.0744493 0.0736479 0.873686
2 0.693936 0.35578 0.0739206 0.0738404 0.873603
1 0.653376 0.925891 0.0716993 0.0709703 0.873286
1 0.900216 0.60842 0.0744724 0.0748226 0.872643
0 0.295596 0.287712 0.0732924 0.0726695 0.872271
1 0.0242814 0.0844809 0.0485627 0.075844 0.872232
1 0.786296 0.478965 0.0768698 0.0766767 0.872071
1 0.351614 0.833732 0.0741879 0.0745058 0.871933
2 0.434792 0.0542008 0.0718845 0.0720081 0.871754
1 0.138661 0.269162 0.0751019 0.0750441 0.871745
2 0.26874 0.260715 0.0751897 0.0752169 0.871634
1 0.0338712 0.616777 0.0677424 0.0721964 0.871273
2 0.396973 0.0366131 0.0729718 0.0715853 0.870764
1 0.912975 0.644673 0.0748884 0.0743984 0.870427
1 0.190012 0.411326 0.0732838 0.0731417 0.870422
1 0.709053 0.469235 0.0738818 0.0742612 0.87028
1 0.656851 0.405677 0.0738911 0.073663 0.870262
1 0.894235 0.39378 0.0765411 0.0760565 0.870105
2 0.12162 0.420044 0.0741229 0.07426 0.870079
1 0.0581721 0.617461 0.0724456 0.0726831 0.870026
0 0.233423 0.519413 0.0707821 0.0709119 0.869861
1 0.0411091 0.081454 0.0749643 0.0755512 0.869653
1 0.0586059 0.528218 0.0721316 0.0727842 0.869411
2 0.756744 0.875858 0.0734419 0.072467 0.869149
2 0.111007 0.541984 0.0728573 0.072464 0.869053
1 0.250457 0.538474 0.0722023 0.0723309 0.868883
2 0.752122 0.0286814 0.0731838 0.0572969 0.86888
1 0.65533 0.97 0.0736364 0.0600006 0.868477
1 0.252845 0.850677 0.0746943 0.074231 0.868008
2 0.37734 0.714273 0.0731276 0.0729687 0.867929
1 0.771639 0.1616 0.0754463 0.0753881 0.8678
1 0.219355 0.574875 0.0729432 0.072703 0.867522
2 0.278791 0.695542 0.0732924 0.0728523 0.867514
1 0.882179 0.37924 0.0752506 0.0758758 0.867415
2 0.966584 0.712468 0.066737 0.0718481 0.86708
2 0.2092 0.697729 0.0728249 0.0734608 0.86658
1 0.882102 0.338607 0.0761602 0.076279 0.866493
1 0.671696 0.368122 0.0738968 0.0741696 0.866344
2 0.580209 0.870488 0.071286 0.0713745 0.866331
1 0.328117 0.187204 0.0748634 0.0742724 0.866056
1 0.257463 0.883364 0.0744676 0.0746731 0.86599
2 0.666721 0.184558 0.075899 0.0751852 0.865901
1 0.905029 0.432059 0.0762033 0.0761436 0.865348
1 0.813339 0.662134 0.0723124 0.0728886 0.865292
0 0.696739 0.912154 0.0722391 0.0717735 0.865096
1 0.234859 0.115323 0.0736674 0.0741855 0.864984
0 0.553238 0.704112 0.0735031 0.0733263 0.864868
1 0.0364018 0.120698 0.0714544 0.0727339 0.864663
0 0.0448563 0.731904 0.0727074 0.0734298 0.864327
1 0.606848 0.0922964 0.0727786 0.0722294 0.864326
2 0.683108 0.255731 0.0755026 0.0751566 0.864284
2 0.237203 0.0474048 0.0717383 0.071803 0.86389
1 0.949672 0.329851 0.0769844 0.0769231 0.863861
1 0.0651138 0.850563 0.073921 0.074041 0.863387
1 0.362543 0.408106 0.0737071 0.073455 0.863108
1 0.135488 0.173736 0.0767022 0.0762476 0.862999
1 0.953972 0.382086 0.075502 0.0755417 0.862637
0 0.654178 0.0271865 0.0714154 0.0542632 0.862315
1 0.368147 0.223455 0.075702 0.0747969 0.862197
1 0.0649256 0.09414 0.075246 0.0755913 0.862028
1 0.76742 0.456932 0.0751726 0.0752756 0.861943
2 0.824018 0.972956 0.0748654 0.0540884 0.86172
2 0.866379 0.577332 0.074699 0.0746059 0.86144
1 0.0571746 0.871677 0.0739815 0.0733828 0.861409
1 0.72932 0.190484 0.0756456 0.0753283 0.861403
0 0.201659 0.0438938 0.0722899 0.0726143 0.861137
2 0.905374 0.920456 0.0726942 0.0720543 0.86107
0 0.470163 0.0252523 0.0704303 0.0504539 0.860878
1 0.457628 0.159248 0.0744004 0.0744692 0.860568
2 0.592554 0.0454032 0.0719642 0.0726861 0.860459
2 0.906769 0.685012 0.0736408 0.0733736 0.860456
2 0.978766 0.828825 0.0424682 0.0741323 0.860454
2 0.607683 0.713266 0.0732434 0.0732866 0.859825
2 0.0358926 0.415078 0.0714683 0.0731243 0.859172
1 0.779028 0.827264 0.0732397 0.0729822 0.858769
1 0.94015 0.359226 0.0758516 0.0756535 0.858745
1 0.216864 0.551201 0.0720526 0.0714564 0.85868
1 0.0250818 0.33362 0.0501635 0.0746879 0.858679
0 0.398169 0.0243739 0.0722732 0.0487478 0.858506
1 0.960783 0.574388 0.0724647 0.0741086 0.858433
2 0.74972 0.103857 0.0746405 0.0745014 0.858408
0 0.731371 0.0287591 0.0731412 0.0574435 0.857775
1 0.384205 0.20095 0.0749838 0.0750716 0.857173
1 0.947381 0.679916 0.0736294 0.073614 0.856919
1 0.337174 0.806462 0.0734153 0.0736547 0.856888
2 0.734141 0.347157 0.0733796 0.0732415 0.856659
1 0.0907811 0.9151 0.0739505 0.0739639 0.856319
0 0.0193873 0.385643 0.038764 0.072344 0.856307
1 0.0428406 0.823493 0.073676 0.0732012 0.856225
1 0.87355 0.709108 0.0729479 0.0726303 0.855202
1 0.904841 0.109533 0.0739552 0.0734749 0.854798
2 0.0773886 0.0776898 0.0756588 0.0766938 0.854612
1 0.124369 0.243377 0.0768603 0.075774 0.854447
2 0.474334 0.775754 0.0727045 0.0727538 0.854281
0 0.302173 0.44443 0.071272 0.0715897 0.853963
1 0.382649 0.623445 0.0734917 0.0729952 0.853869
2 0.765966 0.955552 0.0733395 0.0734684 0.853671
2 0.277717 0.0224775 0.0738308 0.0449549 0.853475
1 0.359401 0.347995 0.0723248 0.0720687 0.853025
1 0.0634896 0.571747 0.0726203 0.0731185 0.852918
0 0.367044 0.564198 0.0733088 0.0728313 0.852438
1 0.0340094 0.218948 0.0680187 0.0755675 0.85203
2 0.357189 0.641714 0.0740827 0.0732782 0.851813
1 0.34275 0.847067 0.0753324 0.0748981 0.851397
1 0.762508 0.365213 0.0749748 0.0755484 0.851061
1 0.087852 0.823558 0.0736749 0.0739914 0.850518
1 0.538548 0.883711 0.0718865 0.072599 0.849267
1 0.629828 0.974948 0.0709601 0.0501036 0.849248
1 0.556412 0.890941 0.0732824 0.0722248 0.84909
1 0.828095 0.294607 0.0755344 0.0753141 0.848767
1 0.598923 0.640868 0.0729259 0.0738278 0.848399
1 0.267282 0.0767255 0.0734669 0.0738447 0.847825
1 0.0265371 0.788995 0.0530743 0.0737438 0.847355
2 0.924285 0.0458328 0.0737909 0.0738392 0.847168
0 0.894002 0.0221297 0.0740524 0.0442595 0.847089
1 0.333601 0.865713 0.073208 0.0732677 0.847066
1 0.35213 0.170691 0.0759663 0.0756218 0.846693
2 0.364547 0.722405 0.0722512 0.0720633 0.846691
1 0.455655 0.86348 0.0737303 0.0732489 0.846531
1 0.238933 0.0726174 0.0737126 0.074527 0.846244
1 0.0865768 0.774586 0.0731827 0.0734714 0.846209
1 0.963344 0.65259 0.0721794 0.0756048 0.845233
1 0.151877 0.195242 0.0746352 0.0752048 0.845162
2 0.220725 0.722465 0.0728438 0.0733181 0.844974
1 0.222679 0.125349 0.0737006 0.0742837 0.844838
2 0.911849 0.555708 0.075988 0.0749832 0.844423
2 0.516724 0.199429 0.0734934 0.0733716 0.844388
1 0.381466 0.247717 0.0729278 0.0734565 0.844254
2 0.492953 0.635937 0.0738774 0.0732427 0.844053
1 0.316417 0.217415 0.0775252 0.0775108 0.843766
2 0.827724 0.0235611 0.0726159 0.0471221 0.843573
0 0.418079 0.481352 0.074171 0.0739619 0.843122
2 0.72516 0.72047 0.0730621 0.07337 0.842753
1 0.908363 0.757393 0.0733232 0.0733304 0.842146
0 0.497719 0.0221829 0.0713804 0.0443658 0.841883
2 0.433397 0.442756 0.0745291 0.0742694 0.84169
2 0.188161 0.822622 0.0734425 0.073782 0.841325
0 0.352234 0.0313057 0.0739208 0.0622378 0.84042
2 0.61022 0.157031 0.0727674 0.0731217 0.83924
2 0.0269939 0.0267099 0.0538497 0.0527246 0.83888
0 0.371288 0.295207 0.0725317 0.0724452 0.838854
2 0.805794 0.975843 0.0752907 0.0480137 0.837953
0 0.742151 0.051475 0.0733126 0.0718767 0.837794
0 0.0418264 0.435982 0.0726661 0.0723728 0.836795
2 0.897465 0.0298482 0.0737556 0.0594393 0.8362
1 0.680706 0.9751 0.0703581 0.0497997 0.835804
0 0.23902 0.243383 0.0748057 0.0743756 0.835539
2 0.976427 0.851188 0.046767 0.073381 0.835205
2 0.211159 0.267768 0.0742519 0.0735684 0.834634
2 0.885449 0.565029 0.0752565 0.0755586 0.834575
1 0.551033 0.151159 0.072562 0.072329 0.834272
2 0.143191 0.446841 0.0723093 0.0725683 0.833854
1 0.184683 0.465987 0.0725833 0.0726435 0.833658
2 0.155522 0.606256 0.0730259 0.0730185 0.83189
1 0.28637 0.680663 0.0720007 0.0727715 0.83143
2 0.910641 0.790341 0.0725185 0.0719845 0.831365
2 0.773163 0.0282961 0.0733282 0.0565231 0.831354
2 0.945432 0.81768 0.0721256 0.0724081 0.830351
2 0.0486428 0.744417 0.0719777 0.0718461 0.830029
1 0.283264 0.818205 0.0738686 0.0746098 0.829672
1 0.111464 0.021318 0.0719478 0.0426359 0.829207
0 0.352992 0.585423 0.0718622 0.0715349 0.829043
2 0.594667 0.519675 0.0733021 0.0731585 0.828174
2 0.875659 0.909331 0.0725784 0.0721455 0.827816
2 0.598136 0.159197 0.0725433 0.0728698 0.827803
0 0.70394 0.0444396 0.0738358 0.0732711 0.82764
1 0.652934 0.955282 0.0731781 0.0734921 0.827426
1 0.314968 0.81586 0.0746731 0.0746378 0.827352
0 0.595767 0.806084 0.0714148 0.0716322 0.827097
0 0.673111 0.0243011 0.0697966 0.0484742 0.826596
0 0.812306 0.0269241 0.0724941 0.0532875 0.826369
1 0.150819 0.962435 0.0721638 0.071204 0.826204
1 0.927171 0.132354 0.0747576 0.0745106 0.826075
1 0.634233 0.45463 0.0726477 0.0725963 0.825215
1 0.426614 0.559621 0.073253 0.07269 0.825014
2 0.266542 0.712224 0.0729908 0.0725397 0.824862
2 0.376938 0.0810818 0.07316 0.0737153 0.824595
2 0.730407 0.377179 0.0733622 0.0732191 0.824002
2 0.158283 0.035021 0.0752005 0.070042 0.823501
2 0.932474 0.865023 0.0738079 0.0736992 0.822891
2 0.393484 0.477332 0.0730382 0.0734743 0.821894
2 0.382111 0.562445 0.0738082 0.072842 0.820536
1 0.225711 0.0988882 0.072983 0.073017 0.817025
1 0.737175 0.292867 0.0745357 0.0742604 0.816744
0 0.712345 0.855088 0.0731443 0.0731758 0.816675
2 0.843886 0.189367 0.0767036 0.077056 0.816239
1 0.250989 0.95625 0.0718983 0.0726864 0.813709
1 0.0378475 0.794663 0.0734902 0.0742136 0.813707
1 0.825624 0.144539 0.0753658 0.0753822 0.812499
1 0.974728 0.199933 0.0505449 0.0719737 0.812476
0 0.717599 0.0548137 0.0739245 0.0734173 0.811859
2 0.579136 0.0177097 0.0718802 0.0354193 0.810921
1 0.928729 0.45922 0.0736179 0.0736838 0.810856
2 0.672039 0.061067 0.072137 0.0727155 0.806427
2 0.118026 0.59415 0.0742341 0.0749729 0.805497
0 0.697799 0.806524 0.0727971 0.0734013 0.805169
2 0.323421 0.0272247 0.0732277 0.053909 0.804896
2 0.789279 0.859141 0.0727309 0.0728081 0.804706
1 0.894336 0.738082 0.0734047 0.0723984 0.804266
0 0.18291 0.719909 0.073425 0.07333 0.803869
1 0.365782 0.437796 0.0740728 0.0733002 0.803439
2 0.861945 0.771089 0.0723232 0.0723372 0.801945
0 0.380953 0.0187554 0.0716056 0.0375108 0.801826
0 0.663586 0.637759 0.0734644 0.0736155 0.800878
1 0.551343 0.246386 0.0749352 0.0752381 0.800442
0 0.817209 0.782977 0.0728622 0.0726154 0.800308
2 0.0375357 0.0207637 0.072055 0.0415273 0.799604
1 0.120449 0.8887 0.073018 0.0725353 0.798809
0 0.173856 0.239817 0.0748189 0.0750312 0.798464
1 0.231079 0.143319 0.0732695 0.0734231 0.79834
2 0.670301 0.277052 0.0754667 0.0756697 0.79665
2 0.845727 0.433417 0.0754095 0.0753912 0.796615
2 0.234257 0.506982 0.0710011 0.0718647 0.796237
1 0.104467 0.164129 0.0747212 0.0742321 0.796047
2 0.712521 0.346521 0.0733364 0.0743322 0.795098
1 0.615562 0.4384 0.0738167 0.0735506 0.794032
1 0.591025 0.440741 0.0739571 0.0747585 0.793451
1 0.218197 0.608495 0.0728656 0.073007 0.792647
2 0.706139 0.718845 0.0735928 0.0728304 0.792411
1 0.184449 0.437539 0.0723983 0.0717131 0.792322
1 0.098108 0.115803 0.0741677 0.0735753 0.791953
1 0.95048 0.472137 0.0731865 0.0739473 0.791774
0 0.0731681 0.677776 0.0723691 0.0730027 0.790945
2 0.378672 0.124417 0.0737696 0.0736017 0.790297
1 0.159907 0.942176 0.0716214 0.0707298 0.790086
0 0.611967 0.823843 0.0713375 0.0710801 0.789293
2 0.146834 0.680882 0.0735569 0.073329 0.78711
2 0.746155 0.668605 0.0736149 0.0734018 0.785988
2 0.491299 0.207474 0.0740665 0.0741062 0.78572
2 0.708611 0.325802 0.0743748 0.0736293 0.785238
1 0.84687 0.632119 0.0736267 0.0738647 0.784755
2 0.0315784 0.742391 0.0631567 0.0730911 0.781993
1 0.524897 0.341907 0.0748858 0.0748899 0.781403
1 0.253161 0.782586 0.0725671 0.0727613 0.780836
2 0.954185 0.769779 0.0727581 0.0721657 0.780767
1 0.252028 0.483383 0.0710926 0.0703138 0.7804
2 0.975398 0.783681 0.0492033 0.0735526 0.780245
1 0.700101 0.223486 0.0745993 0.074515 0.780145
2 0.187511 0.83968 0.0729394 0.0725029 0.78013
0 0.333664 0.65569 0.0717142 0.0717201 0.776249
2 0.0868621 0.388422 0.073624 0.0732225 0.775915
1 0.956827 0.130824 0.0770027 0.0762466 0.771887
0 0.669447 0.56176 0.0728929 0.0722326 0.771749
1 0.894944 0.448589 0.0737431 0.0740147 0.771539
2 0.977363 0.765635 0.0449869 0.0736236 0.771462
1 0.39108 0.226835 0.0744978 0.0743259 0.771397
2 0.586146 0.492541 0.0723604 0.0727127 0.770817
2 0.0517269 0.756893 0.0724748 0.0725541 0.770363
1 0.0692304 0.785179 0.0747537 0.0742912 0.770168
1 0.25598 0.590368 0.0733804 0.0724818 0.76972
1 0.982439 0.722375 0.0350624 0.0727136 0.769322
2 0.128353 0.534996 0.0725105 0.0722996 0.767399
2 0.108788 0.618157 0.0731993 0.0738082 0.765502
0 0.41298 0.0191933 0.0713531 0.0383866 0.764571
1 0.418777 0.841056 0.0732783 0.0730255 0.764091
1 0.185723 0.0998052 0.0735196 0.0743517 0.764084
1 0.566498 0.0938906 0.0715927 0.0710593 0.763512
2 0.864973 0.952532 0.0732853 0.0731503 0.76318
1 0.704573 0.501066 0.073602 0.0730666 0.762803
1 0.105083 0.190562 0.0748612 0.0744742 0.762225
2 0.783329 0.0592097 0.0722284 0.0704678 0.762165
0 0.176275 0.968743 0.0708859 0.0625147 0.761871
0 0.338152 0.532023 0.0716054 0.0718739 0.761641
2 0.680266 0.786442 0.073782 0.0729977 0.761352
2 0.831972 0.777369 0.0732956 0.0730751 0.757976
1 0.894225 0.654324 0.0750738 0.0747095 0.756897
1 0.206373 0.67746 0.0737428 0.0739401 0.755554
0 0.409766 0.745857 0.0733587 0.0739223 0.751418
2 0.895138 0.531469 0.0746479 0.0745131 0.751276
0 0.655035 0.0790389 0.073278 0.0725538 0.751151
1 0.644831 0.551005 0.0738588 0.0733463 0.74806
1 0.16835 0.106228 0.0737808 0.0737497 0.743978
2 0.918959 0.161249 0.0746986 0.0749573 0.743854
1 0.682259 0.53355 0.0722755 0.0726672 0.74374
2 0.166633 0.0659543 0.0723594 0.0717544 0.742746
2 0.531108 0.486242 0.0752016 0.0743669 0.742244
1 0.21252 0.93239 0.0728217 0.0726921 0.741595
2 0.133514 0.828819 0.073651 0.0736605 0.741296
2 0.432268 0.42153 0.073897 0.0725771 0.741231
2 0.977572 0.314594 0.044223 0.0714491 0.740091
1 0.018483 0.119072 0.0369659 0.0751176 0.739351
1 0.978265 0.444354 0.042868 0.0698696 0.738618
1 0.0202396 0.505513 0.0404792 0.0699453 0.738539
1 0.12542 0.804603 0.0745493 0.0742708 0.735593
1 0.0900629 0.583639 0.0738447 0.0743115 0.735421
1 0.0298105 0.144933 0.0596209 0.073052 0.733966
2 0.849248 0.978374 0.0730679 0.0432247 0.733255
1 0.197349 0.583787 0.0701184 0.0722585 0.732306
1 0.672654 0.322288 0.073424 0.074015 0.731632
1 0.0426532 0.462466 0.0732516 0.0725895 0.730088
1 0.35991 0.323183 0.0721234 0.0723077 0.729674
2 0.849073 0.0257953 0.072205 0.0513489 0.728862
1 0.938865 0.506988 0.0747631 0.0747786 0.728527
2 0.491667 0.324338 0.0760782 0.0759697 0.728068
1 0.787234 0.506521 0.0756159 0.0744816 0.72746
1 0.0296256 0.524648 0.0590621 0.0723144 0.724395
2 0.258484 0.299039 0.0737758 0.0733776 0.721331
1 0.224536 0.403187 0.0727413 0.0724459 0.717988
1 0.80101 0.433685 0.0776972 0.0772055 0.715469
2 0.132592 0.228923 0.0752948 0.0750724 0.712219
2 0.018473 0.673671 0.0369127 0.072879 0.711901
2 0.842007 0.853476 0.0716969 0.0721033 0.710274
2 0.713219 0.681398 0.0726286 0.073225 0.707897
1 0.212446 0.9833 0.0721421 0.0333992 0.706972
2 0.981791 0.912663 0.0358933 0.072102 0.706195
1 0.842136 0.547911 0.0746132 0.074379 0.705733
1 0.880791 0.770093 0.0726738 0.0731783 0.704037
1 0.376823 0.385939 0.0713972 0.0721508 0.703306
2 0.55671 0.443389 0.0743347 0.0744981 0.699422
1 0.0171707 0.809624 0.0343413 0.0694799 0.697425
1 0.382147 0.873872 0.0730396 0.0732491 0.69618
2 0.311752 0.762706 0.0727335 0.072854 0.695563
2 0.835827 0.41906 0.0751236 0.0746844 0.695109
1 0.168024 0.845533 0.0735277 0.0736988 0.694797
2 0.917768 0.844525 0.0736389 0.0735859 0.694187
1 0.156871 0.892308 0.0721682 0.071966 0.692697
1 0.09586 0.884036 0.0726773 0.0725746 0.692571
2 0.539017 0.517512 0.0741068 0.0753014 0.692419
1 0.937978 0.404459 0.0747177 0.0748384 0.692127
2 0.0749843 0.59173 0.0731218 0.0729095 0.692082
1 0.969999 0.385054 0.0600016 0.0739112 0.6914
2 0.691532 0.882785 0.0713568 0.071047 0.691187
0 0.364345 0.0774464 0.0744127 0.0738213 0.690577
2 0.843288 0.809574 0.0744621 0.0743938 0.689965
2 0.18244 0.600692 0.0743116 0.0734619 0.689714
1 0.789749 0.775832 0.07293 0.0722246 0.688924
1 0.974162 0.550758 0.051677 0.0715804 0.687153
1 0.975643 0.574825 0.0484821 0.0726589 0.687086
0 0.439275 0.505156 0.0739811 0.0740376 0.685793
0 0.74446 0.0188586 0.0715517 0.0377171 0.685089
2 0.3469 0.620354 0.073138 0.0734343 0.684282
2 0.971473 0.967135 0.0570543 0.0655365 0.683956
1 0.943523 0.983897 0.0696178 0.0322054 0.680979
1 0.731864 0.308348 0.0744556 0.0739733 0.680307
2 0.383727 0.512786 0.0702069 0.0707295 0.680095
2 0.347011 0.687436 0.0717814 0.0713188 0.679111
1 0.400066 0.85558 0.0737134 0.0743473 0.678137
1 0.263208 0.968425 0.0708163 0.0629412 0.677313
1 0.109082 0.824759 0.0739531 0.0742708 0.677173
1 0.979257 0.876837 0.0414861 0.0724846 0.676055
2 0.869915 0.659193 0.0734024 0.0739018 0.675716
1 0.0305369 0.599597 0.0610738 0.0731176 0.675003
0 0.940752 0.240971 0.0761654 0.0758412 0.674307
2 0.663845 0.638479 0.0727161 0.0721757 0.672454
1 0.127426 0.932173 0.0733212 0.0733196 0.672394
0 0.893049 0.873874 0.0739038 0.0730143 0.671968
1 0.121678 0.907572 0.0712611 0.0702007 0.671885
2 0.698901 0.72618 0.0727255 0.0723341 0.670895
2 0.762685 0.0191324 0.0732386 0.0382647 0.670504
2 0.0512872 0.0178761 0.0733109 0.0357522 0.666351
1 0.611911 0.341905 0.0732692 0.0736266 0.66627
2 0.925404 0.790429 0.0719797 0.0721687 0.664633
0 0.0201344 0.0541001 0.0402689 0.074989 0.663453
1 0.120029 0.341245 0.0747606 0.0756663 0.663013
2 0.0190181 0.635285 0.0379809 0.0721864 0.661542
1 0.89263 0.725043 0.0733995 0.0730156 0.659265
1 0.697297 0.293254 0.0756371 0.0753718 0.652885
1 0.79391 0.818001 0.0738304 0.0732243 0.647642
1 0.702328 0.43907 0.0730614 0.0725773 0.646354
1 0.970499 0.505191 0.0590026 0.0744938 0.645981
2 0.91787 0.0247978 0.071438 0.0492086 0.644356
2 0.265732 0.35755 0.0741435 0.0736387 0.642228
1 0.0848749 0.801702 0.0741126 0.0745392 0.638526
0 0.567616 0.69566 0.0743455 0.0738981 0.638308
2 0.022093 0.464002 0.043873 0.072076 0.638226
1 0.247919 0.152709 0.0749423 0.0744307 0.636209
1 0.107423 0.781582 0.0736472 0.0736195 0.633602
1 0.66463 0.335735 0.0744175 0.0741986 0.631848
2 0.148365 0.143988 0.0750454 0.0749643 0.631403
2 0.161634 0.0181257 0.0722331 0.0362514 0.625333
1 0.762728 0.345775 0.0741352 0.0740794 0.625223
1 0.972313 0.520419 0.0553732 0.0703352 0.622554
0 0.521663 0.0202208 0.0697637 0.0404415 0.62218
2 0.608346 0.0627274 0.0728428 0.0712363 0.621986
1 0.137628 0.128276 0.0738931 0.0739535 0.621187
1 0.0720343 0.145795 0.0757294 0.0757683 0.618211
0 0.153339 0.868967 0.0733311 0.0732468 0.61779
1 0.547271 0.917203 0.0725394 0.0723415 0.615312
1 0.618904 0.773871 0.075003 0.0735783 0.615197
1 0.584227 0.934919 0.0728153 0.0725712 0.614759
2 0.146299 0.970908 0.0720561 0.058185 0.614386
1 0.115529 0.967717 0.0731087 0.0645662 0.612756
1 0.435371 0.266899 0.0735622 0.0730954 0.61234
0 0.603619 0.488414 0.0719675 0.0724859 0.60892
0 0.377964 0.0291979 0.071183 0.0582611 0.605156
2 0.361212 0.0171061 0.0723972 0.0342121 0.604275
1 0.238834 0.5713 0.0717335 0.0727072 0.603296
1 0.0265416 0.904488 0.0530831 0.072871 0.602755
2 0.0246207 0.64552 0.0492414 0.0728426 0.592292
1 0.716349 0.142503 0.0743341 0.0754213 0.591813
1 0.843254 0.356008 0.0754559 0.0754354 0.586995
2 0.421796 0.639153 0.0731781 0.0729261 0.586347
1 0.98246 0.409752 0.0350801 0.0735913 0.585396
2 0.169515 0.643911 0.0733613 0.0726856 0.584423
2 0.575667 0.67665 0.0715038 0.0728643 0.579635
2 0.887347 0.157275 0.0755005 0.0744279 0.579527
1 0.155922 0.801416 0.0743728 0.0741926 0.57889
2 0.91109 0.245736 0.075827 0.074868 0.578239
1 0.0240726 0.880061 0.0481021 0.0695003 0.577943
2 0.55792 0.618771 0.0726172 0.072171 0.574657
2 0.893291 0.873587 0.0726601 0.0728901 0.572706
1 0.234589 0.643014 0.0725777 0.0729733 0.571215
1 0.277469 0.89827 0.0718938 0.0721378 0.571151
2 0.117505 0.554903 0.073679 0.0735025 0.569454
2 0.0175132 0.547962 0.0349795 0.0730919 0.566434
1 0.975073 0.668522 0.0498537 0.073204 0.565708
1 0.952952 0.606998 0.0751205 0.0755632 0.565103
1 0.425178 0.214642 0.0741845 0.0734712 0.562785
1 0.230672 0.782971 0.0731492 0.0729919 0.562164
2 0.641973 0.850324 0.0727167 0.0720158 0.558368
2 0.320236 0.446486 0.0732524 0.0731703 0.557931
0 0.630252 0.387326 0.073656 0.0732402 0.557809
1 0.830906 0.686573 0.0725185 0.0724388 0.553105
2 0.725008 0.432586 0.0735907 0.0734135 0.552274
1 0.488853 0.83201 0.0717553 0.0713942 0.54977
2 0.978833 0.956063 0.0423339 0.0727886 0.539324
1 0.0240555 0.481541 0.0480909 0.0708636 0.538952
2 0.36473 0.076748 0.0733128 0.0731232 0.538252
1 0.985051 0.635482 0.0298971 0.0748167 0.537825
2 0.287643 0.681618 0.0713433 0.0717018 0.53686
2 0.179307 0.0169147 0.0728716 0.0338294 0.536382
2 0.580744 0.591067 0.0734566 0.0738615 0.531248
1 0.252935 0.818348 0.0730444 0.0726124 0.531197
2 0.0845033 0.018119 0.0727613 0.0361969 0.529069
1 0.750755 0.363261 0.0735542 0.0738682 0.527058
2 0.204454 0.0658914 0.071488 0.0714122 0.526942
2 0.978406 0.297589 0.0423511 0.0715011 0.526927
2 0.767534 0.794023 0.0741411 0.0743502 0.523618
1 0.713011 0.377255 0.071731 0.0730804 0.523137
2 0.0172894 0.775394 0.034434 0.0715597 0.521394
1 0.67192 0.438055 0.0728206 0.0728598 0.513256
2 0.973464 0.0560634 0.053071 0.0686494 0.513215
2 0.681423 0.896529 0.0719644 0.0712635 0.50934
1 0.964664 0.496133 0.0692352 0.072639 0.507896
1 0.587515 0.148747 0.0730227 0.0728792 0.507518
1 0.580056 0.109051 0.0722285 0.0722369 0.50637
2 0.55849 0.745078 0.0723322 0.0721355 0.503583
1 0.125459 0.101952 0.0734427 0.0737458 0.502046
1 0.984295 0.369477 0.0311575 0.0736177 0.501871
1 0.24376 0.44823 0.0709374 0.0716456 0.501798
